"age","female","metro","member","location","pilot","ID","last","cash","sat"
41,1,1,4,1,1,10001,51,0,5
52,1,1,4,1,1,10002,40,1,3
49,1,1,1,1,1,10003,45,1,1
45,1,1,3,1,1,10005,109,0,2
44,0,1,3,1,1,10007,48,0,2
54,1,1,3,1,1,10008,52,1,2
NA,1,1,2,1,1,10015,102,0,1
44,1,1,4,1,1,10019,42,0,3
46,1,1,2,1,1,10022,51,0,1
43,0,1,3,1,1,10023,101,0,3
44,1,1,1,1,1,10024,84,0,1
46,1,1,3,1,1,10025,61,0,1
47,1,1,3,1,1,10026,42,0,3
44,1,1,3,1,1,10027,49,0,1
56,1,1,1,1,1,10028,86,0,1
39,1,1,2,1,1,10030,83,0,1
44,0,1,3,1,1,10031,207,0,1
49,1,1,1,1,1,10032,140,0,1
42,1,1,4,1,1,10033,92,0,2
38,0,1,3,1,1,10034,103,0,5
50,1,1,2,1,1,10035,51,1,1
60,1,1,2,1,1,10037,83,1,1
43,1,1,1,1,1,10039,84,0,1
44,1,1,2,1,1,10042,90,0,1
56,1,1,1,1,1,10043,NA,NA,NA
47,1,1,4,1,1,10044,61,0,2
47,0,1,1,1,1,10046,90,0,1
45,0,1,2,1,1,10047,54,0,1
40,1,1,4,1,1,10048,63,0,3
48,1,1,1,1,1,10050,34,1,1
43,0,1,1,1,1,10051,100,0,1
52,1,1,4,1,1,10052,93,0,2
32,1,1,1,1,1,10054,86,0,1
47,1,1,2,1,1,10055,49,0,1
62,1,1,4,1,1,10056,43,1,5
44,0,1,1,1,1,10058,101,0,1
53,1,1,4,1,1,10059,41,1,5
51,1,1,2,1,1,10060,80,0,1
56,1,1,1,1,1,10061,78,0,1
57,1,1,4,1,1,10063,22,1,5
53,1,1,1,1,1,10065,28,1,2
40,1,1,2,1,1,10069,156,0,2
50,1,1,3,1,1,10071,31,0,1
NA,NA,1,3,1,1,10072,105,0,3
53,1,1,3,1,1,10074,43,1,1
45,1,1,2,1,1,10075,97,0,1
51,1,1,3,1,1,10076,77,0,3
45,1,1,2,1,1,10077,63,0,3
52,1,1,2,1,1,10079,101,0,1
53,1,1,2,1,1,10080,NA,NA,NA
46,1,1,1,1,1,10081,45,0,2
48,1,1,3,1,1,10082,36,1,1
49,1,1,1,1,1,10083,52,0,1
47,1,1,4,1,1,10084,64,0,3
49,1,1,4,1,1,10086,56,0,3
49,1,1,4,1,1,10087,74,0,4
59,1,1,4,1,1,10088,40,1,4
50,1,1,1,1,1,10089,59,0,1
56,1,1,3,1,1,10090,60,1,3
52,1,1,4,1,1,10092,NA,NA,NA
NA,NA,1,3,1,1,10093,105,0,3
42,1,1,4,1,1,10096,53,0,3
54,1,1,3,1,1,10097,33,1,1
50,1,1,3,1,1,10098,48,1,1
46,1,1,2,1,1,10099,43,0,1
60,1,1,1,1,1,10103,84,0,1
NA,NA,1,3,1,1,10104,95,0,1
63,0,1,4,1,1,10106,37,1,3
57,1,1,2,1,1,10108,62,0,2
42,1,1,1,1,1,10113,134,0,1
44,1,1,2,1,1,10114,58,0,1
40,1,1,1,1,1,10119,71,0,1
46,1,1,1,1,1,10120,75,0,1
60,1,1,1,1,1,10121,87,0,1
38,0,1,4,1,1,10122,31,0,1
42,1,1,2,1,1,10124,27,0,1
57,1,1,1,1,1,10125,NA,NA,NA
48,1,1,4,1,1,10126,35,1,3
55,1,1,1,1,1,10127,40,1,1
43,1,1,1,1,1,10128,66,0,1
59,1,1,1,1,1,10133,141,0,1
49,0,1,1,1,1,10134,62,0,1
48,1,1,1,1,1,10135,81,0,1
51,1,1,4,1,1,10136,NA,NA,NA
46,0,1,3,1,1,10137,109,0,4
60,1,1,3,1,1,10138,NA,NA,NA
43,1,1,2,1,1,10140,109,0,1
57,0,1,4,1,1,10141,51,1,3
51,0,1,4,1,1,10145,41,1,4
45,1,1,4,1,1,10146,68,0,3
39,1,1,3,1,1,10148,108,0,3
47,0,1,1,1,1,10150,105,0,1
60,1,1,3,1,1,10152,45,1,2
36,1,1,3,1,1,10153,147,0,1
48,1,1,3,1,1,10154,43,1,3
45,1,1,3,1,1,10156,NA,NA,NA
48,1,1,4,1,1,10157,41,1,2
43,1,1,2,1,1,10158,46,0,1
50,1,1,4,1,1,10159,103,0,3
52,0,1,3,1,1,10160,NA,NA,NA
67,1,1,2,1,1,10161,71,0,1
45,1,1,3,1,1,10163,28,1,1
47,1,1,1,1,1,10165,73,0,1
43,1,1,4,1,1,10166,36,0,3
48,0,1,2,1,1,10167,122,0,2
61,1,1,3,1,1,10168,61,0,2
47,1,1,4,1,1,10172,40,1,5
51,1,1,4,1,1,10174,48,1,1
42,1,1,2,1,1,10175,106,0,1
54,1,1,2,1,1,10176,NA,NA,NA
47,1,1,1,1,1,10177,49,0,1
52,1,1,1,1,1,10178,49,1,1
42,0,1,1,1,1,10179,47,0,1
50,1,1,1,1,1,10180,97,0,1
48,1,1,4,1,1,10181,154,0,1
44,1,1,1,1,1,10182,24,1,2
43,1,1,1,1,1,10183,82,0,1
44,1,1,1,1,1,10184,NA,NA,NA
51,1,1,4,1,1,10185,56,0,2
52,1,1,1,1,1,10186,57,0,1
64,1,1,2,1,1,10189,NA,NA,NA
35,0,1,2,1,1,10191,41,0,1
35,0,1,2,1,1,10193,114,0,1
46,0,1,3,1,1,10194,39,0,1
45,1,1,1,1,1,10195,146,0,1
42,1,1,3,1,1,10199,34,0,1
48,1,1,4,1,1,10204,106,0,1
45,1,1,2,1,1,10206,67,0,1
45,1,1,3,1,1,10208,97,0,3
56,0,1,1,1,1,10209,92,0,1
57,1,1,4,1,1,10211,102,0,3
40,1,1,1,1,1,10214,88,0,1
34,1,1,4,1,1,10215,22,0,3
51,0,1,2,1,1,10217,136,0,2
45,1,1,3,1,1,10218,47,0,2
58,0,1,2,1,1,10219,31,1,2
55,1,1,3,1,1,10220,99,0,2
47,0,1,3,1,1,10221,64,0,2
44,1,1,4,1,1,10224,153,0,5
49,1,1,3,1,1,10225,32,0,4
52,0,1,4,1,1,10227,92,0,3
46,0,1,1,1,1,10229,46,0,1
50,1,1,2,1,1,10230,67,0,2
53,1,1,3,1,1,10231,50,1,2
46,1,1,1,1,1,10234,96,0,1
45,1,1,3,1,1,10235,42,0,2
41,1,1,4,1,1,10236,44,0,4
51,1,1,3,1,1,10240,30,0,2
49,1,1,3,1,1,10241,49,0,3
55,0,1,1,1,1,10244,16,1,1
43,1,1,1,1,1,10246,165,0,1
47,1,1,2,1,1,10248,50,0,1
43,0,1,4,1,1,10249,55,0,3
39,1,1,1,1,1,10251,51,0,2
47,0,1,3,1,1,10252,87,0,2
56,1,1,2,1,1,10254,88,0,1
45,1,1,4,1,1,10255,43,0,5
NA,1,1,1,1,1,10259,121,0,1
53,0,1,1,1,1,10260,119,0,2
51,1,1,4,1,1,10261,105,0,5
55,1,1,1,1,1,10262,67,0,1
55,1,1,2,1,1,10263,112,0,1
51,1,1,2,1,1,10265,91,0,1
50,1,1,1,1,1,10266,46,1,1
47,1,1,2,1,1,10267,954,0,3
52,0,1,2,1,1,10268,107,0,1
48,0,1,3,1,1,10270,61,0,2
50,1,1,1,1,1,10271,67,0,2
38,1,1,2,1,1,10274,42,0,1
48,1,1,3,1,1,10275,79,0,2
43,1,1,3,1,1,10276,147,0,4
45,0,1,3,1,1,10278,422,0,3
46,1,1,3,1,1,10279,55,0,1
51,1,1,3,1,1,10280,95,0,1
54,1,1,2,1,1,10281,58,1,1
49,1,1,2,1,1,10283,84,0,1
52,1,1,3,1,1,10285,401,0,2
37,1,1,2,1,1,10287,81,0,1
55,1,1,3,1,1,10288,100,0,1
45,1,1,4,1,1,10290,101,0,3
48,1,1,4,1,1,10291,NA,NA,NA
51,1,1,1,1,1,10293,112,0,1
46,1,1,1,1,1,10294,31,1,1
44,1,1,3,1,1,10295,8,1,5
42,1,1,3,1,1,10297,59,0,1
47,1,1,1,1,1,10298,670,0,1
57,1,1,4,1,1,10299,78,0,4
56,1,1,4,1,1,10301,120,0,3
51,1,1,3,1,1,10303,124,0,1
46,1,1,4,1,1,10304,80,0,4
46,1,1,4,1,1,10305,48,0,3
43,1,1,1,1,1,10306,98,0,4
52,1,1,3,1,1,10309,91,0,1
50,0,1,2,1,1,10310,34,0,1
NA,NA,1,2,1,1,10314,42,0,1
48,0,1,1,1,1,10315,98,0,1
35,1,1,2,1,1,10316,46,0,1
53,1,1,2,1,1,10317,38,1,4
55,1,1,3,1,1,10318,102,0,3
53,0,1,4,1,1,10319,54,1,2
46,1,1,2,1,1,10320,94,0,1
52,1,1,1,1,1,10323,84,0,1
NA,NA,1,3,1,1,10324,35,0,2
47,0,1,4,1,1,10327,89,0,3
55,0,1,2,1,1,10330,NA,NA,NA
49,1,1,4,1,1,10332,93,0,5
40,1,1,4,1,1,10333,42,0,1
37,1,1,2,1,1,10334,46,0,2
46,1,1,1,1,1,10335,91,0,1
44,1,1,2,1,1,10336,45,0,3
NA,0,1,3,1,1,10337,28,0,1
57,1,1,4,1,1,10339,21,1,3
46,0,1,3,1,1,10342,47,0,2
46,1,1,2,1,1,10344,96,0,2
47,1,1,3,1,1,10345,173,0,2
58,1,1,3,1,1,10348,NA,NA,NA
49,1,1,4,1,1,10349,37,1,2
NA,0,1,1,1,1,10350,NA,NA,NA
57,1,1,4,1,1,10352,NA,NA,NA
48,1,1,4,1,1,10353,93,0,3
53,1,1,2,1,1,10354,64,0,1
46,1,1,4,1,1,10355,35,1,2
46,1,1,3,1,1,10356,67,0,1
44,1,1,4,1,1,10357,82,0,1
49,1,1,3,1,1,10358,110,0,4
37,1,1,4,1,1,10359,44,0,5
47,0,1,3,1,1,10360,41,0,5
45,1,1,3,1,1,10361,80,0,1
52,1,1,2,1,1,10362,114,0,1
57,1,1,2,1,1,10366,NA,NA,NA
45,1,1,1,1,1,10368,164,0,4
55,1,1,4,1,1,10369,49,1,3
49,0,1,4,1,1,10370,47,0,3
56,1,1,4,1,1,10372,89,0,4
49,1,1,3,1,1,10373,NA,NA,NA
46,1,1,1,1,1,10379,56,0,1
45,1,1,2,1,1,10380,90,0,3
48,1,1,1,1,1,10381,174,0,1
55,1,1,3,1,1,10383,56,1,1
43,1,1,1,1,1,10384,70,0,1
57,1,1,4,1,1,10385,57,1,4
48,1,1,1,1,1,10386,41,1,1
37,1,1,2,1,1,10387,45,0,1
42,1,1,3,1,1,10388,806,0,2
58,1,1,1,1,1,10389,43,1,1
46,1,1,4,1,1,10391,137,0,3
45,0,1,3,1,1,10394,64,0,2
41,1,1,1,1,1,10395,56,0,1
51,1,1,4,1,1,10398,31,1,3
56,1,1,1,1,1,10399,97,0,4
49,1,1,2,1,1,10401,106,0,1
49,1,1,3,1,1,10402,107,0,3
50,0,1,4,1,1,10404,92,0,1
41,1,1,1,1,1,10406,91,0,1
46,0,1,2,1,1,10407,286,0,1
45,0,1,1,1,1,10409,69,0,1
46,0,1,4,1,1,10413,44,0,3
40,0,1,2,1,1,10415,99,0,1
44,0,1,2,1,1,10416,40,0,1
47,1,1,4,1,1,10417,48,0,3
50,1,1,1,1,1,10418,76,0,1
43,0,1,1,1,1,10419,99,0,1
46,1,1,4,1,1,10420,58,0,5
45,1,1,1,1,1,10421,42,0,1
53,1,1,1,1,1,10422,61,0,1
53,1,1,3,1,1,10423,86,0,1
43,1,1,2,1,1,10425,448,0,1
57,0,1,1,1,1,10426,53,1,1
50,1,1,3,1,1,10427,46,1,1
54,1,1,2,1,1,10428,37,0,2
48,0,1,2,1,1,10429,172,0,3
58,1,1,1,1,1,10430,52,1,1
NA,1,1,4,1,1,10433,99,0,1
63,1,1,3,1,1,10434,44,1,1
44,1,1,4,1,1,10435,82,0,3
52,0,1,1,1,1,10437,45,1,1
47,1,1,1,1,1,10438,82,0,1
45,1,1,2,1,1,10440,55,0,1
48,1,1,3,1,1,10441,668,0,1
38,1,1,4,1,1,10442,56,0,4
53,0,1,3,1,1,10443,90,0,1
55,1,1,2,1,1,10446,91,0,3
49,1,1,3,1,1,10449,41,0,3
49,0,1,4,1,1,10451,44,1,3
51,0,1,1,1,1,10452,76,0,4
56,1,1,2,1,1,10453,42,1,1
46,1,1,4,1,1,10455,41,0,2
37,0,1,3,1,1,10456,64,0,2
36,0,1,4,1,1,10461,56,0,3
42,0,1,1,1,1,10463,85,0,1
54,1,1,3,1,1,10465,43,0,2
52,1,1,3,1,1,10466,49,1,2
45,1,1,1,1,1,10467,102,0,1
51,0,1,4,1,1,10470,NA,NA,NA
43,1,1,1,1,1,10472,26,1,1
57,1,1,4,1,1,10473,16,1,5
44,0,1,1,1,1,10474,79,0,1
49,1,1,3,1,1,10475,102,0,1
51,1,1,3,1,1,10476,26,1,1
46,1,1,4,1,1,10477,102,0,5
47,0,1,2,1,1,10479,57,0,1
46,1,1,2,1,1,10480,NA,NA,NA
49,1,1,3,1,1,10482,79,0,1
54,1,1,3,1,1,10484,NA,NA,NA
45,1,1,2,1,1,10485,44,0,1
51,1,1,2,1,1,10486,51,1,1
50,1,1,1,1,1,10487,22,0,2
45,1,1,1,1,1,10489,83,0,1
52,1,1,3,1,1,10490,127,0,1
54,1,1,2,1,1,10491,84,0,1
40,0,1,2,1,1,10493,55,0,1
54,1,1,2,1,1,10494,68,0,1
52,1,1,2,1,1,10496,84,0,1
NA,1,1,1,1,1,10497,102,0,1
45,0,1,3,1,1,10499,53,0,2
38,1,1,2,1,1,10500,39,0,1
47,1,1,1,1,1,10501,62,0,1
47,1,1,1,1,1,10502,63,0,1
44,1,1,3,1,1,10503,15,1,2
40,1,1,4,1,1,10504,104,0,4
46,0,1,1,1,1,10508,NA,NA,NA
50,0,1,4,1,1,10510,84,0,1
43,1,1,2,1,1,10511,76,0,2
51,1,1,2,1,1,10513,61,0,3
57,1,1,2,1,1,10514,96,0,3
42,0,1,4,1,1,10515,73,0,3
52,1,1,3,1,1,10516,91,0,1
52,1,1,3,1,1,10517,104,0,2
52,1,1,1,1,1,10518,31,0,1
51,1,1,2,1,1,10520,79,0,1
42,1,1,1,1,1,10521,63,0,1
48,1,1,3,1,1,10523,154,0,3
44,0,1,4,1,1,10525,100,0,2
45,1,1,2,1,1,10526,72,0,1
49,1,1,1,1,1,10527,73,0,3
48,0,1,4,1,1,10528,61,0,4
40,1,1,1,1,1,10529,82,0,3
53,1,1,1,1,1,10530,68,0,1
53,1,1,3,1,1,10531,32,0,1
45,1,1,1,1,1,10533,83,0,1
46,1,1,1,1,1,10536,NA,NA,NA
55,1,1,4,1,1,10537,34,1,2
44,1,1,1,1,1,10538,85,0,2
57,0,1,4,1,1,10542,NA,NA,NA
49,1,1,3,1,1,10543,433,0,3
NA,1,1,2,1,1,10544,107,0,1
47,1,1,3,1,1,10545,NA,NA,NA
50,1,1,1,1,1,10546,50,0,1
53,1,1,4,1,1,10548,59,1,2
41,0,1,3,1,1,10549,41,0,1
47,1,1,4,1,1,10551,105,0,4
60,1,1,2,1,1,10552,NA,NA,NA
37,1,1,3,1,1,10557,43,0,3
58,1,1,3,1,1,10562,48,0,5
36,0,1,2,1,1,10563,91,0,1
49,1,1,2,1,1,10564,108,0,2
NA,NA,1,2,1,1,10566,81,0,1
46,1,1,1,1,1,10567,105,0,1
55,1,1,3,1,1,10568,53,1,1
59,0,1,2,1,1,10569,NA,NA,NA
53,1,1,4,1,1,10571,52,1,5
57,1,1,4,1,1,10572,43,0,1
55,1,1,2,1,1,10574,107,0,4
49,1,1,4,1,1,10575,56,0,3
49,1,1,1,1,1,10576,96,0,2
47,1,1,2,1,1,10578,98,0,1
NA,1,1,3,1,1,10582,45,1,2
43,1,1,1,1,1,10584,82,0,1
50,0,1,1,1,1,10585,35,1,1
53,0,1,2,1,1,10587,38,1,1
43,1,1,1,1,1,10588,96,0,1
49,1,1,4,1,1,10594,61,0,4
48,1,1,3,1,1,10597,42,1,2
52,1,1,2,1,1,10599,NA,NA,NA
49,0,1,1,1,1,10601,57,0,1
54,1,1,4,1,1,10602,48,1,4
42,1,1,1,1,1,10605,104,0,1
37,0,1,2,1,1,10607,70,0,2
59,1,1,2,1,1,10608,NA,NA,NA
50,1,1,1,1,1,10611,97,0,1
49,1,1,4,1,1,10612,108,0,5
49,0,1,2,1,1,10613,49,0,1
53,0,1,1,1,1,10616,NA,NA,NA
51,0,1,2,1,1,10620,103,0,1
49,0,1,4,1,1,10622,42,1,4
53,1,1,2,1,1,10623,212,0,2
44,1,1,2,1,1,10624,37,0,1
44,1,1,1,1,1,10625,65,0,3
46,1,1,2,1,1,10626,21,1,1
55,1,1,4,1,1,10627,69,0,3
39,1,1,1,1,1,10629,136,0,1
41,1,1,4,1,1,10631,105,0,5
47,0,1,3,1,1,10633,46,0,3
59,0,1,2,1,1,10634,107,0,1
50,1,1,3,1,1,10635,NA,NA,NA
43,1,1,3,1,1,10636,82,0,2
52,1,1,4,1,1,10637,62,0,4
34,1,1,2,1,1,10641,65,0,1
46,1,1,3,1,1,10642,63,0,1
45,1,1,1,1,1,10643,74,0,1
38,1,1,1,1,1,10644,109,0,1
50,1,1,4,1,1,10646,57,0,1
47,1,1,4,1,1,10647,103,0,4
45,1,1,2,1,1,10648,62,0,1
38,1,1,3,1,1,10650,71,0,4
53,1,1,1,1,1,10651,59,1,1
53,1,1,3,1,1,10652,65,0,3
48,1,1,1,1,1,10654,33,1,1
54,1,1,3,1,1,10657,45,1,1
51,0,1,1,1,1,10658,96,0,2
55,0,1,3,1,1,10660,41,1,3
51,1,1,4,1,1,10661,52,1,3
47,1,1,1,1,1,10663,132,0,1
57,1,1,1,1,1,10667,102,0,1
46,1,1,4,1,1,10669,139,0,5
60,1,1,3,1,1,10670,146,0,1
57,0,1,2,1,1,10671,44,1,2
42,1,1,4,1,1,10672,48,0,3
56,1,1,2,1,1,10676,NA,NA,NA
42,1,1,3,1,1,10681,42,0,2
39,1,1,4,1,1,10683,47,0,4
44,0,1,1,1,1,10684,40,0,1
57,1,1,2,1,1,10685,80,0,3
43,1,1,1,1,1,10686,59,0,1
51,1,1,1,1,1,10687,33,0,1
37,1,1,3,1,1,10688,37,0,1
34,0,1,4,1,1,10689,80,0,4
56,1,1,4,1,1,10692,50,1,3
48,1,1,4,1,1,10695,46,0,3
43,1,1,2,1,1,10696,59,0,2
53,1,1,4,1,1,10700,NA,NA,NA
45,1,1,2,1,1,10701,84,0,1
48,1,1,4,1,1,10702,107,0,3
32,1,1,1,1,1,10703,43,0,3
44,1,1,1,1,1,10705,36,0,1
58,1,1,1,1,1,10707,64,0,1
56,1,1,3,1,1,10708,31,1,3
53,0,1,3,1,1,10712,94,0,1
44,0,1,1,1,1,10713,84,0,1
49,0,1,1,1,1,10714,48,0,1
50,1,1,2,1,1,10715,83,0,1
41,1,1,2,1,1,10719,61,0,1
51,1,1,3,1,1,10721,81,0,2
37,1,1,2,1,1,10722,48,0,1
50,1,1,2,1,1,10725,57,0,2
46,0,1,2,1,1,10727,53,0,1
54,1,1,2,1,1,10728,157,0,1
49,1,1,4,1,1,10730,56,0,3
49,1,1,1,1,1,10731,48,0,1
43,0,1,2,1,1,10732,55,0,1
51,1,1,4,1,1,10733,NA,NA,NA
51,1,1,4,1,1,10735,87,0,3
41,1,1,1,1,1,10736,51,0,1
47,1,1,3,1,1,10737,91,0,2
44,1,1,1,1,1,10739,40,0,1
55,1,1,1,1,1,10740,150,0,1
54,1,1,1,1,1,10742,43,1,1
45,0,1,1,1,1,10743,42,0,1
48,1,1,3,1,1,10744,NA,NA,NA
42,1,1,4,1,1,10745,41,0,5
49,1,1,3,1,1,10747,149,0,1
50,1,1,4,1,1,10748,51,1,3
61,1,1,3,1,1,10749,NA,NA,NA
49,1,1,3,1,1,10750,106,0,2
36,1,1,1,1,1,10751,48,0,2
49,1,1,1,1,1,10753,103,0,1
39,1,1,3,1,1,10755,82,0,1
53,1,1,4,1,1,10756,112,0,3
51,0,1,1,1,1,10757,34,1,1
46,1,1,4,1,1,10758,69,0,2
58,0,1,1,1,1,10759,NA,NA,NA
57,1,1,3,1,1,10760,52,1,2
33,1,1,4,1,1,10762,105,0,3
57,0,1,1,1,1,10763,74,0,2
42,1,1,1,1,1,10764,117,0,4
54,1,1,2,1,1,10765,56,0,1
61,0,1,2,1,1,10766,39,1,2
39,1,1,4,1,1,10767,50,0,3
43,1,1,4,1,1,10769,42,0,1
56,1,1,2,1,1,10770,81,0,1
59,1,1,4,1,1,10771,NA,NA,NA
56,1,1,2,1,1,10772,69,1,1
47,0,1,4,1,1,10773,108,0,4
52,1,1,1,1,1,10774,42,1,1
49,0,1,2,1,1,10776,62,0,2
42,1,1,3,1,1,10779,80,0,2
38,1,1,4,1,1,10780,103,0,5
55,1,1,1,1,1,10781,61,1,1
33,0,1,2,1,1,10782,146,0,1
52,0,1,4,1,1,10785,47,1,4
62,0,1,1,1,1,10786,28,1,1
51,0,1,4,1,1,10787,403,0,5
54,1,1,2,1,1,10788,50,1,1
41,1,1,1,1,1,10789,83,0,2
44,1,1,2,1,1,10790,104,0,1
51,1,1,2,1,1,10792,41,1,1
46,1,1,2,1,1,10793,75,0,1
44,1,1,3,1,1,10794,78,0,2
47,1,1,4,1,1,10795,149,0,4
51,1,1,4,1,1,10796,54,0,5
43,1,1,1,1,1,10797,NA,NA,NA
51,0,1,1,1,1,10798,91,0,1
47,0,1,1,1,1,10799,66,0,1
48,0,1,4,1,1,10800,49,0,3
54,1,1,1,1,1,10801,46,1,1
59,1,1,1,1,1,10802,46,1,1
46,1,1,3,1,1,10807,65,0,2
43,0,1,4,1,1,10808,40,0,3
52,1,1,4,1,1,10809,218,0,3
51,1,1,2,1,1,10811,43,1,1
56,1,1,3,1,1,10812,23,1,2
43,1,1,1,1,1,10815,71,0,1
56,1,1,4,1,1,10816,NA,NA,NA
54,1,1,2,1,1,10817,100,0,3
45,0,1,3,1,1,10818,30,0,2
56,1,1,2,1,1,10820,165,0,1
53,1,1,2,1,1,10821,27,1,1
41,1,1,1,1,1,10822,40,0,1
43,1,1,4,1,1,10823,103,0,3
40,1,1,4,1,1,10825,74,0,3
61,1,1,2,1,1,10826,105,0,1
47,1,1,3,1,1,10828,87,0,1
56,1,1,4,1,1,10829,55,1,3
58,1,1,1,1,1,10830,60,0,3
50,0,1,3,1,1,10831,78,0,3
48,1,1,1,1,1,10832,86,0,1
55,1,1,3,1,1,10837,63,1,1
49,1,1,4,1,1,10838,56,0,2
39,1,1,2,1,1,10840,58,0,1
52,1,1,3,1,1,10845,156,0,3
42,1,1,4,1,1,10846,31,0,5
42,1,1,4,1,1,10847,102,0,4
52,0,1,4,1,1,10849,57,0,2
44,1,1,3,1,1,10851,44,0,2
46,1,1,3,1,1,10852,72,0,3
45,1,1,2,1,1,10854,83,0,1
39,1,1,3,1,1,10855,22,0,2
46,1,1,2,1,1,10857,111,0,1
34,1,1,1,1,1,10859,101,0,1
39,1,1,1,1,1,10860,NA,NA,NA
47,1,1,3,1,1,10861,61,0,1
46,1,1,1,1,1,10863,87,0,1
50,1,1,3,1,1,10864,NA,NA,NA
51,1,1,4,1,1,10865,49,1,3
55,1,1,3,1,1,10866,78,0,1
49,0,1,2,1,1,10868,NA,NA,NA
54,1,1,2,1,1,10869,63,1,1
38,0,1,4,1,1,10871,100,0,1
54,1,1,1,1,1,10872,61,0,1
40,1,1,3,1,1,10873,52,0,3
46,1,1,4,1,1,10874,54,0,3
50,1,1,1,1,1,10875,135,0,1
44,1,1,4,1,1,10876,62,0,2
57,1,1,1,1,1,10880,NA,NA,NA
49,0,1,1,1,1,10881,80,0,1
52,1,1,1,1,1,10882,93,0,1
52,1,1,4,1,1,10883,34,1,3
46,0,1,2,1,1,10884,64,0,1
38,1,1,4,1,1,10886,46,0,3
43,0,1,4,1,1,10887,70,0,4
46,0,1,4,1,1,10888,48,0,3
38,1,1,4,1,1,10893,45,0,3
50,1,1,3,1,1,10895,26,1,5
43,1,1,2,1,1,10896,63,0,1
35,0,1,2,1,1,10897,30,0,1
50,1,1,1,1,1,10902,19,1,1
33,1,1,3,1,1,10903,88,0,3
58,1,1,1,1,1,10904,83,0,1
63,1,1,1,1,1,10905,78,0,1
40,1,1,4,1,1,10910,101,0,4
46,0,1,1,1,1,10911,67,0,1
44,0,1,1,1,1,10916,81,0,1
70,0,1,1,1,1,10917,93,1,1
54,1,1,4,1,1,10918,102,0,4
51,0,1,2,1,1,10920,96,0,2
41,1,1,3,1,1,10922,55,0,5
42,1,1,4,1,1,10923,74,0,4
NA,1,1,4,1,1,10924,60,0,3
42,1,1,2,1,1,10925,148,0,1
50,0,1,1,1,1,10926,122,0,3
48,1,1,4,1,1,10927,40,1,3
48,1,1,2,1,1,10928,60,0,1
52,1,1,3,1,1,10931,46,1,3
43,1,1,4,1,1,10933,43,0,3
45,1,1,1,1,1,10934,94,0,1
55,1,1,1,1,1,10935,707,0,1
54,1,1,3,1,1,10936,72,0,3
42,0,1,3,1,1,10939,76,0,3
43,1,1,1,1,1,10944,48,0,2
45,1,1,3,1,1,10945,NA,NA,NA
35,1,1,1,1,1,10948,54,0,1
48,0,1,1,1,1,10950,71,0,1
46,1,1,4,1,1,10952,51,0,1
54,1,1,4,1,1,10954,40,1,4
55,1,1,4,1,1,10955,46,0,4
59,1,1,1,1,1,10956,37,1,3
40,1,1,1,1,1,10957,40,0,1
43,1,1,1,1,1,10958,46,0,1
47,1,1,1,1,1,10959,90,0,1
57,1,1,2,1,1,10962,89,0,1
51,0,1,3,1,1,10963,158,0,3
46,1,1,2,1,1,10964,119,0,1
NA,1,1,3,1,1,10966,49,0,4
46,1,1,2,1,1,10967,72,0,1
41,0,1,1,1,1,10969,100,0,1
35,1,1,2,1,1,10970,39,0,1
54,1,1,1,1,1,10971,77,0,2
47,1,1,1,1,1,10973,38,1,2
55,0,1,4,1,1,10974,48,1,3
58,1,1,1,1,1,10975,118,0,1
63,1,1,3,1,1,10976,NA,NA,NA
51,1,1,4,1,1,10977,80,0,4
51,1,1,2,1,1,10978,146,0,2
46,0,1,3,1,1,10981,252,0,2
49,0,1,3,1,1,10983,24,1,2
53,1,1,4,1,1,10985,106,0,5
56,0,1,1,1,1,10986,55,1,1
51,1,1,4,1,1,10987,101,0,4
47,0,1,2,1,1,10988,82,0,1
44,1,1,2,1,1,10991,809,0,2
51,0,1,3,1,1,10994,67,0,3
46,1,1,2,1,1,10997,91,0,1
49,1,1,4,1,1,10998,31,1,3
38,1,1,4,1,1,11000,25,0,3
40,1,1,1,1,1,11001,44,0,1
37,1,1,3,1,1,11004,99,0,1
44,1,1,1,1,1,11005,57,0,1
46,0,1,2,1,1,11008,67,0,1
46,1,1,2,1,1,11009,100,0,1
41,1,1,3,1,1,11011,48,0,1
49,1,1,3,1,1,11012,31,0,4
47,1,1,2,1,1,11013,28,1,1
46,0,1,4,1,1,11014,102,0,5
55,1,1,3,1,1,11015,NA,NA,NA
45,1,1,1,1,1,11016,125,0,1
47,0,1,3,1,1,11018,30,1,3
NA,NA,1,3,1,1,11021,83,0,2
61,1,1,2,1,1,11022,30,1,1
55,0,1,2,1,1,11025,90,0,2
NA,NA,1,4,1,1,11026,49,1,1
53,0,1,1,1,1,11029,23,1,2
49,0,1,2,1,1,11030,55,0,1
45,1,1,1,1,1,11034,56,0,1
48,1,1,4,1,1,11035,53,0,1
58,0,1,4,1,1,11036,NA,NA,NA
36,1,1,3,1,1,11037,22,0,1
55,1,1,4,1,1,11038,111,0,4
44,0,1,1,1,1,11039,40,0,1
47,1,1,3,1,1,11041,73,0,1
53,1,1,1,1,1,11042,51,1,2
38,1,1,4,1,1,11044,40,0,1
47,1,1,4,1,1,11045,32,1,3
50,1,1,4,1,1,11046,34,0,4
46,1,1,2,1,1,11050,48,0,2
45,1,1,2,1,1,11051,100,0,1
48,1,1,2,1,1,11055,77,0,1
51,1,1,2,1,1,11056,53,0,1
40,1,1,1,1,1,11060,102,0,1
41,1,1,2,1,1,11061,62,0,2
57,1,1,4,1,1,11062,34,1,3
62,1,1,1,1,1,11064,85,1,1
45,1,1,1,1,1,11065,48,0,1
44,1,1,1,1,1,11067,52,0,1
49,1,1,2,1,1,11068,77,0,1
50,1,1,3,1,1,11069,48,1,1
46,1,1,4,1,1,11072,59,0,4
48,1,1,2,1,1,11073,110,0,2
44,1,1,3,1,1,11074,52,0,4
50,0,1,4,1,1,11076,77,0,5
46,1,1,2,1,1,11082,41,0,1
41,0,1,2,1,1,11083,27,0,1
43,1,1,3,1,1,11084,68,0,2
37,0,1,3,1,1,11085,103,0,4
49,1,1,3,1,1,11086,NA,NA,NA
45,0,1,2,1,1,11088,91,0,1
54,1,1,3,1,1,11089,306,0,4
47,0,1,2,1,1,11090,94,0,1
46,1,1,3,1,1,11091,61,0,3
51,1,1,1,1,1,11092,24,1,1
54,1,1,1,1,1,11095,143,0,2
43,1,1,1,1,1,11098,68,0,1
NA,1,1,1,1,1,11100,57,0,3
54,1,1,4,1,1,11101,89,0,3
57,1,1,3,1,1,11103,40,0,2
57,0,1,2,1,1,11105,87,0,1
41,1,1,3,1,1,11106,77,0,1
53,1,1,2,1,1,11107,42,1,2
54,1,1,2,1,1,11108,106,0,1
58,1,1,2,1,1,11109,83,0,3
41,1,1,4,1,1,11110,82,0,3
52,1,1,2,1,1,11111,81,0,1
46,1,1,3,1,1,11114,87,0,1
47,1,1,4,1,1,11115,37,1,2
50,1,1,2,1,1,11116,85,0,1
49,1,1,4,1,1,11117,102,0,5
37,1,1,3,1,1,11118,48,0,1
49,1,1,4,1,1,11119,54,0,1
39,1,1,4,1,1,11120,65,0,3
40,1,1,1,1,1,11123,52,0,1
55,1,1,1,1,1,11125,106,0,1
46,1,1,1,1,1,11126,135,0,1
33,1,1,1,1,1,11128,51,0,2
46,0,1,3,1,1,11129,23,1,1
52,1,1,4,1,1,11131,56,1,4
43,0,1,2,1,1,11132,NA,NA,NA
36,1,1,1,1,1,11134,49,0,1
50,1,1,1,1,1,11135,70,0,3
43,0,1,2,1,1,11139,59,0,1
NA,0,1,3,1,1,11140,70,0,2
42,0,1,2,1,1,11142,36,0,1
50,1,1,2,1,1,11145,157,0,3
49,0,1,1,1,1,11147,203,0,1
53,0,1,3,1,1,11148,96,0,4
53,1,1,2,1,1,11150,77,0,1
46,1,1,1,1,1,11151,46,0,1
45,1,1,3,1,1,11152,NA,NA,NA
50,0,1,1,1,1,11153,41,1,1
55,1,1,2,1,1,11156,NA,NA,NA
53,1,1,3,1,1,11158,NA,NA,NA
42,1,1,4,1,1,11160,37,0,1
38,1,1,3,1,1,11162,56,0,3
62,1,1,1,1,1,11163,90,0,2
53,1,1,1,1,1,11164,NA,NA,NA
34,1,1,2,1,1,11167,67,0,1
49,1,1,4,1,1,11170,31,0,3
42,1,1,3,1,1,11171,104,0,2
41,1,1,3,1,1,11173,32,0,3
44,1,1,2,1,1,11174,103,0,2
44,1,1,4,1,1,11175,105,0,5
56,1,1,2,1,1,11177,77,0,1
50,1,1,1,1,1,11181,25,1,2
35,1,1,3,1,1,11185,51,0,2
50,1,1,3,1,1,11186,115,0,3
40,1,1,2,1,1,11187,105,0,1
47,0,1,1,1,1,11189,37,1,1
46,1,1,4,1,1,11190,91,0,5
46,1,1,4,1,1,11191,52,0,3
49,1,1,2,1,1,11192,98,0,1
48,1,1,2,1,1,11193,NA,NA,NA
56,1,1,1,1,1,11194,24,1,1
NA,NA,1,3,1,1,11196,40,0,2
38,1,1,1,1,1,11199,99,0,1
47,0,1,1,1,1,11200,NA,NA,NA
44,1,1,1,1,1,11201,100,0,2
NA,NA,1,4,1,1,11203,46,1,1
37,1,1,3,1,1,11206,24,0,2
46,1,1,3,1,1,11207,144,0,3
42,0,1,2,1,1,11209,32,0,1
59,1,1,4,1,1,11210,27,1,3
42,1,1,3,1,1,11211,45,0,2
55,1,1,3,1,1,11215,52,0,3
42,1,1,3,1,1,11219,44,0,5
46,1,1,2,1,1,11221,79,0,1
34,0,1,1,1,1,11222,111,0,1
49,1,1,3,1,1,11223,805,0,2
42,0,1,2,1,1,11225,62,0,3
52,1,1,1,1,1,11228,51,1,1
48,1,1,2,1,1,11229,89,0,1
56,1,1,1,1,1,11231,75,0,1
47,1,1,2,1,1,11232,40,1,1
35,1,1,3,1,1,11233,55,0,2
40,1,1,3,1,1,11234,46,0,2
49,0,1,3,1,1,11235,120,0,2
45,1,1,4,1,1,11239,65,0,1
55,1,1,2,1,1,11241,82,0,1
45,1,1,4,1,1,11246,97,0,2
40,1,1,4,1,1,11247,102,0,3
39,1,1,4,1,1,11248,40,0,4
56,1,1,2,1,1,11250,NA,NA,NA
54,0,1,1,1,1,11251,93,0,1
49,1,1,2,1,1,11254,78,0,1
41,1,1,3,1,1,11257,50,0,4
47,1,1,2,1,1,11260,17,0,1
44,1,1,1,1,1,11261,103,0,2
49,1,1,1,1,1,11263,60,0,1
43,1,1,1,1,1,11264,42,0,1
56,1,1,4,1,1,11271,NA,NA,NA
46,1,1,3,1,1,11275,51,0,2
47,0,1,2,1,1,11277,104,0,1
40,1,1,1,1,1,11278,102,0,1
39,1,1,2,1,1,11280,100,0,1
41,1,1,1,1,1,11281,106,0,1
45,1,1,1,1,1,11286,NA,NA,NA
47,1,1,1,1,1,11288,41,0,1
57,1,1,4,1,1,11289,55,1,2
NA,NA,1,2,1,1,11290,NA,NA,NA
46,1,1,1,1,1,11293,70,0,2
43,1,1,3,1,1,11294,111,0,1
51,0,1,2,1,1,11295,68,0,1
51,0,1,4,1,1,11296,55,0,3
55,1,1,3,1,1,11297,33,1,3
48,1,1,4,1,1,11300,88,0,5
57,1,1,1,1,1,11303,NA,NA,NA
35,1,1,1,1,1,11305,41,0,1
42,1,1,3,1,1,11306,52,0,3
51,0,1,4,1,1,11307,87,0,4
44,1,1,4,1,1,11309,102,0,3
45,1,1,2,1,1,11311,47,0,1
51,1,1,1,1,1,11312,112,0,1
62,1,1,4,1,1,11314,60,1,3
46,1,1,3,1,1,11315,89,0,1
47,1,1,3,1,1,11317,106,0,4
46,1,1,4,1,1,11318,33,1,5
50,1,1,3,1,1,11319,73,0,3
51,1,1,1,1,1,11320,41,1,1
53,1,1,2,1,1,11322,36,1,2
59,1,1,1,1,1,11323,75,1,2
49,1,1,2,1,1,11325,81,0,1
59,1,1,4,1,1,11327,56,0,4
43,1,1,1,1,1,11328,41,0,1
40,1,1,1,1,1,11329,86,0,1
NA,1,1,2,1,1,11330,22,0,2
51,1,1,4,1,1,11331,108,0,4
NA,1,1,2,1,1,11332,83,0,1
52,1,1,1,1,1,11334,633,0,1
46,0,1,2,1,1,11335,52,0,1
64,1,1,3,1,1,11336,32,1,2
42,0,1,1,1,1,11338,89,0,1
45,1,1,4,1,1,11340,71,0,4
48,1,1,1,1,1,11344,23,1,2
50,0,1,1,1,1,11345,36,1,1
45,1,1,2,1,1,11348,108,0,1
49,1,1,2,1,1,11349,NA,NA,NA
44,1,1,4,1,1,11350,102,0,5
43,1,1,3,1,1,11355,43,0,4
50,1,1,2,1,1,11356,818,0,1
49,1,1,1,1,1,11357,61,0,1
53,1,1,2,1,1,11358,77,0,2
47,1,1,1,1,1,11359,NA,NA,NA
46,1,1,2,1,1,11360,125,0,1
40,1,1,3,1,1,11362,59,0,3
63,1,1,2,1,1,11363,49,1,1
55,0,1,1,1,1,11367,36,0,1
55,1,1,3,1,1,11371,86,0,2
59,1,1,3,1,1,11372,80,0,1
60,1,1,3,1,1,11374,48,0,3
54,1,1,4,1,1,11376,32,1,2
50,1,1,1,1,1,11378,104,0,3
46,1,1,3,1,1,11379,45,0,3
40,1,1,3,1,1,11381,54,0,3
61,1,1,1,1,1,11382,NA,NA,NA
38,1,1,1,1,1,11383,21,0,1
47,1,1,4,1,1,11384,73,0,3
51,1,1,1,1,1,11385,54,0,1
46,1,1,3,1,1,11386,89,0,1
54,1,1,4,1,1,11387,32,1,3
51,0,1,1,1,1,11388,106,0,1
42,1,1,1,1,1,11389,61,0,1
38,1,1,2,1,1,11390,49,0,3
46,0,1,1,1,1,11391,47,0,1
34,0,1,1,1,1,11392,87,0,2
50,1,1,4,1,1,11393,43,1,3
40,1,1,2,1,1,11394,186,0,1
31,1,1,2,1,1,11395,155,0,1
42,1,1,4,1,1,11397,108,0,2
55,1,1,4,1,1,11399,88,0,4
44,0,1,4,1,1,11400,70,0,2
50,1,1,2,1,1,11401,102,0,3
53,1,1,3,1,1,11403,46,0,2
45,0,1,3,1,1,11404,42,0,4
36,1,1,3,1,1,11405,87,0,2
43,0,1,1,1,1,11407,27,0,3
49,1,1,2,1,1,11408,54,0,1
44,1,1,2,1,1,11411,106,0,2
61,1,1,2,1,1,11412,68,1,3
53,1,1,2,1,1,11413,51,1,1
44,1,1,3,1,1,11414,45,0,2
45,1,1,1,1,1,11416,45,0,1
42,1,1,1,1,1,11418,62,0,1
55,1,1,3,1,1,11419,80,0,1
55,0,1,4,1,1,11420,NA,NA,NA
44,1,1,1,1,1,11423,52,0,2
53,1,1,3,1,1,11426,87,0,3
41,0,1,1,1,1,11427,56,0,4
42,1,1,4,1,1,11428,178,0,1
47,1,1,3,1,1,11429,51,0,4
41,1,1,2,1,1,11430,44,0,2
49,0,1,3,1,1,11431,83,0,1
57,1,1,4,1,1,11432,44,1,5
53,1,1,1,1,1,11433,93,0,1
57,1,1,1,1,1,11434,125,0,1
55,1,1,1,1,1,11435,77,0,4
48,1,1,1,1,1,11436,78,0,1
39,1,1,4,1,1,11440,75,0,1
47,1,1,1,1,1,11443,84,0,1
40,1,1,3,1,1,11444,73,0,3
52,1,1,1,1,1,11445,103,0,1
41,0,1,2,1,1,11446,46,0,1
48,1,1,1,1,1,11448,64,0,1
55,0,1,3,1,1,11452,105,0,4
43,1,1,3,1,1,11454,54,0,3
39,1,1,4,1,1,11456,91,0,5
52,1,1,4,1,1,11457,59,0,3
47,1,1,3,1,1,11458,105,0,3
43,1,1,3,1,1,11460,48,0,3
44,1,1,4,1,1,11461,44,0,3
52,0,1,1,1,1,11462,54,1,1
40,1,1,3,1,1,11464,53,0,2
60,1,1,4,1,1,11465,NA,NA,NA
43,1,1,1,1,1,11467,77,0,1
38,0,1,3,1,1,11468,88,0,1
51,1,1,3,1,1,11470,29,1,2
NA,0,1,3,1,1,11471,58,0,1
46,1,1,3,1,1,11476,38,0,1
54,1,1,4,1,1,11477,128,0,3
35,1,1,4,1,1,11478,103,0,3
53,1,1,3,1,1,11479,NA,NA,NA
52,1,1,1,1,1,11480,51,1,1
50,1,1,3,1,1,11481,87,0,2
61,0,1,2,1,1,11482,89,0,1
43,0,1,2,1,1,11483,57,0,1
56,1,1,2,1,1,11484,159,0,3
47,1,1,3,1,1,11488,46,0,1
54,0,1,4,1,1,11489,43,1,1
45,1,1,1,1,1,11490,53,0,3
52,1,1,3,1,1,11491,NA,NA,NA
48,1,1,3,1,1,11492,80,0,2
42,1,1,2,1,1,11497,85,0,1
46,0,1,4,1,1,11498,52,0,1
51,1,1,4,1,1,11501,75,0,3
49,1,1,2,1,1,11503,105,0,1
50,1,1,4,1,1,11504,104,0,5
46,1,1,2,1,1,11505,40,0,1
47,1,1,1,1,1,11507,45,0,1
58,1,1,3,1,1,11508,56,1,3
47,1,1,2,1,1,11509,79,0,1
49,1,1,3,1,1,11510,46,1,2
47,1,1,3,1,1,11511,86,0,5
50,0,1,1,1,1,11514,67,0,1
51,1,1,4,1,1,11515,95,0,2
47,1,1,2,1,1,11517,95,0,2
54,1,1,1,1,1,11518,118,0,1
54,1,1,3,1,1,11520,67,0,5
39,1,1,1,1,1,11521,85,0,1
41,1,1,3,1,1,11522,207,0,2
45,1,1,1,1,1,11525,50,0,2
52,1,1,2,1,1,11526,43,1,1
45,1,1,2,1,1,11528,50,0,1
47,1,1,3,1,1,11530,51,0,3
60,1,1,2,1,1,11531,NA,NA,NA
52,1,1,1,1,1,11532,49,1,1
48,0,1,3,1,1,11535,NA,NA,NA
33,0,1,3,1,1,11536,51,0,2
37,0,1,3,1,1,11538,34,0,3
44,1,1,3,1,1,11539,104,0,2
43,1,1,1,1,1,11540,101,0,1
53,1,1,1,1,1,11541,76,0,3
54,1,1,4,1,1,11542,22,1,2
47,0,1,1,1,1,11543,91,0,1
59,1,1,2,1,1,11544,63,1,1
50,1,1,2,1,1,11546,100,0,1
48,1,1,3,1,1,11547,134,0,1
53,1,1,1,1,1,11548,107,0,1
39,1,1,2,1,1,11554,64,0,1
40,1,1,1,1,1,11555,257,0,1
44,1,1,3,1,1,11556,88,0,1
52,1,1,2,1,1,11560,101,0,1
51,0,1,4,1,1,11562,83,0,5
43,1,1,1,1,1,11563,97,0,1
45,1,1,4,1,1,11567,NA,NA,NA
49,0,1,4,1,1,11569,103,0,3
46,1,1,4,1,1,11570,101,0,4
46,0,1,4,1,1,11571,45,0,4
37,1,1,4,1,1,11574,43,0,4
42,1,1,2,1,1,11576,33,0,1
57,1,1,4,1,1,11577,50,1,1
55,1,1,1,1,1,11578,22,1,1
54,1,1,4,1,1,11579,53,1,3
52,1,1,1,1,1,11581,190,0,1
45,1,1,1,1,1,11583,40,0,1
57,1,1,1,1,1,11585,526,0,1
49,1,1,1,1,1,11587,58,0,1
44,1,1,3,1,1,11588,26,1,5
53,1,1,1,1,1,11589,110,0,1
51,1,1,1,1,1,11592,NA,NA,NA
41,0,1,3,1,1,11594,406,0,4
48,1,1,2,1,1,11595,58,0,1
51,1,1,2,1,1,11596,83,0,1
63,1,1,4,1,1,11597,75,0,1
51,1,1,3,1,1,11599,113,0,2
45,0,1,2,1,1,11600,194,0,1
42,0,1,1,1,1,11601,46,0,1
48,1,1,2,1,1,11603,59,0,1
54,1,1,3,1,1,11605,65,0,3
54,0,1,4,1,1,11611,13,1,2
45,1,1,3,1,1,11613,51,0,4
42,1,1,3,1,1,11615,90,0,3
42,1,1,4,1,1,11616,106,0,4
44,0,1,4,1,1,11617,47,0,3
46,1,1,1,1,1,11618,NA,NA,NA
53,0,1,4,1,1,11619,NA,NA,NA
65,1,1,4,1,1,11620,59,1,3
47,1,1,3,1,1,11621,54,0,1
50,1,1,2,1,1,11626,143,0,1
49,1,1,4,1,1,11627,32,1,1
41,1,1,1,1,1,11628,44,0,1
53,0,1,3,1,1,11630,82,0,1
42,1,1,3,1,1,11631,81,0,1
53,0,1,1,1,1,11632,52,1,2
47,1,1,1,1,1,11633,NA,NA,NA
NA,NA,1,1,1,1,11634,60,0,1
52,1,1,1,1,1,11635,108,0,1
NA,1,1,4,1,1,11638,51,0,3
43,0,1,1,1,1,11639,57,0,1
53,1,1,3,1,1,11640,60,0,2
49,1,1,2,1,1,11641,81,0,1
47,1,1,1,1,1,11642,43,0,1
46,1,1,3,1,1,11643,39,0,2
53,1,1,2,1,1,11645,186,0,1
52,0,1,3,1,1,11646,503,0,3
59,1,1,2,1,1,11648,96,0,1
42,1,1,1,1,1,11649,154,0,2
41,1,1,4,1,1,11650,52,0,2
39,1,1,4,1,1,11651,70,0,3
43,1,1,3,1,1,11652,76,0,3
43,1,1,4,1,1,11656,41,0,2
50,0,1,4,1,1,11659,61,0,4
63,0,1,4,1,1,11660,33,1,3
47,1,1,4,1,1,11663,NA,NA,NA
56,1,1,1,1,1,11664,68,1,1
44,1,1,1,1,1,11665,69,0,1
42,0,1,2,1,1,11666,67,0,1
53,1,1,1,1,1,11667,94,0,1
40,0,1,2,1,1,11668,84,0,1
53,1,1,3,1,1,11670,51,1,3
41,1,1,3,1,1,11673,102,0,1
42,1,1,2,1,1,11674,59,0,1
45,1,1,3,1,1,11675,NA,NA,NA
47,0,1,1,1,1,11676,80,0,1
46,1,1,1,1,1,11677,75,0,1
43,1,1,2,1,1,11679,166,0,1
50,1,1,4,1,1,11680,31,1,4
39,1,1,4,1,1,11683,62,0,4
49,0,1,2,1,1,11684,NA,NA,NA
NA,1,1,2,1,1,11685,67,0,1
47,0,1,4,1,1,11686,45,0,4
NA,1,1,2,1,1,11687,41,0,1
43,0,1,3,1,1,11692,63,0,1
47,0,1,2,1,1,11693,87,0,1
49,1,1,2,1,1,11695,88,0,1
49,1,1,2,1,1,11696,50,0,1
47,1,1,1,1,1,11698,44,0,4
46,1,1,3,1,1,11699,26,1,2
51,0,1,1,1,1,11700,33,1,1
55,0,1,3,1,1,11701,82,0,1
43,1,1,4,1,1,11702,NA,NA,NA
49,0,1,4,1,1,11703,208,0,5
48,1,1,2,1,1,11705,91,0,1
54,1,1,1,1,1,11708,100,0,1
44,1,1,1,1,1,11709,90,0,1
37,1,1,2,1,1,11710,44,0,1
49,1,1,1,1,1,11713,80,0,1
51,0,1,1,1,1,11715,86,0,1
60,0,1,2,1,1,11716,33,1,3
59,0,1,3,1,1,11717,NA,NA,NA
50,1,1,2,1,1,11719,51,0,1
37,1,1,4,1,1,11720,73,0,1
47,1,1,4,1,1,11721,32,1,3
55,1,1,1,1,1,11722,61,1,1
48,1,1,3,1,1,11723,43,0,2
49,1,1,2,1,1,11724,103,0,1
NA,1,1,1,1,1,11725,28,1,1
34,1,1,3,1,1,11726,135,0,1
56,1,1,3,1,1,11730,104,0,1
52,1,1,2,1,1,11732,123,0,1
48,1,1,1,1,1,11733,242,0,1
43,1,1,1,1,1,11736,79,0,1
48,1,1,3,1,1,11737,36,0,1
48,1,1,3,1,1,11738,57,0,1
59,1,1,3,1,1,11740,65,1,3
40,0,1,4,1,1,11741,43,0,1
59,1,1,3,1,1,11742,39,1,2
44,0,1,2,1,1,11743,51,0,1
52,0,1,3,1,1,11747,58,0,2
47,0,1,1,1,1,11749,21,1,2
48,1,1,3,1,1,11752,98,0,3
55,1,1,1,1,1,11753,53,0,3
50,1,1,3,1,1,11755,42,1,3
54,0,1,3,1,1,11756,39,1,1
41,1,1,4,1,1,11757,45,0,2
55,0,1,3,1,1,11759,52,1,3
48,1,1,2,1,1,11761,39,0,1
57,1,1,1,1,1,11763,57,1,1
44,1,1,1,1,1,11764,91,0,1
37,0,1,3,1,1,11766,61,0,2
53,1,1,2,1,1,11770,NA,NA,NA
55,1,1,2,1,1,11771,51,1,2
53,1,1,1,1,1,11772,63,0,1
NA,0,1,1,1,1,11777,34,1,1
48,1,1,3,1,1,11783,46,0,3
39,1,1,3,1,1,11784,38,0,2
48,1,1,3,1,1,11785,195,0,1
NA,NA,1,1,1,1,11787,129,0,1
62,1,1,4,1,1,11788,31,1,4
48,1,1,1,1,1,11791,95,0,1
42,1,1,2,1,1,11794,100,0,1
47,0,1,4,1,1,11796,66,0,2
60,1,1,2,1,1,11797,23,1,1
44,1,1,1,1,1,11799,90,0,1
41,1,1,3,1,1,11802,95,0,1
45,1,1,3,1,1,11803,107,0,1
48,0,1,1,1,1,11804,77,0,1
33,1,1,3,1,1,11805,43,0,3
47,1,1,2,1,1,11807,53,0,1
44,0,1,3,1,1,11808,42,0,3
41,1,1,2,1,1,11812,89,0,1
49,0,1,3,1,1,11813,121,0,4
47,1,1,1,1,1,11814,52,0,1
51,1,1,4,1,1,11815,85,0,4
34,1,1,2,1,1,11816,101,0,1
57,1,1,1,1,1,11819,91,0,1
45,1,1,1,1,1,11820,91,0,1
43,1,1,2,1,1,11821,58,0,3
62,1,1,3,1,1,11822,NA,NA,NA
52,1,1,3,1,1,11823,42,1,4
46,0,1,1,1,1,11824,55,0,2
45,1,1,3,1,1,11825,32,0,2
38,1,1,1,1,1,11826,41,0,2
39,0,1,1,1,1,11828,42,0,2
52,1,1,2,1,1,11830,98,0,1
54,1,1,2,1,1,11833,88,0,1
39,0,1,4,1,1,11835,43,0,2
41,1,1,1,1,1,11837,79,0,1
51,1,1,1,1,1,11838,NA,NA,NA
42,1,1,2,1,1,11839,57,0,1
41,1,1,1,1,1,11842,125,0,1
43,1,1,2,1,1,11845,72,0,2
56,1,1,3,1,1,11848,85,0,3
49,1,1,3,1,1,11849,57,0,2
45,1,1,1,1,1,11850,89,0,1
55,1,1,2,1,1,11853,44,0,1
NA,NA,1,2,1,1,11855,47,1,2
44,1,1,2,1,1,11856,95,0,1
55,1,1,4,1,1,11857,NA,NA,NA
47,1,1,4,1,1,11859,26,1,3
50,1,1,2,1,1,11860,50,0,1
49,1,1,1,1,1,11861,51,0,1
49,1,1,1,1,1,11866,120,0,1
50,0,1,4,1,1,11867,39,0,2
48,1,1,2,1,1,11871,68,0,1
58,1,1,1,1,1,11873,NA,NA,NA
NA,1,1,3,1,1,11874,34,0,3
42,1,1,1,1,1,11875,100,0,1
49,1,1,4,1,1,11877,16,1,4
63,1,1,4,1,1,11878,20,1,2
45,1,1,2,1,1,11879,143,0,1
56,1,1,3,1,1,11880,83,0,2
56,0,1,1,1,1,11883,65,1,1
48,1,1,3,1,1,11885,NA,NA,NA
44,1,1,3,1,1,11886,45,0,2
38,1,1,2,1,1,11887,83,0,1
42,1,1,3,1,1,11892,65,0,2
48,1,1,3,1,1,11893,109,0,2
64,1,1,4,1,1,11894,51,1,3
54,1,1,1,1,1,11895,34,1,1
39,1,1,2,1,1,11897,102,0,1
54,0,1,3,1,1,11898,48,1,3
53,1,1,1,1,1,11899,91,0,1
57,0,1,1,1,1,11900,70,1,1
58,1,1,1,1,1,11901,82,0,1
50,1,1,3,1,1,11903,44,1,4
47,1,1,3,1,1,11906,52,0,2
41,1,1,3,1,1,11908,229,0,3
44,0,1,4,1,1,11909,47,0,1
35,1,1,3,1,1,11910,122,0,1
55,0,1,2,1,1,11911,112,0,1
59,0,1,2,1,1,11912,43,1,2
48,1,1,3,1,1,11913,87,0,3
46,1,1,4,1,1,11914,52,0,5
48,1,1,1,1,1,11916,80,0,1
51,0,1,3,1,1,11918,22,1,2
46,0,1,3,1,1,11920,105,0,3
59,1,1,4,1,1,11921,49,0,4
48,1,1,1,1,1,11922,88,0,1
60,1,1,4,1,1,11924,NA,NA,NA
38,1,1,4,1,1,11925,53,0,4
42,1,1,3,1,1,11926,NA,NA,NA
42,1,1,2,1,1,11928,71,0,1
47,1,1,1,1,1,11929,85,0,2
53,1,1,2,1,1,11930,108,0,1
50,1,1,1,1,1,11931,75,0,1
49,0,1,1,1,1,11933,85,0,1
57,1,1,3,1,1,11936,72,0,1
43,1,1,2,1,1,11937,107,0,4
60,1,1,1,1,1,11938,36,1,1
54,1,1,2,1,1,11941,NA,NA,NA
42,1,1,1,1,1,11942,76,0,1
43,1,1,4,1,1,11943,51,0,3
52,1,1,1,1,1,11945,91,0,1
32,1,1,4,1,1,11946,37,0,3
45,1,1,2,1,1,11949,66,0,1
55,1,1,2,1,1,11952,69,0,2
46,1,1,1,1,1,11953,79,0,1
52,1,1,2,1,1,11954,25,1,1
44,1,1,2,1,1,11955,40,0,1
52,1,1,3,1,1,11957,82,0,3
46,1,1,3,1,1,11958,61,0,2
44,0,1,2,1,1,11960,90,0,1
54,1,1,3,1,1,11961,39,1,3
38,1,1,4,1,1,11962,49,0,4
43,1,1,3,1,1,11964,791,0,1
47,1,1,3,1,1,11965,61,0,3
58,0,1,1,1,1,11966,NA,NA,NA
47,0,1,2,1,1,11967,59,0,2
70,1,1,4,1,1,11968,37,1,5
34,0,1,2,1,1,11970,90,0,1
42,1,1,1,1,1,11973,41,0,1
51,0,1,4,1,1,11974,43,1,3
50,1,1,4,1,1,11975,84,0,5
50,1,1,1,1,1,11976,NA,NA,NA
52,0,1,4,1,1,11978,80,0,5
42,1,1,4,1,1,11979,37,0,3
41,1,1,1,1,1,11981,43,0,1
41,1,1,1,1,1,11982,47,0,2
48,0,1,2,1,1,11983,105,0,4
36,1,1,1,1,1,11984,90,0,1
43,1,1,2,1,1,11985,34,0,1
52,1,1,3,1,1,11986,113,0,3
43,1,1,2,1,1,11987,83,0,1
41,0,1,1,1,1,11988,61,0,1
46,1,1,3,1,1,11989,109,0,1
52,1,1,3,1,1,11991,109,0,1
44,1,1,3,1,1,11994,42,0,1
38,0,1,1,1,1,11996,57,0,1
58,1,1,2,1,1,11997,41,1,2
46,0,1,2,1,1,11998,68,0,1
55,1,1,1,1,1,11999,86,0,1
45,1,1,3,1,1,12003,74,0,2
48,1,1,2,1,1,12005,144,0,2
49,0,1,1,1,1,12007,466,0,1
51,1,1,2,1,1,12009,52,1,1
53,0,1,2,1,1,12010,134,0,1
48,1,1,4,1,1,12012,187,0,5
46,1,1,3,1,1,12013,9,1,1
53,1,1,2,1,1,12014,135,0,4
46,1,1,1,1,1,12017,196,0,1
58,1,1,4,1,1,12018,61,1,3
48,1,1,3,1,1,12020,81,0,2
45,1,1,4,1,1,12023,42,0,5
42,1,1,1,1,1,12024,78,0,1
47,1,1,1,1,1,12025,83,0,1
51,1,1,2,1,1,12029,45,1,1
42,1,1,1,1,1,12030,81,0,1
66,0,1,4,1,1,12032,NA,NA,NA
43,0,1,4,1,1,12033,156,0,4
44,1,1,1,1,1,12035,37,0,2
51,1,1,3,1,1,12037,81,0,4
56,1,1,1,1,1,12039,60,0,1
38,0,1,1,1,1,12042,107,0,2
50,1,1,3,1,1,12043,44,1,2
54,0,1,2,1,1,12047,NA,NA,NA
43,1,1,4,1,1,12051,NA,NA,NA
45,1,1,1,1,1,12052,421,0,1
53,1,1,1,1,1,12053,57,0,3
54,1,1,3,1,1,12054,83,0,3
52,1,1,2,1,1,12055,95,0,1
42,0,1,3,1,1,12056,54,0,1
49,1,1,1,1,1,12057,45,1,1
39,1,1,2,1,1,12058,83,0,1
43,1,1,3,1,1,12061,126,0,1
48,1,1,1,1,1,12063,77,0,1
57,1,1,1,1,1,12064,87,0,1
42,1,1,3,1,1,12065,40,0,3
59,1,1,2,1,1,12066,110,0,1
47,1,1,2,1,1,12067,51,0,1
36,1,1,4,1,1,12068,9,0,3
54,1,1,3,1,1,12069,30,1,2
46,1,1,2,1,1,12071,99,0,1
48,1,1,4,1,1,12072,102,0,5
42,1,1,3,1,1,12073,86,0,1
32,1,1,4,1,1,12074,54,0,3
65,1,1,4,1,1,12077,105,0,5
48,1,1,3,1,1,12078,94,0,1
48,1,1,3,1,1,12079,85,0,1
55,0,1,4,1,1,12081,63,1,3
51,1,1,3,1,1,12082,29,1,2
41,1,1,4,1,1,12084,105,0,3
37,1,1,1,1,1,12086,75,0,4
53,1,1,4,1,1,12088,105,0,3
45,1,1,2,1,1,12090,152,0,1
52,1,1,1,1,1,12091,48,1,1
57,1,1,4,1,1,12093,99,0,4
48,1,1,1,1,1,12096,48,0,1
43,1,1,3,1,1,12097,113,0,1
52,1,1,1,1,1,12098,41,1,1
40,0,1,4,1,1,12099,90,0,1
54,1,1,1,1,1,12100,95,0,1
50,1,1,3,1,1,12101,86,0,4
46,1,1,3,1,1,12102,31,1,2
62,1,1,4,1,1,12103,NA,NA,NA
37,0,1,3,1,1,12105,43,0,3
49,1,1,4,1,1,12107,21,1,3
49,1,1,3,1,1,12108,85,0,1
51,1,1,1,1,1,12110,NA,NA,NA
43,1,1,4,1,1,12111,88,0,3
44,1,1,2,1,1,12112,77,0,1
49,0,1,2,1,1,12117,99,0,1
45,1,1,4,1,1,12119,108,0,4
61,0,1,2,1,1,12122,NA,NA,NA
45,1,1,3,1,1,12123,43,0,2
50,1,1,4,1,1,12127,31,0,5
51,1,1,1,1,1,12128,75,0,1
46,1,1,4,1,1,12129,51,0,1
46,1,1,3,1,1,12131,22,0,4
52,1,1,3,1,1,12132,NA,NA,NA
45,1,1,2,1,1,12135,45,0,1
47,1,1,2,1,1,12137,80,0,1
51,1,1,3,1,1,12138,44,1,2
51,1,1,2,1,1,12140,100,0,1
52,1,1,2,1,1,12141,43,0,1
47,0,1,1,1,1,12144,81,0,1
46,1,1,2,1,1,12148,83,0,3
55,1,1,3,1,1,12150,94,0,3
53,1,1,1,1,1,12152,148,0,2
41,1,1,2,1,1,12154,109,0,1
34,0,1,2,1,1,12157,160,0,1
58,1,1,1,1,1,12158,107,0,1
52,1,1,1,1,1,12159,43,1,2
57,1,1,4,1,1,12161,NA,NA,NA
42,1,1,1,1,1,12162,40,0,1
50,1,1,4,1,1,12163,66,0,2
42,0,1,2,1,1,12164,92,0,1
45,1,1,1,1,1,12167,94,0,1
51,1,1,4,1,1,12168,NA,NA,NA
40,0,1,1,1,1,12170,43,0,2
45,1,1,4,1,1,12171,108,0,1
52,0,1,3,1,1,12173,40,1,2
48,1,1,3,1,1,12175,NA,NA,NA
55,1,1,2,1,1,12176,93,0,4
43,1,1,2,1,1,12178,45,0,1
41,0,1,1,1,1,12179,187,0,1
40,1,1,3,1,1,12180,72,0,2
51,1,1,1,1,1,12182,14,1,1
31,1,1,4,1,1,12183,86,0,4
51,1,1,4,1,1,12184,42,0,2
44,1,1,1,1,1,12185,88,0,2
44,1,1,1,1,1,12186,32,0,1
62,1,1,3,1,1,12188,NA,NA,NA
57,1,1,2,1,1,12192,42,1,1
53,1,1,4,1,1,12193,43,1,3
63,1,1,1,1,1,12194,48,1,1
44,1,1,3,1,1,12196,166,0,2
52,1,1,3,1,1,12201,42,1,1
45,1,1,2,1,1,12203,87,0,1
43,1,1,3,1,1,12204,34,0,2
48,1,1,3,1,1,12206,36,0,2
50,1,1,2,1,1,12208,81,0,1
NA,0,1,4,1,1,12209,67,0,3
51,0,1,2,1,1,12210,77,0,1
50,1,1,3,1,1,12212,93,0,3
51,1,1,1,1,1,12213,35,1,2
50,1,1,4,1,1,12216,NA,NA,NA
60,1,1,1,1,1,12219,NA,NA,NA
52,0,1,3,1,1,12220,66,0,4
NA,NA,1,1,1,1,12221,NA,NA,NA
47,1,1,2,1,1,12222,96,0,1
55,1,1,1,1,1,12223,42,0,1
44,1,1,4,1,1,12225,81,0,2
55,1,1,3,1,1,12226,78,0,1
44,1,1,3,1,1,12228,44,0,1
56,1,1,1,1,1,12229,49,1,1
47,1,1,2,1,1,12230,28,0,1
49,0,1,4,1,1,12231,20,1,3
54,1,1,1,1,1,12232,99,0,3
46,1,1,4,1,1,12234,40,0,5
42,1,1,1,1,1,12235,75,0,1
51,1,1,1,1,1,12236,66,0,1
59,1,1,1,1,1,12237,109,0,1
45,1,1,1,1,1,12238,20,1,1
49,1,1,3,1,1,12239,14,1,1
54,0,1,3,1,1,12241,NA,NA,NA
52,1,1,3,1,1,12242,NA,NA,NA
NA,1,1,2,1,1,12243,59,0,3
49,1,1,3,1,1,12245,NA,NA,NA
37,1,1,2,1,1,12247,34,0,1
51,1,1,2,1,1,12249,45,1,3
48,0,1,1,1,1,12250,37,1,1
64,1,1,4,1,1,12251,33,1,1
46,1,1,4,1,1,12252,117,0,5
49,1,1,4,1,1,12253,79,0,4
51,1,1,3,1,1,12254,27,1,2
46,1,1,3,1,1,12255,84,0,2
49,0,1,3,1,1,12256,49,0,3
47,1,1,4,1,1,12259,21,1,4
48,1,1,2,1,1,12260,178,0,1
56,1,1,3,1,1,12263,47,1,2
50,1,1,1,1,1,12267,65,0,1
42,1,1,4,1,1,12269,48,0,3
37,1,1,1,1,1,12270,99,0,1
46,1,1,4,1,1,12271,100,0,4
45,1,1,1,1,1,12273,NA,NA,NA
51,1,1,2,1,1,12274,108,0,1
49,1,1,1,1,1,12280,96,0,1
50,1,1,1,1,1,12281,80,0,1
47,1,1,4,1,1,12284,98,0,1
46,1,1,1,1,1,12286,95,0,1
50,1,1,4,1,1,12287,105,0,5
57,0,1,2,1,1,12288,NA,NA,NA
51,1,1,2,1,1,12290,84,0,1
54,1,1,2,1,1,12291,104,0,1
38,1,1,3,1,1,12292,37,0,1
49,1,1,1,1,1,12293,NA,NA,NA
51,1,1,1,1,1,12295,157,0,2
43,1,1,4,1,1,12296,73,0,4
60,1,1,4,1,1,12297,NA,NA,NA
42,0,1,1,1,1,12298,71,0,1
59,0,1,3,1,1,12299,NA,NA,NA
66,1,1,2,1,1,12301,41,1,1
49,0,1,3,1,1,12304,37,1,3
48,1,1,2,1,1,12306,49,0,1
48,1,1,3,1,1,12307,22,1,3
52,0,1,2,1,1,12308,93,0,1
48,1,1,3,1,1,12312,104,0,1
45,1,1,2,1,1,12315,47,0,2
57,1,1,1,1,1,12316,NA,NA,NA
48,1,1,3,1,1,12317,133,0,3
48,0,1,3,1,1,12318,98,0,2
52,1,1,3,1,1,12319,70,0,2
49,1,1,1,1,1,12321,85,0,1
49,1,1,3,1,1,12325,50,0,1
50,1,1,1,1,1,12327,74,0,1
48,1,1,3,1,1,12329,56,0,3
51,1,1,4,1,1,12330,73,0,5
49,0,1,1,1,1,12331,84,0,1
63,1,1,3,1,1,12332,101,0,3
51,0,1,1,1,1,12333,40,1,1
52,0,1,1,1,1,12334,102,0,2
NA,NA,1,4,1,1,12335,211,0,4
54,1,1,2,1,1,12336,70,0,1
45,1,1,3,1,1,12337,405,0,3
37,1,1,4,1,1,12339,107,0,4
45,1,1,2,1,1,12342,40,0,3
51,1,1,1,1,1,12347,96,0,1
47,1,1,1,1,1,12348,161,0,1
42,1,1,2,1,1,12352,52,0,1
46,1,1,2,1,1,12353,59,0,1
53,0,1,3,1,1,12354,86,0,2
58,1,1,2,1,1,12355,51,0,2
52,0,1,4,1,1,12358,104,0,1
66,1,1,2,1,1,12360,NA,NA,NA
52,1,1,3,1,1,12361,49,1,5
42,1,1,3,1,1,12364,82,0,2
37,1,1,2,1,1,12365,86,0,1
46,1,1,1,1,1,12367,91,0,1
41,1,1,4,1,1,12368,106,0,5
56,0,1,4,1,1,12370,NA,NA,NA
38,1,1,2,1,1,12371,102,0,2
50,1,1,2,1,1,12372,44,1,1
51,0,1,1,1,1,12373,105,0,1
55,1,1,4,1,1,12375,23,1,3
46,0,1,2,1,1,12376,46,0,2
50,1,1,1,1,1,12377,55,0,3
49,1,1,3,1,1,12378,42,1,1
46,1,1,1,1,1,12380,42,0,1
44,0,1,1,1,1,12381,48,0,1
44,1,1,3,1,1,12382,41,0,2
44,0,1,2,1,1,12383,83,0,1
46,1,1,4,1,1,12385,68,0,3
50,1,1,1,1,1,12389,56,0,1
48,0,1,3,1,1,12391,72,0,2
46,1,1,4,1,1,12392,48,0,5
38,1,1,2,1,1,12393,84,0,1
46,1,1,2,1,1,12394,NA,NA,NA
46,0,1,3,1,1,12395,88,0,1
46,1,1,1,1,1,12397,43,0,2
58,1,1,3,1,1,12398,64,0,1
51,0,1,1,1,1,12401,58,0,1
53,1,1,1,1,1,12404,44,1,1
50,0,1,1,1,1,12405,51,0,1
41,1,1,1,1,1,12406,35,0,1
44,1,1,1,1,1,12408,102,0,1
42,1,1,2,1,1,12409,59,0,1
55,1,1,1,1,1,12410,49,1,1
45,1,1,4,1,1,12411,41,0,2
52,1,1,1,1,1,12412,70,0,1
43,0,1,1,1,1,12413,60,0,1
49,1,1,3,1,1,12414,211,0,3
52,1,1,3,1,1,12415,30,1,3
52,1,1,4,1,1,12419,103,0,3
47,1,1,3,1,1,12421,75,0,3
53,1,1,1,1,1,12422,75,0,1
48,1,1,1,1,1,12423,89,0,1
46,1,1,2,1,1,12424,53,0,3
47,1,1,2,1,1,12425,59,0,2
50,1,1,1,1,1,12427,104,0,1
48,0,1,3,1,1,12428,31,1,1
43,1,1,3,1,1,12429,77,0,1
45,1,1,1,1,1,12432,51,0,2
61,1,1,3,1,1,12433,NA,NA,NA
56,1,1,3,1,1,12434,124,0,1
43,1,1,2,1,1,12435,57,0,3
48,1,1,1,1,1,12438,154,0,1
53,1,1,3,1,1,12439,50,1,1
53,1,1,3,1,1,12440,NA,NA,NA
51,1,1,1,1,1,12441,95,0,1
53,1,1,1,1,1,12442,39,1,1
50,1,1,1,1,1,12443,69,0,1
57,1,1,4,1,1,12444,58,1,5
55,1,1,4,1,1,12446,76,0,5
55,1,1,3,1,1,12447,82,0,2
48,1,1,1,1,1,12448,86,0,1
45,1,1,4,1,1,12449,151,0,3
41,0,1,2,1,1,12451,80,0,1
51,1,1,3,1,1,12455,NA,NA,NA
47,1,1,1,1,1,12457,87,0,1
48,1,1,1,1,1,12458,75,0,1
NA,NA,1,2,1,1,12460,102,0,1
53,1,1,3,1,1,12461,31,1,2
NA,1,1,2,1,1,12463,149,0,1
45,1,1,2,1,1,12464,127,0,1
47,0,1,1,1,1,12465,83,0,1
57,0,1,2,1,1,12468,98,0,1
47,0,1,1,1,1,12471,612,0,3
47,1,1,1,1,1,12473,99,0,1
43,1,1,2,1,1,12476,28,0,3
45,1,1,2,1,1,12477,61,0,1
43,1,1,2,1,1,12478,68,0,1
47,1,1,1,1,1,12479,49,0,1
NA,NA,1,1,1,1,12482,92,0,1
50,0,1,4,1,1,12486,74,0,4
NA,1,1,4,1,1,12488,56,0,3
49,1,1,3,1,1,12491,21,1,5
43,1,1,3,1,1,12493,80,0,4
NA,1,1,4,1,1,12495,30,0,4
48,0,1,4,1,1,12497,50,0,3
56,1,1,4,1,1,12498,96,0,2
NA,0,1,3,1,1,12500,92,0,4
47,1,1,3,1,1,12501,100,0,2
50,1,1,4,1,1,12502,64,0,3
45,1,1,3,1,1,12503,78,0,1
61,1,1,2,1,1,12504,NA,NA,NA
49,1,1,2,1,1,12505,177,0,1
49,1,1,2,1,1,12506,64,0,1
49,1,1,3,1,1,12507,72,0,1
48,1,1,1,1,1,12511,54,0,1
48,1,1,3,1,1,12512,80,0,2
37,1,1,4,1,1,12514,40,0,4
56,1,1,1,1,1,12515,172,0,1
51,0,1,2,1,1,12519,67,0,1
47,0,1,4,1,1,12520,103,0,4
44,1,1,3,1,1,12521,85,0,4
49,1,1,1,1,1,12525,52,0,1
40,1,1,1,1,1,12526,105,0,1
49,0,1,4,1,1,12527,107,0,3
46,1,1,3,1,1,12528,32,1,2
42,1,1,3,1,1,12529,51,0,1
51,1,1,2,1,1,12533,64,0,1
33,1,1,1,1,1,12534,151,0,1
54,0,1,3,1,1,12536,121,0,1
47,1,1,1,1,1,12537,106,0,1
50,0,1,2,1,1,12539,61,0,1
49,1,1,1,1,1,12540,56,0,1
56,0,1,1,1,1,12541,91,0,1
40,0,1,2,1,1,12542,44,0,1
48,0,1,1,1,1,12544,41,1,1
56,1,1,3,1,1,12546,51,1,3
50,1,1,3,1,1,12547,35,1,1
53,1,1,2,1,1,12550,NA,NA,NA
51,1,1,2,1,1,12551,73,0,4
62,0,1,3,1,1,12553,47,1,3
NA,1,1,4,1,1,12557,NA,NA,NA
38,1,1,1,1,1,12560,83,0,1
51,1,1,3,1,1,12561,111,0,5
54,1,1,2,1,1,12563,62,0,1
33,0,1,1,1,1,12566,36,0,1
56,1,1,1,1,1,12568,71,0,1
40,1,1,1,1,1,12569,87,0,1
47,0,1,3,1,1,12570,68,0,3
52,1,1,1,1,1,12572,NA,NA,NA
62,1,1,3,1,1,12573,27,1,2
42,1,1,1,1,1,12574,41,0,2
46,1,1,4,1,1,12576,39,0,5
40,1,1,1,1,1,12578,27,0,1
39,0,1,1,1,1,12579,67,0,4
51,0,1,2,1,1,12582,77,0,1
45,1,1,1,1,1,12584,60,0,1
44,0,1,3,1,1,12585,70,0,1
56,1,1,1,1,1,12592,95,0,1
52,1,1,2,1,1,12593,68,0,2
57,0,1,1,1,1,12595,NA,NA,NA
51,1,1,2,1,1,12596,97,0,1
34,1,1,2,1,1,12599,1075,0,1
33,1,1,1,1,1,12601,39,0,1
60,1,1,4,1,1,12602,163,0,5
41,1,1,4,1,1,12603,47,0,1
38,1,1,1,1,1,12604,95,0,1
48,1,1,1,1,1,12605,212,0,1
47,1,1,4,1,1,12607,58,0,3
56,1,1,3,1,1,12608,NA,NA,NA
58,1,1,3,1,1,12609,126,0,3
49,1,1,3,1,1,12610,475,0,1
39,1,1,4,1,1,12611,36,0,4
42,1,1,3,1,1,12614,53,0,2
48,1,1,4,1,1,12615,87,0,5
44,1,1,3,1,1,12617,22,1,4
55,0,1,3,1,1,12619,NA,NA,NA
61,0,1,2,1,1,12623,59,0,1
46,1,1,3,1,1,12624,40,0,1
44,0,1,3,1,1,12625,26,1,1
49,1,1,1,1,1,12626,218,0,1
51,1,1,4,1,1,12627,36,1,1
51,1,1,1,1,1,12628,118,0,1
45,1,1,1,1,1,12630,49,0,1
51,0,1,2,1,1,12631,40,1,1
46,1,1,3,1,1,12644,NA,NA,NA
NA,NA,1,1,1,1,12645,9,1,1
NA,0,1,4,1,1,12646,50,0,3
55,0,1,4,1,1,12647,141,0,5
39,0,1,4,1,1,12649,96,0,3
52,1,1,1,1,1,12650,94,0,1
53,1,1,2,1,1,12653,39,1,1
39,1,1,4,1,1,12654,168,0,3
47,1,1,2,1,1,12664,30,1,1
48,1,1,1,1,1,12667,95,0,1
45,0,1,1,1,1,12668,82,0,1
57,0,1,3,1,1,12669,141,0,3
47,1,1,3,1,1,12670,107,0,4
48,1,1,1,1,1,12671,28,1,1
45,1,1,2,1,1,12672,98,0,2
48,1,1,2,1,1,12677,91,0,1
56,0,1,2,1,1,12679,67,1,2
31,0,1,4,1,1,12680,81,0,2
43,1,1,3,1,1,12681,84,0,1
57,1,1,3,1,1,12682,NA,NA,NA
56,1,1,1,1,1,12683,NA,NA,NA
42,1,1,1,1,1,12684,204,0,2
48,1,1,2,1,1,12685,86,0,1
52,0,1,4,1,1,12686,60,0,4
34,0,1,1,1,1,12688,43,0,1
46,1,1,1,1,1,12690,37,1,1
50,1,1,1,1,1,12691,40,0,2
48,1,1,1,1,1,12692,40,1,1
50,1,1,3,1,1,12693,NA,NA,NA
49,1,1,3,1,1,12695,40,1,2
50,1,1,1,1,1,12699,82,0,1
56,1,1,3,1,1,12701,82,0,1
53,1,1,2,1,1,12702,105,0,1
40,1,1,2,1,1,12704,33,0,1
50,1,1,1,1,1,12706,105,0,1
40,1,1,2,1,1,12708,164,0,1
49,1,1,3,1,1,12714,59,0,4
44,1,1,2,1,1,12716,88,0,1
45,1,1,3,1,1,12717,411,0,3
40,1,1,1,1,1,12718,62,0,1
40,1,1,1,1,1,12720,218,0,1
50,0,1,4,1,1,12721,NA,NA,NA
48,1,1,1,1,1,12724,123,0,1
37,1,1,3,1,1,12726,51,0,5
45,0,1,1,1,1,12728,92,0,1
51,1,1,1,1,1,12729,88,0,1
45,1,1,4,1,1,12734,48,0,4
49,1,1,1,1,1,12736,67,0,2
54,1,1,1,1,1,12737,73,0,4
38,0,1,4,1,1,12739,63,0,2
53,1,1,4,1,1,12740,60,0,3
42,1,1,4,1,1,12741,113,0,2
48,1,1,1,1,1,12744,64,0,2
51,1,1,4,1,1,12745,235,0,2
49,1,1,3,1,1,12746,59,0,1
53,1,1,4,1,1,12749,NA,NA,NA
45,1,1,1,1,1,12751,90,0,1
52,0,1,1,1,1,12753,52,1,2
45,1,1,2,1,1,12754,108,0,1
52,0,1,2,1,1,12755,91,0,2
48,0,1,4,1,1,12756,33,1,3
35,1,1,4,1,1,12757,101,0,5
42,1,1,2,1,1,12760,47,0,1
53,0,1,1,1,1,12761,76,0,1
44,0,1,1,1,1,12765,43,0,1
52,1,1,2,1,1,12766,42,0,2
48,1,1,1,1,1,12767,NA,NA,NA
40,1,1,4,1,1,12768,30,0,3
45,1,1,4,1,1,12770,43,0,3
49,1,1,4,1,1,12774,23,1,3
54,1,1,3,1,1,12775,NA,NA,NA
42,1,1,1,1,1,12779,49,0,2
47,1,1,4,1,1,12781,103,0,5
57,1,1,3,1,1,12783,80,0,1
43,0,1,3,1,1,12784,45,0,2
58,1,1,2,1,1,12788,NA,NA,NA
52,1,1,3,1,1,12789,NA,NA,NA
38,0,1,1,1,1,12790,41,0,1
46,0,1,3,1,1,12791,NA,NA,NA
48,0,1,1,1,1,12792,54,0,1
64,1,1,3,1,1,12793,80,1,3
44,1,1,1,1,1,12797,51,0,1
52,1,1,1,1,1,12798,58,0,1
43,1,1,4,1,1,12801,70,0,4
54,1,1,4,1,1,12802,52,1,5
56,0,1,2,1,1,12805,82,0,1
51,0,1,1,1,1,12807,84,0,1
44,1,1,3,1,1,12810,70,0,3
43,0,1,1,1,1,12811,47,0,1
44,1,1,1,1,1,12812,88,0,1
56,1,1,1,1,1,12814,107,0,1
36,1,1,3,1,1,12816,41,0,2
47,0,1,3,1,1,12817,35,1,2
NA,0,1,1,1,1,12820,76,0,1
47,1,1,1,1,1,12825,73,0,1
44,1,1,2,1,1,12827,93,0,1
NA,NA,1,4,1,1,12828,46,1,1
49,1,1,1,1,1,12829,NA,NA,NA
49,0,1,4,1,1,12833,92,0,4
45,0,1,3,1,1,12834,36,0,3
48,1,1,3,1,1,12835,13,1,2
46,1,1,1,1,1,12836,77,0,1
62,0,1,2,1,1,12837,48,1,1
50,0,1,1,1,1,12839,47,1,2
44,1,1,4,1,1,12840,412,0,5
51,1,1,1,1,1,12844,87,0,1
52,1,1,1,1,1,12845,93,0,1
63,1,1,4,1,1,12846,92,1,3
52,1,1,3,1,1,12847,21,1,1
45,1,1,3,1,1,12848,88,0,1
41,1,1,4,1,1,12850,50,0,3
40,1,1,3,1,1,12853,94,0,1
50,1,1,1,1,1,12854,37,0,1
48,0,1,2,1,1,12855,41,1,2
60,1,1,1,1,1,12856,90,0,1
47,1,1,2,1,1,12857,NA,NA,NA
45,1,1,3,1,1,12858,59,0,1
52,0,1,4,1,1,12859,28,1,2
43,1,1,1,1,1,12861,29,0,1
53,1,1,1,1,1,12862,65,0,1
41,0,1,2,1,1,12864,55,0,1
48,1,1,2,1,1,12868,89,0,1
48,1,1,1,1,1,12870,48,0,3
40,1,1,4,1,1,12871,809,0,5
50,1,1,1,1,1,12872,121,0,1
48,1,1,1,1,1,12873,57,0,2
58,1,1,4,1,1,12875,NA,NA,NA
44,1,1,2,1,1,12877,101,0,1
54,1,1,3,1,1,12878,101,0,3
56,1,1,4,1,1,12880,22,1,3
65,1,1,3,1,1,12883,31,1,1
40,0,1,2,1,1,12884,154,0,1
50,1,1,3,1,1,12886,102,0,1
52,1,1,2,1,1,12887,110,0,1
51,1,1,3,1,1,12888,27,1,4
47,1,1,3,1,1,12889,144,0,3
50,1,1,4,1,1,12891,103,0,4
56,0,1,4,1,1,12892,87,0,5
46,1,1,3,1,1,12893,40,0,3
57,0,1,3,1,1,12894,85,0,2
33,1,1,2,1,1,12898,53,0,1
50,1,1,1,1,1,12900,90,0,1
46,1,1,1,1,1,12901,96,0,1
48,1,1,1,1,1,12902,13,1,1
46,1,1,1,1,1,12903,95,0,1
58,0,1,1,1,1,12904,41,1,1
NA,NA,1,3,1,1,12909,81,0,2
45,1,1,2,1,1,12911,75,0,1
41,1,1,1,1,1,12912,27,0,1
55,1,1,2,1,1,12914,52,1,1
54,1,1,2,1,1,12916,90,0,1
44,1,1,3,1,1,12920,42,0,4
41,1,1,1,1,1,12921,138,0,1
46,1,1,3,1,1,12923,51,0,2
43,1,1,4,1,1,12925,20,0,3
43,1,1,4,1,1,12926,61,0,2
51,1,1,3,1,1,12927,59,0,2
52,1,1,3,1,1,12928,26,1,3
43,1,1,2,1,1,12933,104,0,1
54,0,1,2,1,1,12935,104,0,1
41,1,1,4,1,1,12936,43,0,1
46,1,1,2,1,1,12944,103,0,1
45,1,1,4,1,1,12945,93,0,3
48,1,1,2,1,1,12947,400,0,1
50,1,1,1,1,1,12950,94,0,1
46,1,1,1,1,1,12953,99,0,1
56,1,1,3,1,1,12954,NA,NA,NA
44,1,1,1,1,1,12955,81,0,3
48,1,1,3,1,1,12956,22,1,1
33,1,1,2,1,1,12957,77,0,1
41,1,1,1,1,1,12958,100,0,1
45,0,1,2,1,1,12963,87,0,1
48,1,1,4,1,1,12964,56,0,4
51,1,1,2,1,1,12966,85,0,1
55,1,1,3,1,1,12967,131,0,3
44,1,1,1,1,1,12969,23,1,1
41,1,1,1,1,1,12970,103,0,2
38,1,1,3,1,1,12971,12,0,3
42,1,1,2,1,1,12973,82,0,1
53,1,1,2,1,1,12974,83,0,2
50,1,1,1,1,1,12975,101,0,1
52,1,1,2,1,1,12976,70,0,1
57,0,1,2,1,1,12977,635,0,2
44,0,1,1,1,1,12979,85,0,1
47,1,1,2,1,1,12980,90,0,1
47,1,1,1,1,1,12981,46,0,1
45,1,1,4,1,1,12984,101,0,3
41,1,1,1,1,1,12985,91,0,1
NA,0,1,4,1,1,12986,NA,NA,NA
60,1,1,3,1,1,12987,NA,NA,NA
50,0,1,3,1,1,12988,40,1,3
42,1,1,2,1,1,12989,96,0,4
49,1,1,2,1,1,12991,87,0,1
56,1,1,4,1,1,12993,NA,NA,NA
54,0,1,1,1,1,12994,66,0,1
41,1,1,2,1,1,12996,130,0,1
54,1,1,3,1,1,12997,106,0,1
48,0,1,1,1,1,12999,77,0,3
46,1,1,4,1,1,13000,64,0,4
52,1,1,1,1,1,13001,71,0,1
57,1,1,1,1,1,13006,73,0,1
57,1,1,4,1,1,13008,46,1,3
42,1,1,4,1,1,13010,59,0,4
53,1,1,3,1,1,13011,49,0,3
53,1,1,2,1,1,13015,58,1,1
48,1,1,1,1,1,13017,74,0,1
41,1,1,2,1,1,13021,43,0,1
45,1,1,3,1,1,13024,106,0,3
43,1,1,2,1,1,13025,143,0,1
38,1,1,2,1,1,13028,89,0,1
51,1,1,3,1,1,13029,122,0,1
42,1,1,1,1,1,13030,32,0,1
48,1,1,2,1,1,13031,148,0,1
38,1,1,1,1,1,13033,43,0,1
50,1,1,2,1,1,13034,68,0,1
44,0,1,2,1,1,13035,122,0,1
46,1,1,1,1,1,13036,117,0,1
44,1,1,1,1,1,13037,103,0,2
48,0,1,4,1,1,13038,115,0,3
54,1,1,4,1,1,13039,86,0,5
43,1,1,1,1,1,13043,NA,NA,NA
50,1,1,1,1,1,13046,418,0,1
52,1,1,4,1,1,13047,409,0,2
48,0,1,4,1,1,13048,68,0,3
49,1,1,3,1,1,13050,31,1,2
42,1,1,1,1,1,13051,31,0,2
43,1,1,2,1,1,13052,96,0,1
53,1,1,1,1,1,13054,125,0,1
50,1,1,3,1,1,13055,83,0,2
48,1,1,4,1,1,13059,40,1,1
56,1,1,1,1,1,13061,37,1,1
44,1,1,1,1,1,13062,80,0,1
43,1,1,3,1,1,13064,85,0,2
46,0,1,2,1,1,13065,27,1,2
62,1,1,2,1,1,13067,109,0,1
46,1,1,3,1,1,13069,83,0,2
45,1,1,4,1,1,13070,22,1,3
60,1,1,1,1,1,13071,88,0,1
46,1,1,3,1,1,13073,83,0,1
43,1,1,1,1,1,13075,174,0,1
49,1,1,2,1,1,13076,85,0,1
39,1,1,2,1,1,13078,42,0,1
48,1,1,2,1,1,13079,91,0,1
47,1,1,1,1,1,13080,50,0,1
54,1,1,1,1,1,13081,99,0,1
46,1,1,1,1,1,13082,49,0,3
48,1,1,1,1,1,13084,528,0,1
58,1,1,2,1,1,13085,32,1,1
44,1,1,1,1,1,13087,45,0,1
38,1,1,4,1,1,13089,82,0,5
37,1,1,4,1,1,13090,89,0,4
40,1,1,2,1,1,13091,54,0,2
49,1,1,2,1,1,13093,29,1,2
55,0,1,4,1,1,13094,107,0,5
47,1,1,2,1,1,13096,147,0,1
45,1,1,2,1,1,13097,58,0,1
55,1,1,1,1,1,13098,94,0,1
44,0,1,1,1,1,13099,34,0,1
59,1,1,4,1,1,13102,43,1,1
43,1,1,4,1,1,13103,NA,NA,NA
43,1,1,2,1,1,13104,48,0,1
46,1,1,4,1,1,13107,100,0,5
45,0,1,1,1,1,13109,103,0,1
56,1,1,4,1,1,13110,63,0,5
58,1,1,1,1,1,13111,32,1,1
45,1,1,2,1,1,13113,64,0,2
59,0,1,1,1,1,13114,88,0,2
51,1,1,1,1,1,13118,94,0,1
41,0,1,3,1,1,13120,71,0,4
48,1,1,2,1,1,13121,NA,NA,NA
41,1,1,4,1,1,13122,44,0,2
39,0,1,4,1,1,13125,78,0,2
49,0,1,2,1,1,13126,88,0,1
60,1,1,2,1,1,13129,42,1,2
48,1,1,2,1,1,13130,309,0,1
51,1,1,1,1,1,13133,79,0,4
49,1,1,4,1,1,13136,41,1,5
39,0,1,4,1,1,13137,49,0,3
52,1,1,1,1,1,13138,95,0,1
58,1,1,1,1,1,13139,NA,NA,NA
60,1,1,4,1,1,13140,47,1,4
NA,NA,1,2,1,1,13141,20,0,1
55,1,1,1,1,1,13142,66,1,2
51,1,1,3,1,1,13143,78,0,3
52,1,1,2,1,1,13144,42,1,2
50,1,1,3,1,1,13147,103,0,3
58,1,1,4,1,1,13148,NA,NA,NA
41,1,1,2,1,1,13149,104,0,1
42,0,1,1,1,1,13151,40,0,1
60,1,1,2,1,1,13152,NA,NA,NA
46,1,1,3,1,1,13153,NA,NA,NA
56,1,1,2,1,1,13158,132,0,1
43,0,1,1,1,1,13159,66,0,1
51,1,1,2,1,1,13160,80,0,3
47,0,1,3,1,1,13161,63,0,3
61,1,1,1,1,1,13163,44,1,1
50,1,1,3,1,1,13164,42,1,3
52,0,1,3,1,1,13165,54,1,1
49,1,1,4,1,1,13166,119,0,2
52,1,1,2,1,1,13167,38,1,1
52,1,1,2,1,1,13168,96,0,2
48,0,1,3,1,1,13169,61,0,2
47,1,1,3,1,1,13170,41,0,3
46,1,1,1,1,1,13174,87,0,1
55,0,1,3,1,1,13175,NA,NA,NA
43,1,1,1,1,1,13176,201,0,1
29,1,1,1,1,1,13178,89,0,2
52,1,1,3,1,1,13180,49,1,4
43,1,1,4,1,1,13182,50,0,3
NA,0,1,1,1,1,13183,118,0,2
39,1,1,3,1,1,13184,97,0,4
38,1,1,1,1,1,13185,88,0,2
48,1,1,1,1,1,13186,95,0,1
58,1,1,4,1,1,13188,NA,NA,NA
43,1,1,3,1,1,13189,117,0,1
53,1,1,4,1,1,13190,102,0,4
38,1,1,4,1,1,13191,42,0,1
NA,1,1,1,1,1,13193,101,0,1
59,1,1,1,1,1,13194,120,0,1
40,1,1,2,1,1,13195,39,0,3
46,0,1,2,1,1,13197,95,0,2
40,1,1,1,1,1,13199,76,0,1
53,1,1,2,1,1,13200,81,0,1
49,0,1,1,1,1,13201,86,0,1
34,1,1,3,1,1,13202,80,0,1
46,1,1,4,1,1,13205,102,0,5
39,0,1,1,1,1,13206,71,0,1
51,1,1,1,1,1,13207,103,0,1
47,1,1,4,1,1,13209,45,0,3
48,1,1,1,1,1,13210,60,0,1
44,1,1,3,1,1,13212,97,0,2
NA,1,1,4,1,1,13213,43,1,3
51,1,1,3,1,1,13214,53,1,4
55,1,1,1,1,1,13217,170,0,1
45,1,1,4,1,1,13218,59,0,1
33,1,1,4,1,1,13219,105,0,3
46,1,1,3,1,1,13223,38,0,1
48,1,1,1,1,1,13226,NA,NA,NA
42,1,1,2,1,1,13228,131,0,2
36,1,1,4,1,1,13230,112,0,3
64,0,1,2,1,1,13231,72,0,1
45,1,1,1,1,1,13233,277,0,1
49,1,1,1,1,1,13234,171,0,1
NA,0,1,1,1,1,13235,108,0,2
48,1,1,1,1,1,13237,18,1,1
39,1,1,3,1,1,13238,44,0,2
43,1,1,4,1,1,13239,82,0,5
NA,NA,1,1,1,1,13241,95,0,1
45,1,1,4,1,1,13242,81,0,5
44,1,1,1,1,1,13243,90,0,1
48,1,1,2,1,1,13246,120,0,1
41,1,1,4,1,1,13247,88,0,3
36,0,1,4,1,1,13248,45,0,3
55,1,1,3,1,1,13249,58,1,2
53,1,1,4,1,1,13250,30,1,4
50,1,1,3,1,1,13252,NA,NA,NA
45,1,1,4,1,1,13253,43,0,5
51,1,1,3,1,1,13255,44,1,3
55,0,1,3,1,1,13258,48,1,1
43,1,1,3,1,1,13259,32,0,1
47,0,1,3,1,1,13260,665,0,3
54,1,1,4,1,1,13261,41,1,2
41,0,1,3,1,1,13262,48,0,2
58,0,1,1,1,1,13264,26,1,1
38,0,1,2,1,1,13266,93,0,1
58,1,1,1,1,1,13270,73,0,2
47,1,1,1,1,1,13271,67,0,1
53,1,1,4,1,1,13272,118,0,2
50,1,1,2,1,1,13277,92,0,1
48,0,1,4,1,1,13278,NA,NA,NA
55,1,1,2,1,1,13279,NA,NA,NA
39,1,1,1,1,1,13281,88,0,1
46,0,1,4,1,1,13284,84,0,3
48,1,1,3,1,1,13288,44,0,3
41,1,1,3,1,1,13290,24,0,3
40,1,1,4,1,1,13291,51,0,3
44,0,1,1,1,1,13292,NA,NA,NA
49,0,1,3,1,1,13295,32,0,2
41,1,1,1,1,1,13296,104,0,1
45,1,1,1,1,1,13297,125,0,1
38,0,1,3,1,1,13298,47,0,4
NA,0,1,2,1,1,13300,162,0,1
48,1,1,4,1,1,13301,46,0,4
44,1,1,3,1,1,13302,68,0,1
43,0,1,2,1,1,13303,88,0,1
52,1,1,1,1,1,13305,41,1,2
48,1,1,1,1,1,13306,81,0,1
47,1,1,4,1,1,13307,41,0,2
51,1,1,3,1,1,13309,47,1,3
NA,1,1,3,1,1,13312,20,1,3
NA,1,1,2,1,1,13313,5,1,1
38,1,1,4,1,1,13314,107,0,3
42,1,1,2,1,1,13315,75,0,2
44,1,1,3,1,1,13318,43,0,5
55,1,1,3,1,1,13319,NA,NA,NA
44,0,1,1,1,1,13321,84,0,1
44,1,1,3,1,1,13323,107,0,1
49,1,1,4,1,1,13324,26,1,3
51,0,1,1,1,1,13326,139,0,1
45,0,1,2,1,1,13330,89,0,1
47,1,1,3,1,1,13331,243,0,2
45,1,1,3,1,1,13332,46,0,2
50,1,1,2,1,1,13335,NA,NA,NA
41,1,1,3,1,1,13336,83,0,5
51,1,1,3,1,1,13337,69,0,3
41,1,1,2,1,1,13339,127,0,1
56,0,1,4,1,1,13340,51,1,2
46,1,1,2,1,1,13341,81,0,1
55,1,1,3,1,1,13342,104,0,3
59,1,1,4,1,1,13345,89,0,2
45,0,1,1,1,1,13346,77,0,1
NA,1,1,4,1,1,13347,40,0,4
54,1,1,4,1,1,13349,58,1,3
46,1,1,1,1,1,13350,101,0,1
43,0,1,4,1,1,13352,47,0,1
47,1,1,2,1,1,13353,83,0,1
51,1,1,1,1,1,13354,NA,NA,NA
44,1,1,2,1,1,13356,99,0,1
50,1,1,1,1,1,13358,95,0,2
37,1,1,4,1,1,13359,108,0,4
50,1,1,2,1,1,13361,139,0,1
46,1,1,1,1,1,13362,108,0,3
46,0,1,2,1,1,13366,NA,NA,NA
45,0,1,3,1,1,13370,115,0,4
44,1,1,1,1,1,13371,175,0,1
51,1,1,2,1,1,13372,76,0,2
40,1,1,2,1,1,13373,84,0,2
49,1,1,4,1,1,13374,23,1,2
58,1,1,2,1,1,13375,43,1,2
51,0,1,2,1,1,13376,41,1,2
48,1,1,2,1,1,13379,75,0,1
45,1,1,3,1,1,13381,111,0,3
48,1,1,1,1,1,13383,176,0,1
57,1,1,2,1,1,13384,69,1,1
37,1,1,3,1,1,13385,83,0,1
38,1,1,3,1,1,13390,103,0,1
45,1,1,2,1,1,13392,83,0,1
51,0,1,2,1,1,13393,60,0,1
48,1,1,1,1,1,13395,92,0,4
43,1,1,3,1,1,13398,431,0,2
47,0,1,3,1,1,13400,32,1,5
45,1,1,3,1,1,13401,21,1,2
58,1,1,4,1,1,13402,75,1,4
41,1,1,4,1,1,13403,36,0,3
41,0,1,2,1,1,13405,157,0,3
50,1,1,1,1,1,13406,101,0,1
41,1,1,3,1,1,13407,43,0,3
45,0,1,4,1,1,13408,94,0,2
46,1,1,4,1,1,13409,60,0,4
46,1,1,1,1,1,13413,77,0,1
49,0,1,1,1,1,13414,51,0,2
45,1,1,1,1,1,13415,41,0,1
48,1,1,2,1,1,13416,44,0,1
42,1,1,3,1,1,13417,49,0,1
36,0,1,2,1,1,13418,90,0,4
61,0,1,4,1,1,13420,150,0,3
53,1,1,1,1,1,13421,320,0,1
49,1,1,3,1,1,13423,71,0,2
49,0,1,2,1,1,13424,114,0,1
51,1,1,2,1,1,13432,26,1,1
47,1,1,3,1,1,13434,NA,NA,NA
50,0,1,4,1,1,13436,95,0,3
50,1,1,3,1,1,13438,41,1,2
44,1,1,3,1,1,13439,34,0,2
58,0,1,4,1,1,13441,56,1,4
43,1,1,2,1,1,13443,69,0,1
58,0,1,1,1,1,13446,45,1,1
37,1,1,1,1,1,13447,157,0,1
45,1,1,2,1,1,13452,47,0,2
48,0,1,1,1,1,13453,113,0,1
54,0,1,4,1,1,13455,100,0,3
55,1,1,1,1,1,13456,33,1,1
40,1,1,4,1,1,13458,65,0,2
47,1,1,3,1,1,13459,100,0,2
37,1,1,3,1,1,13460,72,0,4
40,1,1,2,1,1,13461,105,0,1
49,1,1,1,1,1,13462,44,1,1
39,0,1,4,1,1,13463,47,0,4
39,1,1,1,1,1,13465,90,0,1
61,1,1,1,1,1,13469,101,0,1
53,1,1,1,1,1,13472,NA,NA,NA
54,1,1,3,1,1,13473,50,1,1
52,1,1,3,1,1,13474,106,0,2
56,1,1,3,1,1,13475,29,1,2
47,1,1,4,1,1,13477,85,0,4
52,1,1,3,1,1,13480,46,1,1
45,1,1,3,1,1,13481,61,0,1
43,0,1,1,1,1,13482,672,0,1
46,0,1,4,1,1,13483,106,0,2
55,1,1,3,1,1,13484,83,0,1
44,1,1,4,1,1,13485,42,0,2
48,0,1,3,1,1,13486,101,0,2
36,1,1,2,1,1,13489,77,0,1
55,1,1,4,1,1,13490,42,1,5
49,1,1,4,1,1,13491,42,1,3
42,1,1,1,1,1,13492,27,0,1
54,1,1,4,1,1,13493,57,1,2
55,1,1,4,1,1,13494,57,0,1
39,1,1,2,1,1,13495,42,0,1
46,1,1,1,1,1,13496,63,0,1
47,1,1,1,1,1,13498,48,0,4
43,1,1,4,1,1,13499,105,0,4
45,0,1,1,1,1,13500,45,0,1
49,1,1,1,1,1,13501,104,0,1
45,0,1,3,1,1,13503,22,1,3
50,1,1,3,1,1,13505,61,0,3
51,1,1,4,1,1,13506,NA,NA,NA
54,1,1,4,1,1,13507,63,1,2
54,1,1,1,1,1,13508,84,0,2
43,1,1,2,1,1,13509,92,0,1
52,1,1,3,1,1,13510,NA,NA,NA
52,1,1,1,1,1,13515,45,1,1
47,1,1,1,1,1,13516,83,0,1
57,1,1,1,1,1,13517,65,0,1
52,1,1,2,1,1,13519,NA,NA,NA
49,1,1,2,1,1,13521,NA,NA,NA
50,1,1,4,1,1,13526,53,0,2
48,1,1,1,1,1,13527,102,0,2
64,1,1,1,1,1,13528,NA,NA,NA
61,0,1,2,1,1,13530,24,1,1
49,1,1,3,1,1,13532,NA,NA,NA
54,1,1,4,1,1,13533,49,1,5
57,1,1,3,1,1,13538,47,1,2
35,1,1,4,1,1,13539,110,0,3
60,1,1,3,1,1,13540,16,1,1
43,1,1,3,1,1,13543,47,0,3
56,0,1,2,1,1,13544,117,0,1
54,1,1,3,1,1,13545,82,0,2
48,1,1,1,1,1,13546,113,0,1
58,1,1,1,1,1,13547,NA,NA,NA
43,1,1,2,1,1,13551,75,0,1
52,1,1,3,1,1,13556,85,0,1
48,1,1,3,1,1,13557,89,0,1
48,1,1,3,1,1,13558,NA,NA,NA
48,1,1,4,1,1,13559,85,0,4
44,1,1,1,1,1,13560,41,0,2
53,1,1,4,1,1,13562,48,0,5
54,1,1,2,1,1,13565,50,1,1
42,0,1,2,1,1,13567,89,0,1
45,1,1,2,1,1,13568,102,0,3
52,0,1,1,1,1,13571,55,1,1
41,1,1,3,1,1,13572,38,0,4
53,1,1,4,1,1,13573,104,0,4
44,1,1,1,1,1,13574,54,0,1
45,1,1,3,1,1,13575,191,0,3
50,1,1,3,1,1,13578,80,0,2
44,0,1,4,1,1,13580,59,0,1
39,0,1,4,1,1,13581,35,0,4
57,1,1,1,1,1,13583,66,0,1
46,1,1,3,1,1,13585,45,0,2
42,1,1,4,1,1,13586,55,0,5
46,1,1,1,1,1,13589,50,0,2
57,1,1,4,1,1,13590,71,1,3
52,1,1,2,1,1,13591,NA,NA,NA
44,1,1,4,1,1,13592,45,0,1
47,1,1,1,1,1,13595,88,0,1
47,1,1,1,1,1,13596,102,0,1
56,1,1,3,1,1,13598,115,0,1
40,0,1,3,1,1,13599,57,0,1
30,1,1,4,1,1,13600,84,0,3
54,1,1,1,1,1,13603,26,1,1
43,1,1,2,1,1,13608,70,0,1
37,1,1,4,1,1,13609,45,0,3
45,1,1,2,1,1,13610,104,0,1
41,1,1,1,1,1,13612,106,0,1
42,1,1,2,1,1,13613,61,0,2
57,1,1,4,1,1,13615,NA,NA,NA
39,1,1,2,1,1,13616,94,0,1
45,1,1,4,1,1,13617,39,0,4
57,1,1,4,1,1,13618,46,1,3
52,1,1,3,1,1,13619,36,1,3
45,1,1,1,1,1,13621,85,0,1
44,1,1,1,1,1,13622,111,0,1
48,0,1,2,1,1,13624,78,0,1
41,1,1,1,1,1,13627,192,0,1
38,1,1,3,1,1,13633,23,0,2
64,1,1,4,1,1,13634,33,1,1
49,1,1,3,1,1,13636,48,0,2
44,1,1,2,1,1,13638,97,0,1
46,1,1,4,1,1,13639,68,0,4
46,1,1,3,1,1,13640,109,0,3
45,1,1,2,1,1,13641,160,0,1
53,1,1,4,1,1,13642,25,1,2
62,1,1,4,1,1,13643,NA,NA,NA
43,1,1,2,1,1,13646,102,0,3
46,1,1,1,1,1,13647,402,0,3
42,1,1,4,1,1,13648,49,0,3
39,0,1,4,1,1,13650,89,0,5
42,1,1,4,1,1,13651,65,0,3
41,1,1,3,1,1,13655,46,0,2
48,1,1,1,1,1,13658,71,0,1
53,1,1,3,1,1,13660,105,0,5
46,1,1,2,1,1,13662,112,0,1
46,1,1,2,1,1,13664,99,0,1
49,1,1,4,1,1,13666,80,0,4
41,1,1,4,1,1,13667,61,0,5
42,1,1,4,1,1,13670,61,0,3
44,1,1,1,1,1,13672,50,0,1
71,0,1,2,1,1,13675,NA,NA,NA
46,1,1,1,1,1,13676,75,0,1
49,0,1,1,1,1,13677,56,0,3
52,1,1,4,1,1,13680,59,0,5
41,1,1,2,1,1,13682,62,0,1
45,1,1,2,1,1,13683,120,0,1
39,1,1,4,1,1,13686,46,0,4
57,1,1,4,1,1,13688,40,1,2
56,0,1,4,1,1,13689,NA,NA,NA
56,0,1,2,1,1,13691,NA,NA,NA
43,1,1,4,1,1,13695,104,0,4
58,1,1,1,1,1,13699,88,0,1
47,0,1,1,1,1,13700,71,0,1
44,0,1,1,1,1,13701,59,0,1
40,1,1,1,1,1,13703,25,0,1
46,1,1,4,1,1,13704,45,0,2
50,1,1,4,1,1,13706,39,1,3
56,1,1,1,1,1,13710,90,0,1
52,0,1,1,1,1,13712,57,0,1
50,1,1,2,1,1,13714,37,1,2
46,0,1,2,1,1,13715,51,0,1
48,1,1,3,1,1,13717,74,0,2
NA,1,1,4,1,1,13722,48,0,5
NA,NA,1,4,1,1,13723,47,1,5
37,1,1,3,1,1,13724,426,0,3
52,1,1,1,1,1,13725,30,1,1
51,1,1,1,1,1,13726,98,0,1
51,1,1,3,1,1,13727,153,0,1
54,0,1,4,1,1,13730,84,0,4
49,1,1,4,1,1,13731,26,1,3
40,0,1,4,1,1,13732,80,0,3
50,1,1,3,1,1,13738,18,1,1
38,1,1,1,1,1,13741,60,0,1
49,1,1,2,1,1,13742,45,1,1
60,0,1,1,1,1,13744,117,0,1
50,1,1,2,1,1,13745,109,0,3
53,1,1,1,1,1,13746,NA,NA,NA
45,1,1,3,1,1,13752,37,0,2
35,1,1,3,1,1,13753,83,0,1
56,1,1,3,1,1,13754,NA,NA,NA
49,1,1,1,1,1,13756,75,0,1
60,1,1,3,1,1,13757,NA,NA,NA
42,0,1,1,1,1,13758,73,0,1
41,0,1,2,1,1,13759,42,0,1
43,1,1,1,1,1,13760,91,0,1
48,1,1,1,1,1,13762,85,0,1
32,1,1,4,1,1,13763,32,0,3
46,1,1,4,1,1,13764,54,0,3
45,1,1,1,1,1,13765,98,0,1
56,1,1,1,1,1,13767,108,0,1
51,1,1,4,1,1,13768,55,0,4
57,0,1,3,1,1,13769,76,0,1
46,1,1,1,1,1,13770,83,0,2
39,1,1,2,1,1,13771,30,0,1
48,1,1,1,1,1,13772,20,0,2
43,1,1,2,1,1,13773,85,0,1
45,1,1,1,1,1,13774,165,0,1
54,1,1,1,1,1,13776,71,0,1
44,1,1,4,1,1,13777,46,0,1
46,0,1,1,1,1,13778,70,0,1
43,0,1,3,1,1,13781,105,0,5
44,1,1,1,1,1,13782,43,0,1
35,1,1,2,1,1,13783,30,0,2
57,1,1,2,1,1,13784,89,0,1
51,1,1,4,1,1,13785,18,1,3
51,1,1,4,1,1,13787,33,0,4
40,0,1,4,1,1,13789,112,0,4
47,1,1,4,1,1,13790,95,0,3
48,1,1,2,1,1,13791,51,0,1
48,1,1,1,1,1,13793,97,0,1
42,1,1,2,1,1,13794,77,0,1
56,0,1,2,1,1,13795,51,1,2
45,1,1,1,1,1,13797,76,0,1
50,1,1,1,1,1,13799,64,0,1
51,1,1,1,1,1,13800,85,0,1
50,1,1,4,1,1,13801,43,1,1
69,1,1,1,1,1,13803,NA,NA,NA
45,0,1,2,1,1,13807,80,0,1
46,1,1,4,1,1,13808,76,0,1
41,1,1,1,1,1,13809,75,0,1
54,1,1,1,1,1,13811,50,1,2
49,0,1,2,1,1,13813,46,1,1
49,1,1,1,1,1,13814,29,1,2
52,1,1,4,1,1,13815,44,1,5
50,1,1,2,1,1,13816,64,0,2
45,1,1,1,1,1,13817,84,0,1
44,1,1,3,1,1,13818,30,1,3
43,0,1,2,1,1,13819,110,0,2
47,1,1,2,1,1,13823,81,0,1
60,1,1,3,1,1,13824,55,0,1
38,0,1,2,1,1,13826,91,0,1
43,1,1,4,1,1,13828,175,0,3
54,1,1,1,1,1,13830,91,0,1
57,1,1,2,1,1,13832,NA,NA,NA
47,1,1,4,1,1,13833,102,0,5
44,0,1,2,1,1,13836,97,0,1
50,1,1,3,1,1,13839,53,0,1
44,1,1,1,1,1,13841,52,0,2
48,0,1,4,1,1,13842,21,1,4
47,1,1,4,1,1,13843,108,0,4
48,0,1,1,1,1,13844,44,0,1
46,1,1,2,1,1,13846,98,0,1
46,0,1,4,1,1,13847,92,0,3
44,0,1,1,1,1,13848,245,0,1
43,1,1,2,1,1,13849,24,1,1
53,1,1,4,1,1,13850,20,1,1
46,1,1,2,1,1,13851,61,0,3
51,0,1,2,1,1,13852,47,1,1
47,0,1,3,1,1,13853,51,0,3
49,0,1,1,1,1,13854,121,0,1
38,1,1,1,1,1,13856,54,0,3
50,1,1,2,1,1,13860,86,0,2
45,0,1,2,1,1,13861,80,0,1
54,0,1,2,1,1,13862,64,1,1
43,1,1,3,1,1,13864,52,0,1
49,1,1,3,1,1,13865,25,1,1
50,1,1,2,1,1,13866,58,0,2
42,1,1,4,1,1,13867,102,0,5
50,1,1,4,1,1,13869,101,0,5
44,1,1,3,1,1,13870,107,0,1
54,1,1,3,1,1,13871,47,1,1
45,1,1,4,1,1,13873,29,1,3
41,0,1,2,1,1,13874,50,0,1
NA,1,1,2,1,1,13875,108,0,3
NA,1,1,1,1,1,13878,NA,NA,NA
53,1,1,2,1,1,13882,62,0,2
47,0,1,2,1,1,13883,142,0,1
41,1,1,3,1,1,13884,67,0,2
54,0,1,3,1,1,13885,81,0,1
43,1,1,4,1,1,13887,44,0,3
44,1,1,4,1,1,13891,46,0,5
35,1,1,1,1,1,13892,113,0,1
47,1,1,3,1,1,13893,80,0,2
48,0,1,1,1,1,13894,78,0,1
45,1,1,1,1,1,13895,85,0,1
52,0,1,1,1,1,13896,45,0,1
63,1,1,1,1,1,13898,148,0,1
41,1,1,2,1,1,13899,41,0,1
51,1,1,1,1,1,13901,70,0,1
52,1,1,3,1,1,13903,110,0,3
42,1,1,2,1,1,13904,129,0,1
44,1,1,2,1,1,13905,76,0,1
45,1,1,4,1,1,13909,82,0,3
37,0,1,2,1,1,13910,108,0,1
55,1,1,4,1,1,13911,NA,NA,NA
55,1,1,3,1,1,13912,NA,NA,NA
49,1,1,1,1,1,13913,44,1,1
NA,1,1,4,1,1,13914,79,0,4
48,1,1,3,1,1,13915,44,0,3
42,1,1,2,1,1,13916,177,0,1
60,1,1,2,1,1,13917,63,1,1
51,1,1,3,1,1,13919,NA,NA,NA
44,1,1,2,1,1,13920,23,1,1
37,1,1,2,1,1,13921,43,0,1
61,1,1,2,1,1,13922,43,1,4
51,1,1,4,1,1,13923,269,0,5
46,1,1,3,1,1,13925,44,0,3
56,1,1,2,1,1,13926,62,0,2
48,1,1,1,1,1,13928,81,0,1
43,0,1,2,1,1,13929,111,0,1
39,1,1,4,1,1,13930,64,0,3
54,1,1,4,1,1,13933,42,1,3
33,1,1,3,1,1,13934,24,0,1
45,1,1,4,1,1,13936,88,0,3
50,1,1,3,1,1,13938,30,0,2
52,1,1,2,1,1,13940,88,0,1
58,0,1,2,1,1,13941,72,0,1
44,1,1,1,1,1,13944,103,0,1
52,0,1,2,1,1,13946,104,0,2
37,1,1,2,1,1,13948,NA,NA,NA
51,1,1,2,1,1,13949,82,0,1
49,0,1,2,1,1,13950,46,1,1
46,1,1,3,1,1,13951,77,0,3
47,1,1,4,1,1,13955,47,0,1
49,1,1,4,1,1,13958,84,0,5
44,0,1,4,1,1,13959,84,0,3
44,1,1,1,1,1,13960,185,0,1
45,1,1,4,1,1,13962,48,0,2
47,1,1,4,1,1,13963,74,0,3
56,0,1,1,1,1,13966,76,0,1
42,1,1,3,1,1,13967,124,0,3
43,1,1,2,1,1,13969,96,0,2
56,1,1,3,1,1,13970,NA,NA,NA
54,0,1,4,1,1,13971,82,0,1
42,1,1,3,1,1,13974,92,0,2
55,0,1,2,1,1,13976,32,1,1
52,1,1,2,1,1,13978,110,0,1
40,1,1,2,1,1,13979,82,0,1
42,1,1,1,1,1,13981,176,0,3
61,1,1,3,1,1,13982,NA,NA,NA
55,1,1,4,1,1,13986,83,0,3
41,1,1,1,1,1,13988,65,0,1
38,1,1,4,1,1,13989,111,0,3
48,1,1,3,1,1,13990,51,0,4
47,0,1,4,1,1,13996,105,0,4
36,1,1,1,1,1,13997,43,0,1
40,1,1,2,1,1,13998,43,0,1
50,0,1,1,1,1,13999,127,0,1
53,1,1,1,1,1,14002,83,0,1
42,1,1,2,1,1,14003,41,0,1
57,1,1,3,1,1,14005,42,1,2
45,1,1,1,1,1,14009,83,0,1
54,0,1,2,1,1,14010,48,1,1
48,1,1,1,1,1,14011,16,1,1
42,1,1,3,1,1,14012,22,1,1
48,1,1,1,1,1,14013,98,0,1
41,1,1,2,1,1,14015,53,0,1
50,1,1,2,1,1,14017,78,0,1
46,1,1,2,1,1,14019,97,0,1
60,1,1,3,1,1,14020,192,0,4
31,1,1,4,1,1,14022,61,0,2
46,0,1,3,1,1,14023,71,0,1
46,0,1,4,1,1,14024,NA,NA,NA
52,1,1,1,1,1,14025,65,0,1
49,1,1,4,1,1,14027,113,0,3
60,1,1,1,1,1,14033,94,0,1
47,1,1,1,1,1,14034,66,0,1
46,1,1,1,1,1,14036,70,0,1
44,1,1,2,1,1,14037,163,0,1
52,1,1,3,1,1,14038,74,0,3
53,1,1,1,1,1,14039,88,0,1
47,1,1,4,1,1,14040,76,0,3
41,1,1,1,1,1,14041,31,0,1
32,1,1,1,1,1,14043,62,0,1
53,1,1,2,1,1,14044,152,0,1
52,1,1,2,1,1,14045,60,0,1
59,1,1,1,1,1,14047,207,0,1
45,1,1,4,1,1,14048,98,0,5
45,1,1,2,1,1,14049,44,0,1
40,1,1,2,1,1,14050,82,0,1
47,1,1,4,1,1,14051,27,1,3
48,1,1,3,1,1,14052,103,0,3
46,1,1,2,1,1,14054,97,0,1
39,1,1,3,1,1,14059,91,0,1
44,0,1,2,1,1,14060,NA,NA,NA
51,0,1,1,1,1,14061,46,1,1
49,1,1,3,1,1,14065,78,0,3
46,1,1,1,1,1,14066,20,1,1
46,1,1,3,1,1,14071,104,0,1
58,1,1,1,1,1,14072,24,1,1
46,0,1,1,1,1,14073,133,0,1
37,1,1,2,1,1,14074,82,0,1
39,1,1,1,1,1,14081,88,0,1
46,1,1,1,1,1,14083,45,0,1
56,1,1,1,1,1,14084,NA,NA,NA
53,1,1,2,1,1,14086,53,1,1
48,1,1,3,1,1,14087,54,0,2
52,1,1,1,1,1,14091,95,0,1
56,0,1,4,1,1,14092,42,1,3
47,1,1,2,1,1,14093,48,0,3
49,1,1,2,1,1,14095,43,1,1
46,1,1,3,1,1,14097,106,0,4
37,1,1,3,1,1,14098,81,0,2
43,1,1,1,1,1,14099,NA,NA,NA
52,1,1,3,1,1,14100,27,1,1
37,0,1,3,1,1,14101,111,0,1
64,1,1,1,1,1,14105,NA,NA,NA
37,1,1,3,1,1,14106,32,0,2
47,1,1,3,1,1,14107,45,0,2
52,0,1,1,1,1,14108,48,1,3
53,1,1,1,1,1,14110,97,0,1
48,1,1,3,1,1,14111,50,0,3
NA,NA,1,2,1,1,14112,91,0,1
45,1,1,1,1,1,14113,115,0,1
54,1,1,4,1,1,14115,NA,NA,NA
48,1,1,1,1,1,14116,65,0,1
38,1,1,4,1,1,14117,43,0,4
43,1,1,3,1,1,14118,104,0,2
52,1,1,2,1,1,14119,108,0,2
43,1,1,4,1,1,14121,47,0,4
31,1,1,2,1,1,14122,200,0,1
46,0,1,3,1,1,14125,110,0,3
50,1,1,2,1,1,14128,71,0,2
51,1,1,3,1,1,14131,81,0,1
50,1,1,3,1,1,14132,58,0,1
42,1,1,1,1,1,14133,25,0,1
49,1,1,4,1,1,14135,46,0,4
51,1,1,2,1,1,14137,NA,NA,NA
46,0,1,3,1,1,14141,46,0,3
NA,NA,1,4,1,1,14142,67,0,4
50,1,1,3,1,1,14143,45,1,2
59,0,1,1,1,1,14144,NA,NA,NA
55,1,1,1,1,1,14152,253,0,1
49,0,1,2,1,1,14153,108,0,1
NA,1,1,1,1,1,14154,92,0,1
52,1,1,1,1,1,14157,NA,NA,NA
52,1,1,2,1,1,14158,82,0,1
53,0,1,2,1,1,14159,48,0,1
57,1,1,2,1,1,14160,32,1,2
59,1,1,1,1,1,14161,83,0,1
50,1,1,1,1,1,14162,100,0,1
44,1,1,4,1,1,14164,24,1,3
52,0,1,3,1,1,14166,43,1,3
46,1,1,4,1,1,14168,206,0,3
40,1,1,2,1,1,14170,56,0,1
37,1,1,1,1,1,14171,81,0,2
46,1,1,3,1,1,14172,42,0,1
45,0,1,1,1,1,14173,81,0,1
35,1,1,2,1,1,14176,80,0,1
57,1,1,2,1,1,14177,NA,NA,NA
56,0,1,1,1,1,14178,56,1,1
50,1,1,3,1,1,14179,572,0,1
52,1,1,3,1,1,14180,66,0,1
51,1,1,1,1,1,14181,85,0,1
46,0,1,1,1,1,14184,131,0,1
52,1,1,1,1,1,14188,83,0,1
50,1,1,3,1,1,14190,140,0,4
33,1,1,1,1,1,14192,43,0,1
51,1,1,4,1,1,14193,68,0,3
48,1,1,4,1,1,14194,NA,NA,NA
44,1,1,1,1,1,14196,46,0,2
48,0,1,1,1,1,14197,103,0,1
50,1,1,3,1,1,14198,114,0,1
45,1,1,2,1,1,14202,95,0,1
45,0,1,4,1,1,14203,71,0,1
NA,1,1,1,1,1,14205,87,0,1
46,1,1,1,1,1,14208,59,0,1
39,1,1,3,1,1,14209,20,0,4
53,1,1,2,1,1,14211,NA,NA,NA
50,1,1,3,1,1,14212,54,0,4
54,1,1,4,1,1,14214,46,1,3
61,0,1,3,1,1,14217,65,1,2
47,1,1,1,1,1,14218,109,0,1
NA,1,1,1,1,1,14219,37,1,2
41,1,1,3,1,1,14220,89,0,1
55,1,1,2,1,1,14222,60,1,2
39,1,1,1,1,1,14224,73,0,1
45,1,1,1,1,1,14225,25,1,2
50,0,1,1,1,1,14226,NA,NA,NA
60,0,1,1,1,1,14227,102,0,1
41,1,1,3,1,1,14228,68,0,4
61,1,1,3,1,1,14230,68,0,1
41,1,1,4,1,1,14231,70,0,4
53,1,1,4,1,1,14233,NA,NA,NA
39,1,1,3,1,1,14235,110,0,1
43,1,1,1,1,1,14237,36,0,2
51,1,1,4,1,1,14238,69,0,5
49,1,1,3,1,1,14241,82,0,3
42,1,1,2,1,1,14242,NA,NA,NA
57,1,1,2,1,1,14245,45,1,1
44,1,1,1,1,1,14246,64,0,1
49,1,1,1,1,1,14247,114,0,3
41,1,1,1,1,1,14248,85,0,1
52,1,1,1,1,1,14251,55,1,1
54,1,1,1,1,1,14253,66,0,1
37,1,1,1,1,1,14254,46,0,1
52,0,1,4,1,1,14256,22,1,3
48,1,1,3,1,1,14258,25,1,1
43,1,1,3,1,1,14261,83,0,2
49,1,1,4,1,1,14262,53,0,2
54,0,1,4,1,1,14265,38,1,3
46,1,1,2,1,1,14267,73,0,2
47,1,1,3,1,1,14269,97,0,1
37,1,1,1,1,1,14271,51,0,1
55,0,1,1,1,1,14272,77,0,1
38,1,1,3,1,1,14274,50,0,3
45,1,1,3,1,1,14275,50,0,1
52,1,1,2,1,1,14276,62,0,1
45,1,1,4,1,1,14277,56,0,4
48,1,1,4,1,1,14278,90,0,2
46,0,1,3,1,1,14279,55,0,2
39,1,1,4,1,1,14280,83,0,5
53,1,1,4,1,1,14281,NA,NA,NA
58,1,1,4,1,1,14282,46,1,3
47,1,1,1,1,1,14284,37,1,2
52,1,1,2,1,1,14285,67,0,1
43,1,1,2,1,1,14286,32,0,2
39,1,1,2,1,1,14289,91,0,1
51,1,1,1,1,1,14290,NA,NA,NA
51,1,1,4,1,1,14291,41,1,4
58,1,1,2,1,1,14293,20,1,2
47,1,1,4,1,1,14296,34,1,4
65,1,1,3,1,1,14297,35,1,2
58,1,1,2,1,1,14298,68,1,1
51,1,1,2,1,1,14299,81,0,1
55,1,1,2,1,1,14300,41,1,1
56,1,1,1,1,1,14301,47,1,2
43,1,1,4,1,1,14302,60,0,4
40,1,1,3,1,1,14303,24,0,2
63,1,1,1,1,1,14304,49,1,1
55,1,1,3,1,1,14305,NA,NA,NA
49,1,1,1,1,1,14306,47,0,1
47,1,1,1,1,1,14308,144,0,3
49,1,1,2,1,1,14309,87,0,4
58,1,1,4,1,1,14311,NA,NA,NA
41,1,1,1,1,1,14312,56,0,1
44,1,1,1,1,1,14313,695,0,1
54,1,1,4,1,1,14315,102,0,3
56,1,1,3,1,1,14316,51,1,3
47,1,1,3,1,1,14320,42,0,2
36,1,1,2,1,1,14323,106,0,1
43,1,1,2,1,1,14326,43,0,1
44,0,1,3,1,1,14329,33,0,2
44,1,1,2,1,1,14330,98,0,1
45,0,1,3,1,1,14341,49,0,1
49,1,1,4,1,1,14342,69,0,3
43,1,1,3,1,1,14345,59,0,3
NA,NA,1,2,1,1,14346,91,0,1
44,1,1,1,1,1,14347,NA,NA,NA
41,1,1,2,1,1,14348,72,0,2
37,1,1,1,1,1,14351,98,0,1
53,1,1,4,1,1,14353,45,1,2
50,1,1,3,1,1,14354,NA,NA,NA
38,1,1,4,1,1,14356,28,0,3
51,1,1,2,1,1,14357,43,1,1
31,1,1,4,1,1,14359,104,0,4
42,1,1,3,1,1,14363,NA,NA,NA
50,1,1,1,1,1,14364,94,0,1
44,1,1,3,1,1,14365,102,0,1
44,0,1,1,1,1,14366,32,0,1
NA,0,1,4,1,1,14367,43,1,2
53,1,1,4,1,1,14369,108,0,5
49,1,1,3,1,1,14371,57,0,1
55,1,1,3,1,1,14372,NA,NA,NA
53,1,1,4,1,1,14374,23,1,3
53,1,1,4,1,1,14375,45,1,3
41,1,1,3,1,1,14377,42,0,3
54,0,1,1,1,1,14380,49,1,1
50,1,1,2,1,1,14382,53,0,1
53,0,1,4,1,1,14383,78,0,4
45,1,1,4,1,1,14385,104,0,3
50,0,1,3,1,1,14389,41,1,1
59,1,1,2,1,1,14391,98,0,1
36,1,1,2,1,1,14392,36,0,4
51,1,1,3,1,1,14394,82,0,1
46,1,1,4,1,1,14395,31,0,3
45,1,1,3,1,1,14396,53,0,3
56,1,1,3,1,1,14397,25,1,2
48,1,1,4,1,1,14400,102,0,2
46,1,1,1,1,1,14403,60,0,3
42,1,1,3,1,1,14404,41,0,4
49,1,1,3,1,1,14406,30,1,3
49,1,1,3,1,1,14407,85,0,1
55,1,1,3,1,1,14408,47,1,1
45,0,1,1,1,1,14411,84,0,1
39,1,1,4,1,1,14412,50,0,3
58,1,1,4,1,1,14414,NA,NA,NA
54,0,1,4,1,1,14415,43,1,5
46,0,1,1,1,1,14417,187,0,1
41,1,1,3,1,1,14418,33,0,2
44,1,1,4,1,1,14419,30,0,5
49,0,1,2,1,1,14420,100,0,1
37,1,1,1,1,1,14421,91,0,1
47,0,1,3,1,1,14422,71,0,1
46,1,1,2,1,1,14423,NA,NA,NA
46,1,1,2,1,1,14424,41,0,4
51,1,1,3,1,1,14426,479,0,1
32,1,1,2,1,1,14428,93,0,2
51,1,1,2,1,1,14430,44,1,1
45,1,1,1,1,1,14433,60,0,2
43,1,1,4,1,1,14434,44,0,4
44,1,1,4,1,1,14435,80,0,3
45,0,1,4,1,1,14439,65,0,1
48,1,1,2,1,1,14440,94,0,1
41,1,1,2,1,1,14442,36,0,1
46,0,1,4,1,1,14446,42,0,3
48,0,1,3,1,1,14448,48,0,3
45,1,1,4,1,1,14449,32,1,1
NA,NA,1,3,1,1,14450,21,0,2
44,1,1,3,1,1,14452,56,0,1
61,0,1,1,1,1,14453,NA,NA,NA
45,1,1,1,1,1,14454,48,0,1
57,1,1,2,1,1,14455,40,1,2
44,1,1,4,1,1,14457,68,0,1
47,1,1,1,1,1,14458,640,0,1
43,1,1,2,1,1,14459,49,0,1
44,1,1,3,1,1,14461,80,0,1
49,1,1,3,1,1,14463,92,0,3
51,1,1,1,1,1,14466,127,0,1
42,1,1,4,1,1,14467,42,0,3
54,0,1,3,1,1,14469,20,1,2
48,1,1,4,1,1,14470,9,1,1
42,1,1,4,1,1,14472,106,0,3
NA,1,1,3,1,1,14474,49,1,1
56,0,1,4,1,1,14476,NA,NA,NA
49,1,1,4,1,1,14477,22,1,3
45,1,1,2,1,1,14478,98,0,1
46,1,1,3,1,1,14479,95,0,4
48,1,1,2,1,1,14481,82,0,1
52,1,1,3,1,1,14485,74,0,3
44,0,1,2,1,1,14486,80,0,1
45,1,1,2,1,1,14489,26,1,1
40,1,1,2,1,1,14490,81,0,1
46,0,1,1,1,1,14492,104,0,1
55,1,1,3,1,1,14496,79,0,3
51,1,1,3,1,1,14497,NA,NA,NA
45,0,1,4,1,1,14498,32,1,2
48,0,1,1,1,1,14499,81,0,1
51,0,1,4,1,1,14501,75,0,4
55,0,1,2,1,1,14504,17,1,2
51,1,1,1,1,1,14506,95,0,1
40,1,1,1,1,1,14507,53,0,2
41,1,1,3,1,1,14509,49,0,1
47,1,1,2,1,1,14510,30,1,1
44,1,1,4,1,1,14511,104,0,1
51,1,1,1,1,1,14512,142,0,3
42,1,1,1,1,1,14515,54,0,1
43,1,1,1,1,1,14516,52,0,1
44,0,1,4,1,1,14519,NA,NA,NA
52,1,1,3,1,1,14520,81,0,3
50,1,1,4,1,1,14521,146,0,3
37,0,1,2,1,1,14522,30,0,1
61,1,1,1,1,1,14523,65,0,1
44,1,1,1,1,1,14524,62,0,1
44,1,1,3,1,1,14526,45,0,2
48,1,1,4,1,1,14529,30,0,2
48,1,1,2,1,1,14530,28,1,1
45,1,1,1,1,1,14531,21,1,1
42,1,1,1,1,1,14532,119,0,1
45,1,1,2,1,1,14535,82,0,1
39,0,1,3,1,1,14536,55,0,2
52,1,1,1,1,1,14542,88,0,1
50,1,1,4,1,1,14543,46,1,1
61,1,1,2,1,1,14546,49,1,1
57,1,1,1,1,1,14547,NA,NA,NA
55,1,1,2,1,1,14549,NA,NA,NA
50,0,1,4,1,1,14550,101,0,5
29,1,1,4,1,1,14551,54,0,1
55,1,1,1,1,1,14552,69,0,1
36,0,1,3,1,1,14553,97,0,1
47,1,1,2,1,1,14554,24,0,1
50,1,1,1,1,1,14557,91,0,1
48,0,1,3,1,1,14558,89,0,1
48,1,1,3,1,1,14563,90,0,2
43,1,1,3,1,1,14564,85,0,2
54,0,1,1,1,1,14565,54,1,1
50,0,1,1,1,1,14566,75,0,2
44,1,1,3,1,1,14567,59,0,1
44,1,1,1,1,1,14568,NA,NA,NA
47,1,1,1,1,1,14569,53,0,1
42,1,1,2,1,1,14571,78,0,1
39,1,1,2,1,1,14574,106,0,1
45,0,1,1,1,1,14575,53,0,2
44,1,1,4,1,1,14576,405,0,3
49,1,1,1,1,1,14577,85,0,1
50,1,1,4,1,1,14578,NA,NA,NA
45,1,1,4,1,1,14581,47,0,5
NA,1,1,2,1,1,14582,41,0,1
54,0,1,2,1,1,14583,84,0,1
53,1,1,4,1,1,14585,61,0,3
49,0,1,4,1,1,14587,92,0,4
51,1,1,3,1,1,14589,42,1,1
52,1,1,2,1,1,14591,69,0,1
51,1,1,2,1,1,14594,NA,NA,NA
48,1,1,4,1,1,14595,58,0,3
44,1,1,2,1,1,14597,79,0,1
36,1,1,4,1,1,14598,109,0,5
47,1,1,4,1,1,14599,101,0,2
43,1,1,3,1,1,14601,20,1,1
46,1,1,1,1,1,14602,41,0,1
45,1,1,4,1,1,14606,21,1,2
42,1,1,3,1,1,14608,NA,NA,NA
56,1,1,4,1,1,14610,103,0,3
50,0,1,1,1,1,14611,NA,NA,NA
48,1,1,3,1,1,14613,801,0,3
40,1,1,4,1,1,14614,53,0,4
41,1,1,4,1,1,14617,161,0,3
43,1,1,2,1,1,14618,NA,NA,NA
44,0,1,2,1,1,14622,57,0,1
44,1,1,1,1,1,14624,109,0,1
49,1,1,1,1,1,14626,40,1,1
38,0,1,1,1,1,14628,403,0,3
44,1,1,2,1,1,14629,214,0,3
49,1,1,1,1,1,14630,107,0,2
43,1,1,2,1,1,14633,40,0,1
49,1,1,1,1,1,14635,41,1,3
46,1,1,2,1,1,14636,148,0,1
47,1,1,1,1,1,14637,50,0,2
47,1,1,2,1,1,14639,135,0,1
47,1,1,1,1,1,14640,67,0,1
49,0,1,1,1,1,14641,NA,NA,NA
56,1,1,4,1,1,14642,50,1,3
45,1,1,1,1,1,14643,82,0,1
57,1,1,1,1,1,14645,108,0,1
55,1,1,1,1,1,14646,15,1,1
54,0,1,1,1,1,14649,73,0,1
43,1,1,1,1,1,14651,43,0,1
39,1,1,1,1,1,14654,54,0,2
58,0,1,3,1,1,14655,NA,NA,NA
35,1,1,2,1,1,14656,87,0,1
40,0,1,3,1,1,14657,59,0,1
44,1,1,4,1,1,14658,58,0,1
49,1,1,1,1,1,14659,132,0,1
36,0,1,4,1,1,14660,27,0,3
46,1,1,3,1,1,14663,NA,NA,NA
54,1,1,4,1,1,14666,56,1,1
54,1,1,4,1,1,14668,85,0,2
46,1,1,2,1,1,14673,103,0,1
52,1,1,4,1,1,14674,NA,NA,NA
50,1,1,2,1,1,14676,811,0,1
50,1,1,1,1,1,14677,NA,NA,NA
45,0,1,4,1,1,14678,42,0,3
45,1,1,4,1,1,14681,51,0,4
45,1,1,3,1,1,14682,114,0,3
47,1,1,3,1,1,14684,60,0,3
51,1,1,1,1,1,14687,53,0,3
57,1,1,4,1,1,14689,NA,NA,NA
47,0,1,2,1,1,14692,46,0,1
45,1,1,3,1,1,14695,48,0,2
37,1,1,1,1,1,14697,110,0,1
47,1,1,4,1,1,14698,61,0,4
41,1,1,3,1,1,14700,NA,NA,NA
49,1,1,4,1,1,14701,NA,NA,NA
43,1,1,4,1,1,14702,406,0,3
40,0,1,3,1,1,14703,97,0,1
53,1,1,3,1,1,14706,NA,NA,NA
39,1,1,4,1,1,14707,62,0,3
50,1,1,1,1,1,14708,104,0,1
58,1,1,4,1,1,14710,44,1,5
42,1,1,4,1,1,14711,100,0,4
47,1,1,4,1,1,14714,22,1,3
59,1,1,1,1,1,14715,62,1,1
44,1,1,1,1,1,14717,103,0,1
44,1,1,4,1,1,14720,44,0,1
45,1,1,4,1,1,14722,72,0,4
46,1,1,3,1,1,14725,52,0,2
48,1,1,3,1,1,14728,62,0,3
66,1,1,3,1,1,14730,46,1,2
48,1,1,4,1,1,14732,73,0,3
39,1,1,4,1,1,14734,97,0,3
43,1,1,3,1,1,14737,NA,NA,NA
42,1,1,3,1,1,14739,97,0,1
NA,NA,1,1,1,1,14740,79,0,1
59,1,1,2,1,1,14741,NA,NA,NA
56,1,1,4,1,1,14742,NA,NA,NA
53,1,1,4,1,1,14743,47,1,3
42,1,1,4,1,1,14744,27,0,3
46,1,1,1,1,1,14745,67,0,1
45,1,1,2,1,1,14746,64,0,1
51,1,1,3,1,1,14747,84,0,1
35,0,1,1,1,1,14748,71,0,1
48,1,1,4,1,1,14749,22,1,1
54,0,1,4,1,1,14750,83,0,4
51,1,1,4,1,1,14751,109,0,3
48,0,1,3,1,1,14752,71,0,1
51,1,1,1,1,1,14754,NA,NA,NA
49,1,1,4,1,1,14757,106,0,4
36,1,1,4,1,1,14759,171,0,3
50,0,1,3,1,1,14760,65,0,5
45,0,1,2,1,1,14761,NA,NA,NA
46,0,1,4,1,1,14762,NA,NA,NA
48,1,1,1,1,1,14764,80,0,1
51,1,1,1,1,1,14765,47,1,2
40,1,1,4,1,1,14766,57,0,4
44,0,1,3,1,1,14767,72,0,2
45,1,1,1,1,1,14768,59,0,3
48,1,1,1,1,1,14769,182,0,3
42,1,1,1,1,1,14770,95,0,1
41,1,1,1,1,1,14771,42,0,2
43,1,1,4,1,1,14774,43,0,2
46,1,1,3,1,1,14776,56,0,3
NA,1,1,2,1,1,14777,75,0,2
59,1,1,2,1,1,14778,62,0,1
48,1,1,2,1,1,14779,44,0,2
50,1,1,2,1,1,14781,29,1,2
52,1,1,2,1,1,14782,NA,NA,NA
46,0,1,4,1,1,14783,26,1,3
51,1,1,4,1,1,14784,60,0,5
62,1,1,3,1,1,14785,NA,NA,NA
40,1,1,1,1,1,14786,39,0,1
50,1,1,3,1,1,14787,42,1,1
56,1,1,3,1,1,14788,NA,NA,NA
53,0,1,1,1,1,14789,49,1,1
65,1,1,2,1,1,14791,NA,NA,NA
49,1,1,3,1,1,14793,103,0,5
46,0,1,3,1,1,14794,98,0,3
43,1,1,4,1,1,14796,43,0,1
47,1,1,2,1,1,14798,46,0,1
59,1,1,3,1,1,14805,NA,NA,NA
54,1,1,1,1,1,14806,82,0,1
45,1,1,3,1,1,14807,94,0,1
39,0,1,2,1,1,14808,93,0,1
55,1,1,4,1,1,14809,NA,NA,NA
53,1,1,4,1,1,14810,31,0,2
47,1,1,4,1,1,14813,98,0,5
46,1,1,3,1,1,14814,NA,NA,NA
51,1,1,4,1,1,14816,49,1,3
42,1,1,3,1,1,14817,41,0,2
50,1,1,2,1,1,14821,NA,NA,NA
49,1,1,2,1,1,14822,97,0,1
48,1,1,3,1,1,14823,110,0,1
49,0,1,2,1,1,14825,94,0,2
44,0,1,1,1,1,14826,NA,NA,NA
56,1,1,4,1,1,14827,NA,NA,NA
43,1,1,1,1,1,14829,48,0,1
49,1,1,1,1,1,14830,82,0,1
53,0,1,1,1,1,14831,165,0,1
55,0,1,1,1,1,14834,168,0,1
55,1,1,1,1,1,14835,56,1,1
59,1,1,4,1,1,14836,55,1,1
41,1,1,1,1,1,14837,64,0,1
60,1,1,2,1,1,14838,31,1,1
49,1,1,1,1,1,14839,105,0,1
45,1,1,3,1,1,14840,142,0,1
63,1,1,3,1,1,14841,37,1,4
59,1,1,4,1,1,14842,NA,NA,NA
41,1,1,3,1,1,14844,69,0,4
50,1,1,1,1,1,14845,NA,NA,NA
46,1,1,4,1,1,14846,43,0,1
44,1,1,3,1,1,14847,47,0,3
45,0,1,4,1,1,14850,53,0,4
44,0,1,1,1,1,14851,52,0,3
40,1,1,1,1,1,14853,71,0,1
57,1,1,1,1,1,14854,22,1,1
46,1,1,1,1,1,14856,NA,NA,NA
49,0,1,4,1,1,14857,76,0,2
50,1,1,1,1,1,14858,48,1,1
48,1,1,3,1,1,14859,50,0,2
50,1,1,1,1,1,14860,60,0,3
51,1,1,4,1,1,14863,NA,NA,NA
43,1,1,3,1,1,14864,71,0,3
49,1,1,3,1,1,14866,61,0,1
38,1,1,1,1,1,14867,84,0,1
43,1,1,4,1,1,14869,100,0,3
35,0,1,1,1,1,14870,76,0,4
36,1,1,2,1,1,14871,93,0,1
53,1,1,1,1,1,14873,48,1,2
36,1,1,2,1,1,14875,36,0,1
45,1,1,1,1,1,14877,25,1,1
51,1,1,4,1,1,14878,183,0,2
56,1,1,3,1,1,14879,119,0,1
38,0,1,3,1,1,14880,61,0,2
38,1,1,2,1,1,14881,59,0,1
50,1,1,4,1,1,14884,96,0,4
59,1,1,4,1,1,14886,42,1,1
42,1,1,3,1,1,14887,55,0,1
54,1,1,3,1,1,14888,40,1,4
39,1,1,2,1,1,14889,NA,NA,NA
56,0,1,4,1,1,14891,110,0,3
43,1,1,1,1,1,14893,99,0,1
47,1,1,2,1,1,14895,133,0,1
50,1,1,3,1,1,14896,107,0,1
58,1,1,4,1,1,14897,57,0,1
59,1,1,1,1,1,14898,NA,NA,NA
57,1,1,3,1,1,14899,90,0,2
50,1,1,2,1,1,14902,48,1,1
52,0,1,1,1,1,14905,NA,NA,NA
56,1,1,2,1,1,14906,NA,NA,NA
47,1,1,1,1,1,14907,45,0,1
NA,1,1,1,1,1,14909,55,0,1
45,0,1,1,1,1,14910,NA,NA,NA
57,0,1,3,1,1,14912,67,1,2
46,0,1,2,1,1,14914,84,0,1
37,0,1,1,1,1,14915,45,0,1
44,1,1,3,1,1,14917,44,0,2
57,1,1,2,1,1,14918,NA,NA,NA
50,1,1,2,1,1,14919,62,0,1
NA,0,1,4,1,1,14921,109,0,4
55,1,1,3,1,1,14922,24,1,1
57,1,1,1,1,1,14923,NA,NA,NA
49,1,1,1,1,1,14925,110,0,1
41,1,1,4,1,1,14927,74,0,3
45,0,1,2,1,1,14930,76,0,1
48,1,1,2,1,1,14933,433,0,1
NA,NA,1,3,1,1,14935,33,1,2
64,1,1,2,1,1,14936,NA,NA,NA
34,1,1,3,1,1,14942,111,0,2
NA,NA,1,1,1,1,14943,101,0,1
41,1,1,3,1,1,14944,102,0,1
55,1,1,2,1,1,14947,NA,NA,NA
51,0,1,1,1,1,14948,107,0,1
50,1,1,2,1,1,14949,61,0,1
51,1,1,1,1,1,14950,100,0,1
50,1,1,4,1,1,14952,101,0,4
46,1,1,4,1,1,14954,59,0,3
41,1,1,1,1,1,14955,28,0,1
56,1,1,3,1,1,14956,NA,NA,NA
57,0,1,1,1,1,14957,101,0,1
34,1,1,4,1,1,14958,103,0,4
44,1,1,1,1,1,14960,44,0,1
43,1,1,4,1,1,14961,31,0,2
47,0,1,1,1,1,14962,NA,NA,NA
54,1,1,4,1,1,14963,24,1,1
56,1,1,2,1,1,14964,NA,NA,NA
NA,1,1,2,1,1,14966,NA,NA,NA
47,1,1,3,1,1,14967,89,0,1
38,1,1,4,1,1,14969,88,0,3
49,1,1,3,1,1,14970,NA,NA,NA
54,1,1,2,1,1,14971,87,0,1
51,1,1,1,1,1,14972,50,1,2
49,1,1,2,1,1,14975,91,0,1
43,1,1,2,1,1,14976,51,0,1
45,0,1,4,1,1,14978,47,0,2
48,1,1,1,1,1,14979,136,0,1
56,1,1,4,1,1,14980,230,0,1
47,1,1,1,1,1,14984,61,0,3
63,1,1,1,1,1,14986,60,0,1
51,1,1,3,1,1,14987,61,0,1
44,1,1,1,1,1,14989,NA,NA,NA
46,1,1,1,1,1,14992,43,0,1
53,0,1,3,1,1,14993,50,0,2
48,1,1,4,1,1,14995,41,1,2
NA,NA,1,3,1,1,14996,45,1,3
45,1,1,4,1,1,14997,174,0,3
NA,1,1,1,1,1,15002,NA,NA,NA
33,0,1,2,1,1,15003,81,0,3
47,1,1,4,1,1,15004,95,0,4
39,0,1,1,1,1,15005,46,0,1
52,0,1,4,1,1,15006,53,1,3
53,0,1,2,1,1,15009,96,0,1
51,1,1,2,1,1,15010,96,0,1
65,1,1,4,1,1,15012,100,0,3
50,0,1,2,1,1,15013,NA,NA,NA
35,1,1,2,1,1,15014,46,0,2
60,1,1,2,1,1,15016,NA,NA,NA
46,1,1,1,1,1,15017,138,0,1
53,0,1,4,1,1,15018,110,0,3
45,1,1,2,1,1,15019,43,0,1
53,1,1,2,1,1,15020,47,0,1
65,0,1,3,1,1,15022,NA,NA,NA
45,0,1,2,1,1,15025,NA,NA,NA
56,1,1,3,1,1,15026,126,0,1
52,1,1,2,1,1,15027,102,0,1
41,0,1,1,1,1,15028,20,1,1
50,1,1,3,1,1,15030,51,0,3
44,1,1,2,1,1,15034,142,0,1
NA,1,1,1,1,1,15036,NA,NA,NA
53,1,1,4,1,1,15037,77,0,4
49,1,1,1,1,1,15041,NA,NA,NA
58,1,1,1,1,1,15043,26,1,1
51,1,1,1,1,1,15045,74,0,2
54,1,1,3,1,1,15047,NA,NA,NA
58,1,1,1,1,1,15049,70,1,1
NA,1,1,4,1,1,15050,NA,NA,NA
46,1,1,3,1,1,15051,74,0,3
49,1,1,2,1,1,15052,75,0,1
46,0,1,1,1,1,15053,27,1,1
39,1,1,1,1,1,15055,61,0,1
50,1,1,3,1,1,15056,NA,NA,NA
45,1,1,4,1,1,15058,55,0,3
54,1,1,3,1,1,15060,65,0,3
40,0,1,3,1,1,15061,79,0,3
46,0,1,3,1,1,15064,49,0,3
42,0,1,3,1,1,15065,NA,NA,NA
49,0,1,3,1,1,15066,164,0,2
51,1,1,3,1,1,15067,30,1,1
62,1,1,1,1,1,15069,96,0,1
53,1,1,1,1,1,15070,59,1,3
45,1,1,4,1,1,15071,119,0,1
49,1,1,1,1,1,15073,NA,NA,NA
62,1,1,1,1,1,15074,46,1,1
NA,NA,1,3,1,1,15075,82,0,2
44,1,1,1,1,1,15077,72,0,1
48,1,1,4,1,1,15078,100,0,2
43,1,1,2,1,1,15079,44,0,1
39,1,1,2,1,1,15080,86,0,1
50,1,1,2,1,1,15081,114,0,1
65,0,1,2,1,1,15082,55,1,2
47,1,1,1,1,1,15083,84,0,1
38,1,1,2,1,1,15085,164,0,1
46,1,1,2,1,1,15087,43,0,1
55,1,1,1,1,1,15089,100,0,2
46,1,1,2,1,1,15090,86,0,1
55,0,1,3,1,1,15091,NA,NA,NA
53,1,1,2,1,1,15092,63,0,1
42,1,1,3,1,1,15093,40,0,1
53,1,1,1,1,1,15094,NA,NA,NA
55,1,1,1,1,1,15096,96,0,1
55,1,1,1,1,1,15098,81,0,2
58,1,1,1,1,1,15099,46,0,1
50,1,1,3,1,1,15100,95,0,1
51,1,1,1,1,1,15101,90,0,1
48,0,1,2,1,1,15102,90,0,1
45,0,1,2,1,1,15103,112,0,3
50,1,1,2,1,1,15104,61,0,1
48,0,1,3,1,1,15105,102,0,1
57,1,1,3,1,1,15106,37,1,2
42,1,1,2,1,1,15107,80,0,1
44,1,1,2,1,1,15109,95,0,2
49,1,1,4,1,1,15110,52,0,4
39,0,1,4,1,1,15111,40,0,1
52,1,1,2,1,1,15113,102,0,1
49,1,1,4,1,1,15114,95,0,5
NA,NA,1,1,1,1,15115,NA,NA,NA
44,1,1,4,1,1,15116,91,0,2
50,0,1,1,1,1,15117,109,0,1
55,1,1,1,1,1,15119,140,0,2
51,1,1,1,1,1,15120,NA,NA,NA
54,1,1,2,1,1,15122,615,0,1
47,1,1,3,1,1,15123,NA,NA,NA
52,1,1,3,1,1,15125,27,1,2
54,0,1,3,1,1,15126,40,0,3
57,1,1,1,1,1,15128,23,1,1
51,0,1,1,1,1,15130,NA,NA,NA
42,0,1,4,1,1,15131,60,0,4
54,1,1,3,1,1,15132,NA,NA,NA
53,1,1,2,1,1,15134,NA,NA,NA
60,1,1,4,1,1,15135,NA,NA,NA
50,1,1,1,1,1,15136,64,0,3
49,0,1,2,1,1,15137,NA,NA,NA
34,1,1,3,1,1,15138,41,0,4
47,1,1,2,1,1,15141,83,0,1
48,1,1,3,1,1,15143,567,0,1
55,1,1,1,1,1,15144,108,0,1
49,0,1,2,1,1,15145,43,1,4
58,1,1,1,1,1,15146,NA,NA,NA
56,1,1,4,1,1,15147,NA,NA,NA
57,0,1,4,1,1,15149,NA,NA,NA
48,0,1,3,1,1,15152,NA,NA,NA
57,0,1,2,1,1,15153,NA,NA,NA
51,1,1,3,1,1,15154,76,0,4
NA,1,1,1,1,1,15155,NA,NA,NA
60,1,1,1,1,1,15158,NA,NA,NA
52,1,1,1,1,1,15160,81,0,1
49,1,1,2,1,1,15161,NA,NA,NA
43,0,1,4,1,1,15164,72,0,3
42,0,1,3,1,1,15165,51,0,1
44,1,1,2,1,1,15166,91,0,1
42,1,1,1,1,1,15167,87,0,1
51,1,1,1,1,1,15168,42,1,2
42,1,1,4,1,1,15169,57,0,3
48,1,1,4,1,1,15170,NA,NA,NA
38,1,1,1,1,1,15171,42,0,2
51,1,1,3,1,1,15173,104,0,4
56,0,1,3,1,1,15177,55,0,3
54,0,1,1,1,1,15178,92,0,1
44,0,1,3,1,1,15180,74,0,2
56,1,1,1,1,1,15181,36,1,1
55,1,1,1,1,1,15182,90,0,1
48,0,1,2,1,1,15183,82,0,1
56,0,1,1,1,1,15185,74,0,3
49,1,1,1,1,1,15186,75,0,1
51,0,1,4,1,1,15187,NA,NA,NA
43,1,1,2,1,1,15188,87,0,1
48,1,1,2,1,1,15192,NA,NA,NA
45,1,1,1,1,1,15199,81,0,1
52,1,1,3,1,1,15200,23,1,2
46,1,1,1,1,1,15202,NA,NA,NA
49,0,1,1,1,1,15203,89,0,1
51,1,1,1,1,1,15205,46,0,3
52,1,1,3,1,1,15206,26,1,1
42,1,1,2,1,1,15207,NA,NA,NA
44,1,1,4,1,1,15215,NA,NA,NA
35,1,1,3,1,1,15217,21,0,1
NA,NA,1,1,1,1,15219,29,1,1
38,1,1,1,1,1,15220,41,0,2
52,0,1,1,1,1,15222,175,0,1
58,1,1,3,1,1,15223,95,0,3
52,1,1,1,1,1,15225,54,1,1
38,1,1,1,1,1,15226,82,0,1
55,1,1,4,1,1,15228,63,1,4
59,1,1,4,1,1,15230,104,0,2
59,1,1,3,1,1,15231,44,1,3
54,1,1,4,1,1,15234,404,0,4
43,1,1,3,1,1,15236,31,0,2
57,0,1,4,1,1,15237,NA,NA,NA
41,1,1,3,1,1,15238,50,0,3
63,1,1,3,1,1,15239,42,1,4
55,1,1,1,1,1,15240,133,0,1
46,1,1,4,1,1,15243,280,0,4
47,1,1,4,1,1,15244,37,1,4
42,1,1,2,1,1,15245,86,0,1
54,1,1,4,1,1,15246,123,0,5
62,1,1,4,1,1,15247,80,0,5
53,1,1,2,1,1,15249,62,0,1
51,1,1,4,1,1,15250,103,0,3
41,0,1,1,1,1,15254,68,0,1
44,1,1,1,1,1,15255,94,0,1
39,1,1,3,1,1,15256,70,0,1
41,1,1,1,1,1,15259,34,0,1
62,1,1,2,1,1,15262,NA,NA,NA
52,1,1,3,1,1,15263,89,0,2
47,0,1,4,1,1,15264,60,0,4
45,1,1,4,1,1,15265,82,0,4
35,1,1,3,1,1,15272,107,0,2
48,1,1,2,1,1,15273,83,0,1
47,1,1,3,1,1,15276,41,0,1
NA,NA,1,1,1,1,15277,75,0,3
44,1,1,4,1,1,15279,111,0,5
52,1,1,1,1,1,15281,NA,NA,NA
55,1,1,3,1,1,15282,52,1,3
51,1,1,3,1,1,15284,103,0,2
NA,0,1,2,1,1,15286,105,0,1
52,0,1,3,1,1,15287,29,1,4
40,1,1,1,1,1,15290,NA,NA,NA
NA,NA,1,3,1,1,15292,41,0,2
42,1,1,1,1,1,15293,758,0,1
55,1,1,3,1,1,15294,36,1,1
50,1,1,4,1,1,15295,77,0,3
45,0,1,4,1,1,15298,41,0,3
48,1,1,4,1,1,15299,70,0,4
57,1,1,2,1,1,15301,104,0,3
37,0,1,3,1,1,15302,69,0,1
57,1,1,4,1,1,15303,59,0,3
48,1,1,1,1,1,15304,53,0,1
53,1,1,1,1,1,15307,99,0,1
58,1,1,3,1,1,15308,67,0,1
44,1,1,3,1,1,15309,101,0,1
46,0,1,4,1,1,15312,106,0,3
46,0,1,3,1,1,15313,177,0,4
47,1,1,2,1,1,15315,123,0,1
55,1,1,4,1,1,15317,48,1,3
55,0,1,2,1,1,15319,34,1,1
44,1,1,4,1,1,15322,101,0,5
45,1,1,3,1,1,15323,NA,NA,NA
NA,0,1,1,1,1,15324,107,0,3
50,1,1,3,1,1,15327,67,0,1
49,1,1,3,1,1,15328,71,0,1
35,1,1,4,1,1,15329,33,0,3
47,0,1,4,1,1,15330,55,0,1
46,1,1,2,1,1,15332,48,0,1
38,1,1,3,1,1,15335,78,0,2
59,1,1,4,1,1,15339,61,0,3
54,0,1,2,1,1,15340,20,1,1
55,1,1,2,1,1,15344,109,0,1
49,1,1,1,1,1,15345,151,0,4
48,1,1,1,1,1,15346,43,1,1
51,1,1,3,1,1,15348,32,1,2
40,0,1,3,1,1,15349,98,0,3
49,1,1,1,1,1,15350,108,0,1
49,1,1,1,1,1,15351,NA,NA,NA
41,0,1,4,1,1,15352,101,0,5
49,0,1,3,1,1,15354,78,0,1
48,1,1,1,1,1,15356,49,0,1
39,1,1,3,1,1,15360,60,0,1
50,1,1,1,1,1,15361,108,0,1
53,1,1,1,1,1,15362,NA,NA,NA
50,1,1,1,1,1,15363,63,0,1
NA,1,1,4,1,1,15368,102,0,4
47,1,1,3,1,1,15369,189,0,1
62,1,1,2,1,1,15370,59,1,1
55,1,1,2,1,1,15371,106,0,1
43,0,1,1,1,1,15372,48,0,1
52,1,1,1,1,1,15373,69,0,1
49,1,1,2,1,1,15376,41,1,1
53,1,1,1,1,1,15378,63,0,1
48,1,1,3,1,1,15380,62,0,3
NA,1,1,2,1,1,15381,67,1,1
57,1,1,4,1,1,15382,NA,NA,NA
48,1,1,3,1,1,15384,81,0,2
49,1,1,3,1,1,15387,49,0,2
45,1,1,2,1,1,15388,89,0,1
54,1,1,1,1,1,15389,NA,NA,NA
47,1,1,2,1,1,15391,58,0,1
53,1,1,1,1,1,15392,64,0,1
54,0,1,2,1,1,15393,46,1,1
45,1,1,1,1,1,15395,69,0,1
41,1,1,1,1,1,15400,67,0,1
52,1,1,2,1,1,15401,117,0,1
34,1,1,1,1,1,15402,29,0,2
45,1,1,2,1,1,15404,37,0,1
48,1,1,1,1,1,15406,71,0,1
48,1,1,1,1,1,15407,37,0,1
NA,1,1,1,1,1,15408,54,1,1
55,1,1,3,1,1,15409,NA,NA,NA
45,1,1,3,1,1,15412,72,0,3
47,1,1,3,1,1,15415,NA,NA,NA
37,1,1,2,1,1,15416,93,0,1
45,1,1,3,1,1,15417,42,0,2
48,1,1,2,1,1,15418,106,0,1
49,1,1,2,1,1,15420,61,0,1
40,0,1,2,1,1,15421,66,0,1
39,1,1,4,1,1,15422,104,0,5
36,1,1,3,1,1,15423,202,0,1
45,0,1,2,1,1,15426,48,0,1
56,1,1,2,1,1,15429,66,1,3
58,1,1,1,1,1,15430,65,0,1
45,1,1,2,1,1,15433,65,0,1
63,1,1,3,1,1,15434,113,0,1
60,1,1,1,1,1,15435,48,1,1
50,1,1,1,1,1,15437,90,0,1
44,1,1,1,1,1,15441,63,0,1
46,1,1,4,1,1,15442,30,1,3
46,1,1,3,1,1,15444,45,0,2
44,1,1,3,1,1,15445,64,0,1
53,1,1,3,1,1,15446,NA,NA,NA
49,1,1,1,1,1,15447,67,0,2
46,0,1,4,1,1,15448,87,0,3
57,1,1,1,1,1,15450,86,0,1
55,1,1,3,1,1,15451,69,0,2
56,1,1,4,1,1,15452,NA,NA,NA
41,0,1,3,1,1,15453,41,0,3
43,0,1,1,1,1,15454,43,0,1
56,1,1,4,1,1,15455,101,0,5
NA,NA,1,2,1,1,15458,39,1,1
54,1,1,3,1,1,15459,80,0,4
59,1,1,1,1,1,15460,81,0,1
43,1,1,4,1,1,15462,60,0,2
56,1,1,1,1,1,15464,51,1,4
41,1,1,3,1,1,15465,39,0,2
41,0,1,1,1,1,15467,82,0,1
46,1,1,3,1,1,15468,110,0,2
37,1,1,3,1,1,15470,166,0,3
52,1,1,3,1,1,15471,42,1,1
39,1,1,1,1,1,15472,47,0,1
51,1,1,1,1,1,15475,50,0,1
43,1,1,1,1,1,15476,79,0,1
40,1,1,4,1,1,15477,65,0,4
47,1,1,2,1,1,15478,119,0,1
46,1,1,4,1,1,15482,106,0,4
55,1,1,1,1,1,15483,15,1,1
60,1,1,1,1,1,15487,450,0,3
50,1,1,2,1,1,15488,33,1,1
49,1,1,4,1,1,15489,46,1,4
51,1,1,3,1,1,15492,42,1,2
44,0,1,2,1,1,15493,139,0,1
52,0,1,1,1,1,15495,61,0,1
45,0,1,2,1,1,15497,107,0,1
50,1,1,2,1,1,15499,87,0,1
48,1,1,1,1,1,15500,80,0,1
40,1,1,2,1,1,15501,41,0,1
NA,1,1,1,1,1,15502,48,0,1
57,1,1,3,1,1,15503,62,0,2
55,1,1,4,1,1,15506,NA,NA,NA
50,0,1,4,1,1,15507,31,0,4
43,1,1,3,1,1,15508,54,0,3
50,1,1,1,1,1,15509,44,1,2
38,1,1,3,1,1,15517,129,0,1
53,1,1,3,1,1,15518,25,1,4
46,1,1,3,1,1,15519,61,0,2
47,1,1,3,1,1,15520,45,0,3
41,1,1,4,1,1,15522,41,0,3
49,1,1,2,1,1,15523,68,0,2
55,0,1,3,1,1,15525,53,1,4
39,1,1,1,1,1,15526,45,0,1
NA,1,1,3,1,1,15528,48,0,1
52,1,1,1,1,1,15530,42,1,1
44,1,1,2,1,1,15531,74,0,1
53,1,1,4,1,1,15532,96,0,4
44,1,1,4,1,1,15533,66,0,2
49,1,1,4,1,1,15534,76,0,3
40,1,1,3,1,1,15538,76,0,2
52,1,1,4,1,1,15544,33,1,3
53,1,1,4,1,1,15545,NA,NA,NA
40,1,1,1,1,1,15547,NA,NA,NA
53,1,1,4,1,1,15550,NA,NA,NA
51,1,1,3,1,1,15553,32,0,3
38,1,1,4,1,1,15555,98,0,2
60,0,1,2,1,1,15557,NA,NA,NA
53,1,1,1,1,1,15558,86,0,1
47,0,1,3,1,1,15559,44,0,2
49,0,1,3,1,1,15560,57,0,3
57,1,1,1,1,1,15561,81,0,1
45,1,1,1,1,1,15562,24,1,1
46,1,1,2,1,1,15566,104,0,1
45,1,1,1,1,1,15567,100,0,3
54,1,1,3,1,1,15568,67,0,4
47,1,1,3,1,1,15569,55,0,3
45,1,1,3,1,1,15570,111,0,1
49,1,1,2,1,1,15571,78,0,1
54,1,1,4,1,1,15572,49,1,4
52,1,1,4,1,1,15573,95,0,3
49,1,1,1,1,1,15578,31,0,1
47,1,1,4,1,1,15579,102,0,4
60,1,1,3,1,1,15580,17,1,3
50,1,1,1,1,1,15581,61,0,1
59,1,1,3,1,1,15584,69,0,2
50,1,1,2,1,1,15585,36,1,1
55,1,1,3,1,1,15586,43,1,1
49,1,1,1,1,1,15587,83,0,2
56,0,1,4,1,1,15589,51,1,4
44,0,1,2,1,1,15590,75,0,1
46,1,1,2,1,1,15593,51,0,2
47,1,1,4,1,1,15595,109,0,2
58,1,1,3,1,1,15596,103,0,3
37,1,1,3,1,1,15597,22,0,1
49,1,1,4,1,1,15598,77,0,4
49,1,1,3,1,1,15599,82,0,1
NA,1,1,4,1,1,15600,33,0,5
51,0,1,3,1,1,15602,54,0,4
46,1,1,4,1,1,15604,58,0,1
NA,1,1,3,1,1,15606,95,0,2
47,1,1,3,1,1,15608,45,0,4
NA,NA,1,4,1,1,15610,109,0,3
44,1,1,3,1,1,15612,49,0,2
42,1,1,4,1,1,15613,57,0,3
47,1,1,4,1,1,15615,45,0,3
52,1,1,1,1,1,15618,46,1,1
50,1,1,2,1,1,15621,63,0,1
45,1,1,3,1,1,15622,76,0,3
47,1,1,1,1,1,15624,86,0,1
49,1,1,3,1,1,15627,69,0,2
46,1,1,3,1,1,15628,48,0,1
47,1,1,3,1,1,15629,73,0,1
51,1,1,2,1,1,15631,171,0,1
46,1,1,3,1,1,15632,22,1,1
41,1,1,2,1,1,15633,107,0,1
49,0,1,1,1,1,15634,18,1,1
55,1,1,3,1,1,15637,NA,NA,NA
44,1,1,4,1,1,15638,59,0,4
39,1,1,1,1,1,15639,84,0,1
48,1,1,2,1,1,15640,80,0,1
40,1,1,4,1,1,15641,29,0,2
28,1,1,2,1,1,15643,139,0,1
50,1,1,2,1,1,15644,39,1,2
53,1,1,3,1,1,15645,82,0,1
40,0,1,3,1,1,15646,95,0,1
51,1,1,3,1,1,15647,91,0,5
42,1,1,4,1,1,15649,102,0,4
38,1,1,2,1,1,15650,130,0,1
41,1,1,3,1,1,15651,179,0,2
53,1,1,2,1,1,15652,147,0,1
44,1,1,4,1,1,15655,51,0,1
49,1,1,1,1,1,15658,53,0,1
40,1,1,3,1,1,15659,102,0,2
39,1,1,2,1,1,15660,81,0,1
48,1,1,3,1,1,15661,100,0,3
40,0,1,4,1,1,15664,142,0,3
45,1,1,4,1,1,15666,NA,NA,NA
45,1,1,1,1,1,15667,80,0,2
43,1,1,4,1,1,15670,44,0,3
36,1,1,2,1,1,15671,82,0,2
38,1,1,4,1,1,15672,106,0,3
NA,0,1,3,1,1,15675,43,0,2
52,1,1,4,1,1,15676,85,0,3
40,1,1,4,1,1,15677,60,0,1
51,1,1,2,1,1,15678,53,1,1
48,1,1,4,1,1,15680,42,1,3
42,1,1,3,1,1,15684,15,1,2
46,1,1,1,1,1,15685,203,0,1
49,1,1,3,1,1,15686,74,0,3
44,1,1,1,1,1,15687,64,0,1
34,1,1,2,1,1,15690,88,0,1
50,1,1,1,1,1,15693,123,0,2
39,1,1,4,1,1,15694,97,0,4
50,1,1,4,1,1,15695,55,0,3
44,1,1,2,1,1,15696,148,0,2
47,1,1,2,1,1,15697,55,0,1
46,1,1,4,1,1,15699,43,0,2
39,0,1,2,1,1,15700,55,0,1
49,0,1,2,1,1,15701,NA,NA,NA
53,1,1,1,1,1,15703,44,1,2
51,1,1,1,1,1,15704,71,0,1
47,1,1,1,1,1,15708,84,0,1
49,1,1,1,1,1,15709,74,0,1
52,0,1,4,1,1,15712,47,1,4
36,1,1,2,1,1,15713,34,0,1
51,1,1,4,1,1,15715,NA,NA,NA
55,0,1,3,1,1,15716,50,1,1
46,1,1,3,1,1,15717,NA,NA,NA
52,1,1,1,1,1,15718,93,0,1
43,1,1,2,1,1,15719,51,0,1
34,1,1,3,1,1,15720,74,0,3
48,1,1,1,1,1,15725,100,0,1
57,0,1,1,1,1,15726,97,0,1
NA,NA,1,4,1,1,15728,71,0,5
41,0,1,1,1,1,15729,102,0,1
57,0,1,4,1,1,15730,104,0,3
51,1,1,4,1,1,15732,52,1,4
55,1,1,1,1,1,15733,57,1,1
62,1,1,1,1,1,15734,21,1,1
37,1,1,4,1,1,15737,164,0,5
52,1,1,2,1,1,15739,NA,NA,NA
42,1,1,1,1,1,15740,105,0,1
47,0,1,1,1,1,15743,22,1,1
42,1,1,1,1,1,15744,53,0,2
38,1,1,3,1,1,15746,79,0,2
47,1,1,4,1,1,15749,59,0,3
44,1,1,1,1,1,15751,102,0,2
41,1,1,4,1,1,15757,42,0,3
63,0,1,3,1,1,15759,42,1,2
61,0,1,1,1,1,15760,86,1,2
52,0,1,4,1,1,15761,31,1,3
48,1,1,4,1,1,15763,45,0,3
43,1,1,3,1,1,15764,99,0,1
37,1,1,1,1,1,15765,45,0,2
58,1,1,4,1,1,15766,90,0,2
NA,NA,1,1,1,1,15767,113,0,1
60,1,1,3,1,1,15769,NA,NA,NA
54,1,1,4,1,1,15771,103,0,4
42,1,1,1,1,1,15772,73,0,1
52,1,1,1,1,1,15774,93,0,1
35,1,1,2,1,1,15775,131,0,2
51,1,1,2,1,1,15777,70,0,1
53,1,1,1,1,1,15778,NA,NA,NA
54,1,1,1,1,1,15779,104,0,1
36,1,1,1,1,1,15781,49,0,2
37,1,1,1,1,1,15783,106,0,1
42,1,1,4,1,1,15785,49,0,5
57,1,1,3,1,1,15786,34,1,2
43,1,1,4,1,1,15789,76,0,1
43,1,1,2,1,1,15790,44,0,1
40,1,1,3,1,1,15791,88,0,3
61,1,1,3,1,1,15792,46,1,1
50,1,1,3,1,1,15793,48,1,2
50,1,1,4,1,1,15794,22,1,1
48,1,1,1,1,1,15795,81,0,1
46,1,1,4,1,1,15797,53,0,3
45,1,1,4,1,1,15800,43,0,4
53,1,1,3,1,1,15801,35,1,1
48,1,1,1,1,1,15802,NA,NA,NA
53,1,1,1,1,1,15805,84,0,1
49,1,1,3,1,1,15808,102,0,1
44,1,1,1,1,1,15809,110,0,1
48,0,1,4,1,1,15810,71,0,3
44,1,1,1,1,1,15813,45,0,3
36,1,1,4,1,1,15816,96,0,2
44,1,1,2,1,1,15817,111,0,1
49,1,1,2,1,1,15819,NA,NA,NA
51,1,1,2,1,1,15820,86,0,1
44,1,1,4,1,1,15821,41,0,4
52,1,1,4,1,1,15823,42,1,2
38,1,1,1,1,1,15824,80,0,3
47,1,1,3,1,1,15827,42,0,2
40,0,1,4,1,1,15831,44,0,2
51,1,1,2,1,1,15832,116,0,1
52,0,1,2,1,1,15833,40,1,1
46,0,1,2,1,1,15836,31,1,4
54,1,1,4,1,1,15840,54,1,4
50,1,1,2,1,1,15841,406,0,1
50,1,1,4,1,1,15842,11,1,3
49,1,1,3,1,1,15843,47,0,3
51,1,1,1,1,1,15844,87,0,1
43,1,1,4,1,1,15845,NA,NA,NA
56,1,1,3,1,1,15846,66,0,2
52,1,1,4,1,1,15847,40,1,3
49,1,1,4,1,1,15848,64,0,4
48,1,1,4,1,1,15850,52,0,4
46,0,1,2,1,1,15851,41,0,1
45,1,1,1,1,1,15852,103,0,1
62,1,1,2,1,1,15854,NA,NA,NA
45,0,1,1,1,1,15858,40,0,1
52,1,1,1,1,1,15864,74,0,1
52,1,1,2,1,1,15865,NA,NA,NA
51,0,1,1,1,1,15866,43,1,1
52,1,1,4,1,1,15867,79,0,3
45,1,1,1,1,1,15871,77,0,1
52,1,1,1,1,1,15872,206,0,1
42,1,1,1,1,1,15875,51,0,2
56,0,1,1,1,1,15876,81,0,1
43,1,1,2,1,1,15877,49,0,2
40,1,1,4,1,1,15879,NA,NA,NA
43,1,1,2,1,1,15881,38,0,1
51,1,1,2,1,1,15882,36,1,3
45,1,1,1,1,1,15885,43,0,1
44,1,1,2,1,1,15886,24,1,1
57,1,1,2,1,1,15887,50,1,1
49,1,1,3,1,1,15889,61,0,1
51,1,1,3,1,1,15890,31,0,3
44,1,1,4,1,1,15893,73,0,2
NA,1,1,4,1,1,15894,64,0,3
45,1,1,2,1,1,15895,105,0,1
38,1,1,1,1,1,15897,92,0,2
50,1,1,2,1,1,15898,45,1,1
51,1,1,1,1,1,15899,41,1,2
50,0,1,4,1,1,15901,82,0,4
34,1,1,3,1,1,15903,57,0,3
NA,NA,1,1,1,1,15904,41,0,2
48,0,1,4,1,1,15906,41,1,1
46,1,1,4,1,1,15907,47,0,5
44,0,1,1,1,1,15908,75,0,2
45,1,1,1,1,1,15910,55,0,2
50,0,1,2,1,1,15911,53,0,2
48,0,1,1,1,1,15912,93,0,1
52,1,1,1,1,1,15914,72,0,1
48,1,1,1,1,1,15916,162,0,1
55,1,1,1,1,1,15917,130,0,1
57,0,1,4,1,1,15918,46,1,3
57,1,1,3,1,1,15920,NA,NA,NA
NA,1,1,4,1,1,15923,25,1,4
45,1,1,3,1,1,15926,93,0,1
54,1,1,4,1,1,15927,NA,NA,NA
36,1,1,3,1,1,15929,107,0,1
38,1,1,2,1,1,15930,409,0,3
48,1,1,4,1,1,15931,58,0,2
41,0,1,2,1,1,15932,81,0,2
53,1,1,1,1,1,15933,54,1,1
47,1,1,1,1,1,15934,34,1,1
43,0,1,4,1,1,15935,40,0,3
42,1,1,1,1,1,15938,70,0,3
50,0,1,1,1,1,15940,59,0,1
44,0,1,1,1,1,15941,40,0,1
48,1,1,3,1,1,15942,45,0,1
46,0,1,1,1,1,15943,74,0,1
55,1,1,1,1,1,15946,55,1,1
50,1,1,4,1,1,15948,98,0,3
65,1,1,4,1,1,15949,NA,NA,NA
56,1,1,2,1,1,15953,79,0,2
46,1,1,4,1,1,15954,69,0,2
46,0,1,3,1,1,15956,52,0,1
59,0,1,1,1,1,15957,42,1,1
53,1,1,3,1,1,15958,100,0,5
60,1,1,4,1,1,15960,70,1,5
52,1,1,2,1,1,15961,54,1,1
51,1,1,3,1,1,15962,105,0,3
53,1,1,1,1,1,15968,101,0,1
NA,1,1,1,1,1,15972,165,0,1
49,1,1,4,1,1,15973,57,0,2
48,0,1,4,1,1,15975,61,0,3
45,0,1,3,1,1,15978,61,0,3
41,1,1,4,1,1,15979,36,0,4
35,1,1,2,1,1,15980,42,0,2
50,1,1,3,1,1,15981,105,0,2
53,1,1,4,1,1,15982,40,0,1
50,1,1,2,1,1,15983,NA,NA,NA
43,1,1,4,1,1,15988,37,0,5
45,1,1,4,1,1,15993,41,0,3
50,1,1,2,1,1,15994,NA,NA,NA
57,1,1,3,1,1,15995,67,1,3
56,1,1,2,1,1,15996,117,0,1
57,1,1,2,1,1,15997,22,1,2
46,0,1,3,1,1,15998,98,0,1
52,1,1,3,1,1,15999,83,0,1
NA,1,1,1,1,1,16000,NA,NA,NA
42,1,1,1,1,1,16001,43,0,1
43,1,1,3,1,1,16002,83,0,1
48,1,1,1,1,1,16004,47,0,1
44,1,1,1,1,1,16005,94,0,1
47,1,1,1,1,1,16006,108,0,1
47,1,1,4,1,1,16007,37,1,2
35,0,1,4,1,1,16008,68,0,3
41,1,1,1,1,1,16009,61,0,1
48,1,1,3,1,1,16010,84,0,5
NA,NA,1,4,1,1,16011,42,0,4
60,1,1,1,1,1,16014,214,0,1
54,0,1,1,1,1,16016,130,0,3
48,0,1,3,1,1,16018,92,0,1
54,1,1,3,1,1,16019,110,0,3
62,1,1,3,1,1,16020,42,1,2
60,1,1,1,1,1,16021,65,1,1
38,1,1,2,1,1,16025,51,0,1
40,1,1,1,1,1,16026,81,0,1
45,1,1,3,1,1,16027,82,0,1
47,1,1,2,1,1,16028,44,0,1
53,1,1,4,1,1,16030,102,0,4
46,1,1,3,1,1,16031,108,0,3
48,1,1,2,1,1,16033,27,1,1
40,0,1,1,1,1,16034,93,0,1
59,1,1,1,1,1,16035,51,1,1
53,1,1,1,1,1,16037,56,1,2
40,1,1,3,1,1,16039,48,0,3
NA,1,1,4,1,1,16040,105,0,3
59,0,1,2,1,1,16041,198,0,1
NA,NA,1,2,1,1,16042,817,0,1
64,1,1,1,1,1,16043,43,1,1
54,0,1,1,1,1,16044,84,0,1
44,1,1,3,1,1,16045,53,0,3
49,1,1,4,1,1,16046,49,0,3
45,1,1,1,1,1,16048,40,0,2
47,1,1,3,1,1,16051,84,0,2
44,1,1,3,1,1,16053,13,1,1
NA,1,1,2,1,1,16055,52,1,2
54,1,1,1,1,1,16056,35,0,1
45,1,1,3,1,1,16057,41,0,3
NA,NA,1,3,1,1,16058,54,0,2
52,1,1,3,1,1,16059,33,1,2
48,1,1,4,1,1,16060,53,0,1
43,1,1,4,1,1,16062,141,0,3
49,1,1,4,1,1,16064,66,0,2
34,0,1,2,1,1,16067,65,0,3
48,1,1,2,1,1,16068,42,1,1
62,1,1,2,1,1,16069,619,0,3
53,1,1,4,1,1,16070,37,0,2
41,1,1,3,1,1,16072,22,0,2
46,0,1,2,1,1,16073,60,0,1
48,1,1,4,1,1,16076,72,0,1
63,1,1,1,1,1,16077,39,1,3
42,0,1,1,1,1,16081,84,0,1
43,0,1,4,1,1,16083,NA,NA,NA
55,1,1,4,1,1,16084,78,0,4
51,1,1,1,1,1,16085,105,0,1
53,1,1,1,1,1,16086,83,0,1
45,1,1,2,1,1,16087,29,1,2
46,1,1,3,1,1,16088,52,0,3
53,1,1,2,1,1,16091,174,0,2
46,1,1,3,1,1,16092,64,0,2
53,1,1,1,1,1,16093,26,1,1
57,1,1,2,1,1,16095,168,0,1
41,1,1,1,1,1,16097,48,0,1
46,1,1,1,1,1,16098,111,0,1
60,1,1,3,1,1,16101,675,0,1
54,1,1,4,1,1,16103,42,1,4
51,1,1,3,1,1,16104,17,1,3
49,0,1,1,1,1,16105,84,0,1
56,0,1,2,1,1,16106,105,0,1
58,1,1,3,1,1,16107,46,1,1
56,1,1,2,1,1,16109,73,0,2
49,1,1,4,1,1,16111,NA,NA,NA
56,1,1,3,1,1,16112,42,1,2
49,0,1,2,1,1,16113,NA,NA,NA
48,1,1,1,1,1,16114,66,0,3
44,1,1,3,1,1,16115,106,0,3
38,1,1,3,1,1,16120,68,0,1
39,1,1,2,1,1,16121,86,0,1
60,1,1,1,1,1,16122,95,0,1
57,1,1,2,1,1,16124,40,1,1
40,1,1,2,1,1,16127,46,0,1
50,0,1,2,1,1,16129,53,0,1
52,1,1,1,1,1,16131,41,0,1
44,1,1,1,1,1,16133,137,0,1
49,1,1,1,1,1,16134,131,0,1
43,1,1,1,1,1,16135,76,0,1
40,0,1,1,1,1,16136,450,0,1
53,1,1,4,1,1,16140,103,0,3
49,1,1,4,1,1,16141,44,1,5
50,0,1,4,1,1,16142,42,1,3
45,0,1,2,1,1,16143,54,0,1
52,1,1,4,1,1,16150,190,0,2
55,1,1,1,1,1,16151,104,0,2
41,1,1,1,1,1,16152,110,0,1
44,0,1,4,1,1,16154,62,0,4
48,1,1,1,1,1,16158,23,1,1
52,1,1,1,1,1,16160,46,1,1
52,1,1,1,1,1,16161,33,0,1
49,1,1,4,1,1,16162,33,0,5
49,1,1,3,1,1,16163,30,0,1
39,1,1,1,1,1,16164,133,0,1
53,1,1,4,1,1,16165,101,0,4
49,0,1,4,1,1,16167,39,1,2
49,1,1,3,1,1,16169,NA,NA,NA
51,0,0,4,2,1,16170,74,0,5
48,1,0,4,2,1,16171,31,1,4
57,1,0,3,2,1,16174,63,1,2
48,1,0,3,2,1,16176,95,0,1
51,1,0,3,2,1,16177,107,0,1
52,1,0,4,2,1,16178,46,1,3
46,1,0,3,2,1,16180,48,0,1
52,1,0,4,2,1,16181,47,1,5
55,0,0,4,2,1,16182,39,1,3
52,1,0,4,2,1,16184,104,0,5
48,1,0,1,2,1,16185,172,0,5
50,1,0,2,2,1,16186,106,0,3
46,0,0,2,2,1,16188,151,0,1
48,1,0,3,2,1,16189,68,0,1
44,1,0,4,2,1,16190,63,0,5
54,1,0,4,2,1,16191,49,1,4
58,1,0,3,2,1,16192,404,0,1
42,1,0,4,2,1,16194,23,0,5
49,0,0,3,2,1,16195,44,1,2
47,1,0,4,2,1,16197,204,0,5
42,1,0,3,2,1,16200,42,0,2
47,1,0,4,2,1,16203,42,0,4
45,1,0,4,2,1,16204,36,0,5
45,1,0,2,2,1,16208,31,1,1
55,1,0,3,2,1,16209,43,1,2
55,1,0,1,2,1,16211,100,0,1
50,1,0,3,2,1,16212,23,1,3
45,1,0,4,2,1,16213,47,0,4
55,1,0,4,2,1,16214,88,0,5
52,1,0,4,2,1,16217,23,1,3
47,1,0,4,2,1,16218,40,0,4
59,0,0,3,2,1,16219,22,1,1
40,1,0,4,2,1,16220,21,0,4
42,1,0,3,2,1,16221,42,0,2
42,1,0,3,2,1,16222,56,0,1
45,1,0,4,2,1,16224,41,0,4
45,0,0,3,2,1,16225,69,0,2
42,1,0,4,2,1,16226,104,0,5
59,0,0,4,2,1,16227,20,1,3
50,1,0,4,2,1,16229,41,1,4
59,1,0,3,2,1,16230,94,0,1
26,1,0,1,2,1,16231,56,0,1
53,1,0,4,2,1,16234,24,1,5
50,0,0,1,2,1,16235,28,1,1
51,1,0,2,2,1,16236,46,1,1
44,1,0,4,2,1,16238,72,0,1
50,1,0,1,2,1,16239,62,0,1
51,1,0,4,2,1,16240,61,0,3
55,1,0,1,2,1,16243,NA,NA,NA
55,0,0,4,2,1,16244,NA,NA,NA
40,1,0,4,2,1,16245,49,0,5
60,1,0,3,2,1,16246,NA,NA,NA
55,0,0,1,2,1,16247,35,1,1
43,1,0,4,2,1,16248,44,0,5
42,0,0,2,2,1,16249,107,0,3
53,1,0,3,2,1,16250,60,0,1
59,1,0,3,2,1,16253,64,1,1
45,0,0,4,2,1,16254,48,0,5
53,0,0,4,2,1,16255,67,0,4
45,0,0,4,2,1,16257,100,0,4
61,1,0,1,2,1,16258,78,0,1
49,1,0,4,2,1,16261,42,1,5
42,1,0,4,2,1,16262,106,0,4
45,1,0,4,2,1,16263,55,0,1
44,1,0,3,2,1,16264,40,0,3
48,1,0,4,2,1,16266,46,0,5
53,1,0,2,2,1,16268,34,0,1
53,0,0,3,2,1,16269,42,1,3
47,1,0,4,2,1,16270,40,0,4
49,1,0,4,2,1,16271,24,1,3
48,0,0,1,2,1,16273,NA,NA,NA
NA,1,0,1,2,1,16274,52,0,2
53,1,0,3,2,1,16275,42,1,1
53,1,0,4,2,1,16276,41,1,4
54,1,0,4,2,1,16278,46,1,5
63,0,0,4,2,1,16280,52,1,5
64,0,0,3,2,1,16285,32,1,2
45,0,0,4,2,1,16286,67,0,2
47,1,0,3,2,1,16287,165,0,1
45,0,0,4,2,1,16290,50,0,5
49,1,0,3,2,1,16291,72,0,1
54,0,0,3,2,1,16292,47,1,1
52,1,0,4,2,1,16293,64,0,5
NA,NA,0,1,2,1,16294,53,0,1
58,1,0,4,2,1,16295,60,1,4
41,1,0,3,2,1,16296,57,0,1
53,1,0,4,2,1,16300,57,1,4
59,0,0,2,2,1,16301,101,0,3
40,1,0,3,2,1,16303,27,0,2
52,1,0,2,2,1,16304,98,0,1
45,1,0,4,2,1,16305,78,0,3
45,0,0,1,2,1,16307,39,0,2
42,1,0,4,2,1,16308,31,0,3
41,1,0,3,2,1,16309,93,0,1
58,1,0,2,2,1,16310,45,0,3
51,0,0,1,2,1,16312,41,1,1
50,1,0,3,2,1,16313,42,1,3
41,0,0,4,2,1,16314,NA,NA,NA
36,0,0,4,2,1,16315,45,0,4
47,1,0,4,2,1,16317,49,0,4
45,1,0,3,2,1,16319,737,0,1
54,1,0,3,2,1,16320,53,1,1
46,1,0,4,2,1,16322,45,0,5
44,1,0,3,2,1,16325,65,0,2
62,1,0,3,2,1,16327,89,0,1
47,1,0,4,2,1,16328,32,0,4
52,1,0,4,2,1,16330,44,1,3
57,0,0,1,2,1,16331,72,1,3
36,1,0,3,2,1,16334,44,0,1
47,1,0,4,2,1,16335,87,0,4
48,1,0,4,2,1,16341,49,0,3
52,0,0,2,2,1,16342,404,0,3
37,1,0,4,2,1,16345,115,0,4
46,0,0,4,2,1,16346,33,1,3
42,1,0,3,2,1,16347,51,0,1
57,1,0,1,2,1,16350,44,1,3
49,1,0,3,2,1,16353,70,0,1
44,0,0,3,2,1,16356,55,0,3
49,1,0,3,2,1,16357,41,1,5
51,1,0,2,2,1,16358,44,1,1
54,1,0,4,2,1,16359,25,1,3
61,1,0,4,2,1,16362,30,1,3
NA,NA,0,4,2,1,16363,106,0,5
43,1,0,4,2,1,16364,106,0,5
51,1,0,4,2,1,16366,52,1,4
NA,NA,0,3,2,1,16368,NA,NA,NA
61,1,0,1,2,1,16369,36,1,1
59,0,0,4,2,1,16370,NA,NA,NA
42,1,0,1,2,1,16371,29,0,1
63,1,0,1,2,1,16373,91,1,1
44,1,0,4,2,1,16375,5,1,3
46,1,0,3,2,1,16378,162,0,3
43,1,0,4,2,1,16379,42,0,4
48,1,0,3,2,1,16383,43,0,1
42,1,0,3,2,1,16384,52,0,3
50,0,0,3,2,1,16386,48,1,1
32,0,0,2,2,1,16387,406,0,3
43,1,0,3,2,1,16388,55,0,2
57,1,0,4,2,1,16389,81,0,1
46,1,0,3,2,1,16390,107,0,1
49,1,0,2,2,1,16391,NA,NA,NA
42,0,0,1,2,1,16392,77,0,1
43,0,0,4,2,1,16393,9,1,3
46,1,0,4,2,1,16394,42,0,4
51,1,0,4,2,1,16397,57,0,4
46,1,0,4,2,1,16398,153,0,5
59,1,0,4,2,1,16401,37,1,5
44,1,0,4,2,1,16405,404,0,5
46,1,0,4,2,1,16406,46,0,1
52,1,0,4,2,1,16407,106,0,5
45,1,0,4,2,1,16408,41,0,5
41,1,0,3,2,1,16409,45,0,3
35,1,0,4,2,1,16410,59,0,3
48,1,0,4,2,1,16411,24,1,4
55,1,0,4,2,1,16412,69,0,3
54,0,0,4,2,1,16413,32,0,5
49,1,0,4,2,1,16415,26,1,3
47,1,0,4,2,1,16416,44,0,4
49,1,0,4,2,1,16417,43,1,5
29,0,0,4,2,1,16418,102,0,5
54,1,0,2,2,1,16419,40,1,1
55,1,0,4,2,1,16421,39,0,5
49,1,0,4,2,1,16422,43,1,4
39,1,0,4,2,1,16425,62,0,4
52,1,0,3,2,1,16427,206,0,3
43,1,0,4,2,1,16429,55,0,4
54,0,0,3,2,1,16430,81,0,1
49,1,0,3,2,1,16433,23,1,3
41,0,0,3,2,1,16434,22,0,3
55,1,0,3,2,1,16435,48,1,1
64,1,0,4,2,1,16437,79,0,5
47,1,0,4,2,1,16438,47,0,4
41,1,0,3,2,1,16439,150,0,1
44,0,0,3,2,1,16440,65,0,2
45,1,0,4,2,1,16441,56,0,4
52,0,0,4,2,1,16442,88,0,4
49,1,0,4,2,1,16445,NA,NA,NA
40,0,0,1,2,1,16446,50,0,1
42,0,0,4,2,1,16447,34,0,1
47,1,0,4,2,1,16448,50,0,3
49,1,0,1,2,1,16450,88,0,2
41,1,0,3,2,1,16455,78,0,1
41,0,0,3,2,1,16456,103,0,3
44,1,0,4,2,1,16458,411,0,4
40,1,0,3,2,1,16459,67,0,1
41,0,0,4,2,1,16461,11,1,3
53,0,0,3,2,1,16462,55,1,5
44,1,0,3,2,1,16463,126,0,1
52,1,0,1,2,1,16464,103,0,2
56,1,0,3,2,1,16467,133,0,1
36,1,0,1,2,1,16468,91,0,1
44,1,0,4,2,1,16469,22,1,3
44,1,0,4,2,1,16470,108,0,2
38,1,0,2,2,1,16471,53,0,1
59,1,0,2,2,1,16473,37,1,1
50,1,0,4,2,1,16475,107,0,5
41,0,0,3,2,1,16476,84,0,1
54,1,0,4,2,1,16477,54,1,5
53,1,0,3,2,1,16478,9,1,2
59,0,0,1,2,1,16481,48,0,1
38,1,0,4,2,1,16483,80,0,3
48,1,0,4,2,1,16485,59,0,3
43,1,0,3,2,1,16487,145,0,1
51,1,0,4,2,1,16488,NA,NA,NA
50,1,0,3,2,1,16490,830,0,1
44,1,0,4,2,1,16491,40,0,4
51,1,0,4,2,1,16494,58,0,5
43,1,0,4,2,1,16495,50,0,5
49,1,0,4,2,1,16496,43,1,4
41,1,0,3,2,1,16498,40,0,2
35,1,0,3,2,1,16500,106,0,1
45,0,0,4,2,1,16502,65,0,5
59,1,0,2,2,1,16503,65,1,1
38,1,0,2,2,1,16506,49,0,1
52,1,0,4,2,1,16507,96,0,4
50,1,0,4,2,1,16508,54,0,4
61,1,0,2,2,1,16512,NA,NA,NA
43,1,0,1,2,1,16513,67,0,1
43,0,0,2,2,1,16515,65,0,1
49,1,0,4,2,1,16516,101,0,5
47,1,0,4,2,1,16517,114,0,4
51,0,0,4,2,1,16520,108,0,4
57,1,0,3,2,1,16521,NA,NA,NA
46,0,0,1,2,1,16522,17,1,1
45,1,0,2,2,1,16523,44,0,1
51,1,0,4,2,1,16525,55,0,5
47,1,0,3,2,1,16526,99,0,1
49,1,0,4,2,1,16528,44,1,3
52,1,0,4,2,1,16529,11,1,3
41,1,0,1,2,1,16530,82,0,1
46,1,0,4,2,1,16533,51,0,5
49,0,0,4,2,1,16534,64,0,3
48,1,0,3,2,1,16536,NA,NA,NA
47,0,0,4,2,1,16537,108,0,5
46,1,0,4,2,1,16539,58,0,1
39,1,0,4,2,1,16541,110,0,5
61,0,0,3,2,1,16542,81,1,1
43,1,0,4,2,1,16543,65,0,5
44,1,0,2,2,1,16544,99,0,1
43,1,0,4,2,1,16547,72,0,3
34,1,0,4,2,1,16548,54,0,5
41,1,0,3,2,1,16549,163,0,1
50,1,0,3,2,1,16552,403,0,4
46,1,0,3,2,1,16553,97,0,1
42,1,0,4,2,1,16555,47,0,5
43,1,0,4,2,1,16556,41,0,4
52,1,0,4,2,1,16561,45,1,5
55,0,0,3,2,1,16563,48,1,5
41,1,0,4,2,1,16565,98,0,2
48,1,0,2,2,1,16566,413,0,2
44,1,0,3,2,1,16568,108,0,1
43,1,0,3,2,1,16569,100,0,1
41,1,0,2,2,1,16572,84,0,1
39,1,0,3,2,1,16574,115,0,1
37,1,0,4,2,1,16576,46,0,5
42,1,0,3,2,1,16577,47,0,3
33,1,0,4,2,1,16579,66,0,5
49,1,0,4,2,1,16580,62,0,5
58,1,0,3,2,1,16583,30,1,1
47,1,0,3,2,1,16585,69,0,1
38,1,0,4,2,1,16586,101,0,3
43,1,0,3,2,1,16587,30,0,1
47,1,0,2,2,1,16588,43,0,1
56,0,0,4,2,1,16590,102,0,5
49,0,0,4,2,1,16593,41,1,4
NA,0,0,4,2,1,16594,32,1,2
49,1,0,4,2,1,16595,84,0,5
39,1,0,4,2,1,16598,46,0,4
51,1,0,3,2,1,16601,52,1,1
44,1,0,4,2,1,16603,60,0,5
47,1,0,4,2,1,16604,48,0,5
49,1,0,3,2,1,16606,33,1,1
51,1,0,4,2,1,16608,69,0,2
44,0,0,3,2,1,16609,705,0,1
44,1,0,4,2,1,16610,44,0,5
49,1,0,4,2,1,16614,47,1,5
56,1,0,2,2,1,16615,45,1,1
42,1,0,1,2,1,16617,81,0,2
45,1,0,4,2,1,16622,47,0,3
50,1,0,3,2,1,16625,73,0,1
64,0,0,4,2,1,16626,111,0,5
43,1,0,4,2,1,16627,102,0,4
49,1,0,4,2,1,16628,43,1,4
39,1,0,3,2,1,16630,100,0,1
44,1,0,4,2,1,16631,NA,NA,NA
50,1,0,1,2,1,16634,44,1,2
41,0,0,4,2,1,16635,55,0,3
47,1,0,4,2,1,16636,42,0,5
42,1,0,3,2,1,16637,106,0,1
47,1,0,3,2,1,16638,NA,NA,NA
41,1,0,1,2,1,16640,47,0,3
52,1,0,3,2,1,16641,93,0,3
55,1,0,4,2,1,16642,88,0,1
35,1,0,4,2,1,16644,27,0,5
57,0,0,2,2,1,16645,84,0,1
50,0,0,4,2,1,16648,62,0,4
42,0,0,3,2,1,16649,96,0,1
45,1,0,2,2,1,16651,108,0,1
52,1,0,4,2,1,16652,111,0,3
60,0,0,4,2,1,16654,32,1,4
62,1,0,3,2,1,16655,NA,NA,NA
39,0,0,1,2,1,16656,52,0,1
64,1,0,2,2,1,16658,31,1,1
47,1,0,4,2,1,16659,80,0,2
47,1,0,3,2,1,16660,77,0,1
54,1,0,4,2,1,16661,108,0,5
53,1,0,3,2,1,16662,83,0,1
49,0,0,4,2,1,16666,80,0,5
61,1,0,3,2,1,16667,427,0,1
51,0,0,1,2,1,16668,NA,NA,NA
44,1,0,1,2,1,16669,42,0,1
53,0,0,3,2,1,16670,86,0,1
44,0,0,4,2,1,16671,45,0,3
58,1,0,4,2,1,16673,76,0,5
44,0,0,2,2,1,16674,50,0,1
42,1,0,4,2,1,16675,22,1,3
44,0,0,4,2,1,16676,51,0,4
52,1,0,3,2,1,16677,108,0,1
41,1,0,4,2,1,16679,61,0,4
47,1,0,3,2,1,16680,35,1,1
52,0,0,4,2,1,16681,NA,NA,NA
43,1,0,3,2,1,16684,81,0,1
54,1,0,1,2,1,16685,72,0,3
49,0,0,3,2,1,16686,37,1,2
NA,NA,0,4,2,1,16687,54,0,5
41,1,0,4,2,1,16688,42,0,4
42,0,0,1,2,1,16690,43,0,1
44,1,0,4,2,1,16693,89,0,2
30,1,0,4,2,1,16694,43,0,5
36,1,0,4,2,1,16698,60,0,4
45,1,0,4,2,1,16699,43,0,3
50,1,0,4,2,1,16702,102,0,4
31,1,0,4,2,1,16703,94,0,2
52,0,0,4,2,1,16704,47,1,3
51,1,0,1,2,1,16708,109,0,1
50,1,0,3,2,1,16711,116,0,1
37,1,0,2,2,1,16713,40,0,1
50,1,0,3,2,1,16714,12,1,1
46,1,0,4,2,1,16715,125,0,3
44,1,0,2,2,1,16717,79,0,1
45,1,0,4,2,1,16719,172,0,2
45,0,0,3,2,1,16720,95,0,1
43,1,0,4,2,1,16721,109,0,3
50,1,0,3,2,1,16724,80,0,3
50,1,0,4,2,1,16726,22,1,5
52,1,0,3,2,1,16731,101,0,1
49,1,0,4,2,1,16732,49,0,3
54,1,0,4,2,1,16733,103,0,5
58,1,0,3,2,1,16734,61,1,2
61,0,0,4,2,1,16735,61,0,5
50,1,0,4,2,1,16736,55,0,4
53,1,0,2,2,1,16737,103,0,3
47,1,0,2,2,1,16738,60,0,1
49,1,0,1,2,1,16739,58,0,2
47,1,0,4,2,1,16740,NA,NA,NA
50,0,0,4,2,1,16741,92,0,2
57,1,0,4,2,1,16742,46,1,4
50,1,0,3,2,1,16743,185,0,1
49,1,0,4,2,1,16744,57,0,3
45,0,0,3,2,1,16745,NA,NA,NA
49,1,0,4,2,1,16746,31,1,5
NA,1,0,3,2,1,16747,84,0,1
49,1,0,4,2,1,16749,31,1,5
37,1,0,1,2,1,16750,36,0,1
58,1,0,4,2,1,16753,64,1,1
55,1,0,3,2,1,16754,103,0,1
46,1,0,3,2,1,16756,40,0,1
52,0,0,4,2,1,16757,42,1,4
49,0,0,3,2,1,16759,88,0,3
59,1,0,4,2,1,16761,NA,NA,NA
46,1,0,1,2,1,16763,401,0,1
53,1,0,4,2,1,16764,NA,NA,NA
51,1,0,3,2,1,16765,133,0,1
46,1,0,4,2,1,16766,50,0,3
57,1,0,4,2,1,16768,92,0,4
60,0,0,4,2,1,16771,20,1,3
52,1,0,4,2,1,16773,42,1,3
54,1,0,4,2,1,16774,42,1,4
43,1,0,4,2,1,16775,41,0,5
46,1,0,4,2,1,16776,54,0,5
47,1,0,3,2,1,16779,108,0,1
51,1,0,4,2,1,16780,39,0,4
43,1,0,3,2,1,16784,64,0,1
52,1,0,4,2,1,16786,105,0,3
NA,1,0,3,2,1,16787,83,0,1
53,1,0,4,2,1,16791,41,0,3
45,1,0,4,2,1,16796,20,0,3
51,1,0,4,2,1,16797,45,1,3
51,1,0,4,2,1,16798,108,0,5
39,1,0,4,2,1,16799,30,0,4
44,1,0,4,2,1,16800,43,0,4
52,0,0,3,2,1,16801,102,0,1
44,1,0,4,2,1,16802,41,0,4
46,1,0,4,2,1,16804,38,0,2
41,1,0,1,2,1,16805,83,0,1
59,1,0,4,2,1,16807,43,1,3
60,0,0,4,2,1,16808,NA,NA,NA
45,0,0,2,2,1,16809,22,1,1
48,1,0,3,2,1,16810,48,0,2
51,1,0,4,2,1,16811,NA,NA,NA
42,0,0,1,2,1,16813,23,1,2
54,1,0,3,2,1,16814,NA,NA,NA
49,0,0,2,2,1,16815,31,1,1
40,1,0,4,2,1,16816,36,0,3
48,1,0,4,2,1,16818,106,0,5
42,1,0,3,2,1,16819,122,0,1
50,1,0,3,2,1,16820,61,0,2
46,1,0,4,2,1,16821,105,0,5
41,0,0,4,2,1,16822,126,0,2
61,1,0,3,2,1,16824,95,0,2
34,1,0,3,2,1,16828,103,0,3
45,1,0,3,2,1,16829,44,0,3
51,1,0,4,2,1,16832,29,1,5
46,1,0,4,2,1,16833,104,0,5
46,0,0,4,2,1,16835,34,1,5
50,1,0,2,2,1,16837,75,0,1
43,1,0,1,2,1,16838,63,0,3
34,1,0,4,2,1,16839,67,0,5
38,1,0,1,2,1,16841,102,0,2
43,1,0,4,2,1,16842,95,0,1
52,1,0,2,2,1,16844,41,1,2
49,1,0,1,2,1,16845,26,1,2
54,0,0,1,2,1,16846,21,1,1
49,1,0,3,2,1,16848,NA,NA,NA
51,1,0,4,2,1,16849,40,1,4
59,0,0,4,2,1,16850,43,1,5
43,1,0,4,2,1,16851,56,0,4
46,1,0,3,2,1,16853,41,0,2
45,1,0,4,2,1,16854,104,0,2
49,0,0,1,2,1,16856,45,1,1
51,0,0,3,2,1,16859,88,0,1
50,1,0,1,2,1,16861,95,0,1
45,1,0,3,2,1,16862,84,0,2
46,1,0,1,2,1,16863,25,0,1
49,1,0,2,2,1,16864,48,0,1
57,1,0,3,2,1,16866,NA,NA,NA
45,1,0,4,2,1,16867,100,0,5
45,1,0,4,2,1,16868,57,0,5
44,1,0,3,2,1,16869,10,1,2
33,1,0,4,2,1,16871,43,0,4
49,1,0,4,2,1,16872,37,0,4
62,0,0,4,2,1,16873,85,1,3
49,1,0,3,2,1,16874,78,0,1
47,1,0,4,2,1,16875,83,0,1
56,1,0,4,2,1,16877,41,1,4
51,1,0,4,2,1,16879,80,0,5
47,0,0,4,2,1,16880,41,0,4
48,0,0,4,2,1,16881,8,1,5
52,1,0,1,2,1,16883,86,0,1
39,0,0,4,2,1,16884,90,0,1
46,1,0,2,2,1,16886,45,0,1
43,1,0,1,2,1,16888,18,1,1
46,1,0,2,2,1,16890,65,0,1
41,1,0,3,2,1,16892,50,0,1
57,1,0,4,2,1,16894,31,1,3
54,0,0,3,2,1,16896,92,0,3
50,1,0,3,2,1,16897,56,0,1
53,1,0,4,2,1,16898,53,1,5
52,1,0,2,2,1,16900,86,0,1
40,1,0,4,2,1,16901,31,0,3
50,1,0,1,2,1,16903,32,1,2
58,0,0,4,2,1,16905,44,1,5
56,1,0,3,2,1,16907,72,0,1
46,1,0,3,2,1,16908,42,0,2
52,0,0,3,2,1,16909,123,0,1
51,1,0,2,2,1,16910,13,1,1
54,1,0,4,2,1,16911,43,1,4
48,1,0,4,2,1,16912,82,0,1
38,1,0,4,2,1,16914,46,0,1
53,1,0,3,2,1,16915,116,0,1
61,0,0,4,2,1,16918,NA,NA,NA
50,1,0,2,2,1,16919,92,0,1
43,1,0,1,2,1,16924,40,0,1
69,1,0,1,2,1,16925,NA,NA,NA
48,1,0,1,2,1,16927,97,0,1
50,1,0,4,2,1,16935,41,1,4
NA,1,0,4,2,1,16937,NA,NA,NA
61,1,0,3,2,1,16940,31,1,2
41,1,0,4,2,1,16942,42,0,4
43,1,0,4,2,1,16943,101,0,5
46,1,0,4,2,1,16944,48,0,4
45,1,0,1,2,1,16946,31,1,5
53,1,0,4,2,1,16949,31,1,3
47,1,0,4,2,1,16952,24,1,3
42,1,0,2,2,1,16957,164,0,1
NA,NA,0,3,2,1,16958,37,1,2
44,1,0,3,2,1,16961,42,0,2
56,1,0,3,2,1,16963,210,0,1
48,1,0,3,2,1,16964,92,0,1
39,1,0,3,2,1,16968,26,0,1
34,1,0,4,2,1,16969,38,0,4
58,0,0,3,2,1,16970,101,0,2
41,1,0,4,2,1,16971,85,0,2
54,1,0,1,2,1,16974,61,1,1
52,1,0,4,2,1,16976,41,1,4
44,1,0,4,2,1,16977,97,0,3
38,1,0,2,2,1,16981,68,0,1
45,1,0,4,2,1,16983,59,0,5
37,1,0,3,2,1,16984,60,0,3
45,1,0,4,2,1,16987,45,0,5
48,0,0,3,2,1,16989,94,0,1
58,1,0,3,2,1,16991,80,0,1
47,1,0,4,2,1,16993,27,1,3
48,0,0,3,2,1,16995,102,0,2
48,1,0,4,2,1,16997,25,1,5
58,1,0,3,2,1,16998,44,1,1
45,1,0,4,2,1,16999,71,0,4
51,1,0,3,2,1,17000,224,0,1
NA,NA,0,4,2,1,17003,409,0,4
42,1,0,3,2,1,17004,43,0,4
49,1,0,3,2,1,17005,38,1,1
50,1,0,1,2,1,17009,54,0,1
35,1,0,4,2,1,17010,42,0,5
45,1,0,4,2,1,17011,NA,NA,NA
39,0,0,3,2,1,17013,50,0,1
32,1,0,2,2,1,17014,47,0,1
47,1,0,4,2,1,17015,100,0,5
50,1,0,3,2,1,17018,50,0,2
48,1,0,3,2,1,17019,NA,NA,NA
42,1,0,4,2,1,17020,42,0,5
49,1,0,3,2,1,17024,224,0,1
50,0,0,1,2,1,17028,49,1,2
41,1,0,1,2,1,17031,56,0,2
33,1,0,3,2,1,17032,198,0,3
62,1,0,3,2,1,17033,33,1,1
48,0,0,4,2,1,17034,68,0,4
44,1,0,4,2,1,17035,83,0,5
45,1,0,3,2,1,17036,76,0,1
37,1,0,4,2,1,17038,103,0,5
60,1,0,3,2,1,17040,65,1,3
52,1,0,4,2,1,17041,95,0,4
45,0,0,3,2,1,17042,35,0,4
47,1,0,3,2,1,17044,26,1,2
42,0,0,2,2,1,17046,40,0,1
49,1,0,3,2,1,17047,75,0,1
48,1,0,2,2,1,17048,83,0,1
52,1,0,4,2,1,17049,47,1,5
46,1,0,2,2,1,17050,188,0,1
45,0,0,4,2,1,17051,97,0,1
33,0,0,1,2,1,17052,21,0,2
32,0,0,3,2,1,17053,68,0,1
40,1,0,3,2,1,17055,107,0,2
54,1,0,3,2,1,17057,NA,NA,NA
47,1,0,3,2,1,17061,NA,NA,NA
41,1,0,3,2,1,17062,68,0,1
49,1,0,4,2,1,17063,24,1,3
57,0,0,4,2,1,17065,53,1,4
47,1,0,1,2,1,17066,48,0,1
53,1,0,4,2,1,17068,102,0,3
54,1,0,4,2,1,17069,104,0,5
60,1,0,4,2,1,17070,49,1,4
54,1,0,1,2,1,17071,85,0,1
50,1,0,3,2,1,17075,41,1,2
51,1,0,4,2,1,17077,84,0,5
44,0,0,3,2,1,17079,95,0,1
47,1,0,4,2,1,17080,NA,NA,NA
38,1,0,4,2,1,17081,61,0,4
57,1,0,3,2,1,17082,101,0,2
48,1,0,2,2,1,17083,53,0,1
44,1,0,4,2,1,17084,64,0,4
45,1,0,4,2,1,17086,43,0,4
36,1,0,1,2,1,17088,42,0,1
46,1,0,4,2,1,17089,48,0,4
49,1,0,1,2,1,17092,31,1,2
58,1,0,4,2,1,17093,40,1,5
58,1,0,3,2,1,17094,NA,NA,NA
47,0,0,1,2,1,17097,74,0,1
51,1,0,3,2,1,17098,44,1,1
46,1,0,4,2,1,17100,71,0,3
56,1,0,4,2,1,17103,54,1,5
45,1,0,4,2,1,17105,103,0,1
40,0,0,3,2,1,17106,96,0,1
54,0,0,1,2,1,17107,81,0,2
40,1,0,4,2,1,17109,58,0,3
40,1,0,4,2,1,17110,106,0,3
57,1,0,4,2,1,17114,80,0,1
51,1,0,3,2,1,17115,83,0,3
54,0,0,4,2,1,17116,NA,NA,NA
47,1,0,2,2,1,17117,41,0,1
54,1,0,4,2,1,17121,22,1,3
51,1,0,4,2,1,17122,47,1,3
59,1,0,3,2,1,17124,NA,NA,NA
50,1,0,3,2,1,17125,101,0,1
48,1,0,1,2,1,17129,26,1,1
44,1,0,4,2,1,17131,43,0,5
42,1,0,3,2,1,17132,55,0,1
37,1,0,3,2,1,17133,66,0,3
52,0,0,4,2,1,17134,101,0,5
43,1,0,2,2,1,17135,92,0,1
52,1,0,4,2,1,17139,43,1,5
58,1,0,3,2,1,17141,72,1,5
43,0,0,2,2,1,17144,49,0,2
54,0,0,4,2,1,17147,65,0,4
50,1,0,3,2,1,17148,410,0,1
47,1,0,3,2,1,17149,NA,NA,NA
47,1,0,3,2,1,17151,NA,NA,NA
50,0,0,3,2,1,17152,44,1,3
49,1,0,4,2,1,17153,67,0,2
37,1,0,3,2,1,17158,97,0,1
49,0,0,3,2,1,17160,69,0,1
49,1,0,3,2,1,17161,54,0,2
38,1,0,3,2,1,17162,44,0,2
43,1,0,1,2,1,17163,109,0,1
59,0,0,3,2,1,17164,85,0,1
46,1,0,4,2,1,17165,53,0,1
56,1,0,3,2,1,17170,93,0,1
59,1,0,3,2,1,17171,NA,NA,NA
50,1,0,4,2,1,17172,174,0,3
51,1,0,3,2,1,17173,544,0,2
52,0,0,3,2,1,17174,65,0,1
44,1,0,3,2,1,17176,52,0,3
46,0,0,4,2,1,17177,40,0,5
53,1,0,3,2,1,17178,66,0,1
NA,1,0,3,2,1,17180,118,0,1
45,1,0,1,2,1,17183,41,0,3
56,1,0,3,2,1,17185,122,0,1
48,0,0,3,2,1,17186,18,1,2
34,0,0,3,2,1,17187,81,0,1
45,0,0,3,2,1,17189,124,0,2
48,1,0,4,2,1,17191,103,0,5
40,0,0,4,2,1,17192,39,0,5
43,1,0,1,2,1,17194,82,0,1
48,0,0,4,2,1,17195,51,0,5
45,0,0,3,2,1,17196,42,0,2
43,1,0,3,2,1,17198,78,0,1
49,0,0,4,2,1,17200,63,0,5
51,1,0,1,2,1,17203,98,0,1
48,0,0,3,2,1,17204,47,0,1
52,1,0,4,2,1,17206,37,1,3
42,1,0,1,2,1,17207,26,0,1
50,1,0,4,2,1,17209,62,0,5
47,1,0,4,2,1,17210,26,1,2
48,1,0,4,2,1,17212,28,1,3
33,1,0,4,2,1,17213,87,0,5
54,1,0,4,2,1,17215,53,1,5
49,1,0,3,2,1,17216,86,0,1
58,1,0,4,2,1,17219,169,0,2
53,1,0,3,2,1,17221,63,0,1
49,1,0,4,2,1,17222,43,1,5
48,0,0,4,2,1,17223,65,0,5
54,1,0,4,2,1,17224,40,1,3
53,1,0,3,2,1,17225,66,0,1
56,1,0,4,2,1,17226,76,0,2
39,1,0,4,2,1,17227,32,0,4
42,1,0,4,2,1,17231,56,0,5
53,1,0,3,2,1,17232,116,0,1
47,1,0,4,2,1,17233,102,0,5
49,1,0,1,2,1,17234,43,1,1
47,1,0,4,2,1,17235,47,0,5
42,1,0,4,2,1,17236,57,0,4
53,0,0,3,2,1,17246,65,0,1
50,1,0,3,2,1,17247,142,0,1
48,1,0,4,2,1,17249,115,0,5
50,1,0,4,2,1,17250,42,1,5
40,0,0,4,2,1,17252,41,0,4
58,1,0,1,2,1,17253,104,0,2
45,1,0,1,2,1,17257,58,0,1
48,0,0,3,2,1,17258,71,0,1
34,1,0,4,2,1,17259,21,0,3
58,0,0,3,2,1,17261,653,0,1
40,0,0,3,2,1,17262,44,0,1
49,1,0,4,2,1,17263,74,0,4
47,0,0,4,2,1,17264,104,0,4
56,1,0,1,2,1,17267,64,0,1
40,0,0,3,2,1,17268,NA,NA,NA
51,1,0,3,2,1,17269,65,0,1
42,1,0,4,2,1,17271,110,0,5
36,1,0,4,2,1,17272,57,0,4
48,1,0,3,2,1,17274,90,0,1
50,1,0,4,2,1,17276,43,1,5
48,0,0,4,2,1,17279,105,0,1
55,0,0,4,2,1,17283,95,0,3
64,1,0,3,2,1,17285,31,1,2
46,1,0,2,2,1,17286,87,0,1
57,1,0,3,2,1,17287,174,0,1
47,0,0,1,2,1,17288,42,0,1
52,1,0,4,2,1,17289,41,1,5
45,1,0,2,2,1,17290,34,0,1
37,1,0,4,2,1,17292,43,0,3
44,1,0,4,2,1,17295,44,0,4
47,1,0,2,2,1,17299,74,0,2
49,0,0,3,2,1,17303,71,0,2
49,1,0,3,2,1,17304,53,0,3
53,0,0,4,2,1,17305,102,0,5
44,1,0,4,2,1,17306,104,0,5
56,1,0,3,2,1,17307,506,0,1
45,1,0,3,2,1,17308,72,0,1
55,1,0,4,2,1,17311,41,1,4
52,1,0,4,2,1,17313,NA,NA,NA
44,1,0,3,2,1,17315,112,0,1
42,1,0,2,2,1,17318,45,0,1
47,1,0,3,2,1,17321,26,1,2
43,1,0,4,2,1,17322,69,0,4
42,1,0,4,2,1,17323,25,0,4
51,1,0,1,2,1,17324,43,1,3
52,1,0,4,2,1,17326,27,1,4
NA,1,0,3,2,1,17327,82,0,1
43,1,0,4,2,1,17328,101,0,4
50,1,0,4,2,1,17329,55,0,4
46,0,0,4,2,1,17330,40,0,5
51,1,0,4,2,1,17331,108,0,5
52,1,0,4,2,1,17335,97,0,1
47,1,0,3,2,1,17337,44,0,1
42,1,0,4,2,1,17341,159,0,3
38,1,0,3,2,1,17343,37,0,2
54,1,0,3,2,1,17345,101,0,3
59,1,0,4,2,1,17346,NA,NA,NA
42,1,0,2,2,1,17347,95,0,1
48,1,0,3,2,1,17349,88,0,1
47,0,0,3,2,1,17350,75,0,1
47,1,0,4,2,1,17352,101,0,5
47,1,0,4,2,1,17358,22,1,3
41,1,0,4,2,1,17359,58,0,3
42,1,0,4,2,1,17361,50,0,5
41,1,0,3,2,1,17364,80,0,2
49,1,0,3,2,1,17365,104,0,1
48,1,0,3,2,1,17366,NA,NA,NA
45,1,0,3,2,1,17367,108,0,1
58,1,0,4,2,1,17368,46,1,5
52,1,0,1,2,1,17369,91,0,1
51,1,0,4,2,1,17371,160,0,1
47,1,0,3,2,1,17373,61,0,2
45,1,0,3,2,1,17379,47,0,1
51,1,0,4,2,1,17380,81,0,5
49,0,0,3,2,1,17382,140,0,1
40,1,0,2,2,1,17384,105,0,2
51,1,0,3,2,1,17385,488,0,1
49,1,0,4,2,1,17386,58,0,4
56,1,0,4,2,1,17387,62,1,3
54,1,0,4,2,1,17389,21,1,3
45,1,0,3,2,1,17390,217,0,1
38,0,0,4,2,1,17391,101,0,5
42,1,0,4,2,1,17392,18,0,4
42,1,0,4,2,1,17393,82,0,5
45,0,0,3,2,1,17394,55,0,1
46,0,0,4,2,1,17395,NA,NA,NA
52,1,0,3,2,1,17396,91,0,1
45,1,0,1,2,1,17397,46,0,1
53,1,0,4,2,1,17398,91,0,5
54,1,0,1,2,1,17399,102,0,1
43,1,0,4,2,1,17400,41,0,5
49,1,0,1,2,1,17402,NA,NA,NA
48,1,0,4,2,1,17403,87,0,1
57,1,0,3,2,1,17404,NA,NA,NA
57,0,0,4,2,1,17405,80,0,5
55,1,0,1,2,1,17410,81,0,1
47,0,0,2,2,1,17411,50,0,2
52,0,0,4,2,1,17412,54,1,5
47,1,0,4,2,1,17413,46,0,5
49,0,0,3,2,1,17414,40,1,1
43,1,0,4,2,1,17415,48,0,5
36,1,0,4,2,1,17417,24,0,3
35,1,0,4,2,1,17418,47,0,5
37,1,0,3,2,1,17421,112,0,1
45,1,0,4,2,1,17422,50,0,3
48,1,0,2,2,1,17424,NA,NA,NA
50,1,0,4,2,1,17426,76,0,3
50,1,0,4,2,1,17428,NA,NA,NA
56,1,0,3,2,1,17429,101,0,1
40,1,0,3,2,1,17430,146,0,1
52,1,0,3,2,1,17431,42,1,3
42,1,0,3,2,1,17432,78,0,1
58,1,0,3,2,1,17433,NA,NA,NA
41,1,0,4,2,1,17434,65,0,1
52,0,0,2,2,1,17437,41,1,1
NA,0,0,3,2,1,17440,75,0,1
43,1,0,3,2,1,17443,45,0,1
51,1,0,3,2,1,17444,NA,NA,NA
55,0,0,1,2,1,17445,51,0,1
40,1,0,2,2,1,17447,137,0,1
57,1,0,3,2,1,17448,33,1,1
35,1,0,2,2,1,17449,64,0,3
49,1,0,1,2,1,17450,114,0,1
41,1,0,4,2,1,17451,49,0,5
53,1,0,3,2,1,17453,35,1,1
55,1,0,3,2,1,17455,77,0,1
48,1,0,4,2,1,17457,111,0,2
37,0,0,4,2,1,17458,90,0,3
40,1,0,4,2,1,17461,105,0,3
54,0,0,4,2,1,17463,65,0,3
42,0,0,4,2,1,17467,56,0,5
46,1,0,1,2,1,17468,75,0,1
40,1,0,4,2,1,17471,109,0,5
40,1,0,2,2,1,17472,54,0,3
55,1,0,3,2,1,17473,40,1,2
50,0,0,4,2,1,17475,41,1,3
43,0,0,2,2,1,17476,111,0,2
46,1,0,2,2,1,17480,87,0,1
51,0,0,3,2,1,17483,42,1,1
64,1,0,4,2,1,17484,46,1,4
55,1,0,4,2,1,17488,43,1,4
41,1,0,4,2,1,17489,58,0,5
44,0,0,4,2,1,17490,110,0,5
41,1,0,1,2,1,17491,144,0,1
53,1,0,3,2,1,17492,84,0,1
44,1,0,1,2,1,17493,74,0,2
45,1,0,1,2,1,17494,101,0,2
51,0,0,1,2,1,17495,NA,NA,NA
49,1,0,3,2,1,17499,83,0,1
48,1,0,3,2,1,17500,47,0,5
55,0,0,4,2,1,17501,94,0,5
52,0,0,4,2,1,17502,NA,NA,NA
41,0,0,3,2,1,17504,45,0,3
NA,1,0,1,2,1,17506,53,1,1
52,1,0,4,2,1,17507,61,0,5
54,0,0,4,2,1,17509,52,1,5
40,1,0,4,2,1,17511,42,0,5
51,1,0,3,2,1,17514,80,0,1
60,1,0,3,2,1,17515,NA,NA,NA
NA,1,0,4,2,1,17517,41,1,1
44,1,0,2,2,1,17518,48,0,1
47,1,0,4,2,1,17520,80,0,1
39,0,0,3,2,1,17521,47,0,2
40,1,0,3,2,1,17523,701,0,1
46,1,0,4,2,1,17524,35,1,3
NA,NA,0,3,2,1,17527,40,0,3
49,1,0,4,2,1,17530,63,0,5
42,0,0,3,2,1,17533,71,0,1
47,1,0,3,2,1,17534,28,1,2
64,1,0,4,2,1,17535,155,0,4
51,1,0,2,2,1,17538,90,0,1
54,1,0,4,2,1,17539,25,1,3
52,1,0,4,2,1,17541,46,1,4
34,0,0,4,2,1,17542,20,0,5
45,1,0,1,2,1,17543,66,0,3
49,1,0,3,2,1,17544,20,1,2
47,1,0,3,2,1,17546,92,0,1
36,1,0,2,2,1,17550,NA,NA,NA
55,1,0,4,2,1,17551,44,1,5
49,1,0,4,2,1,17552,21,1,3
59,0,0,3,2,1,17553,74,1,1
52,1,0,4,2,1,17556,20,1,4
46,1,0,2,2,1,17557,45,0,1
45,1,0,2,2,1,17558,108,0,1
43,0,0,4,2,1,17559,NA,NA,NA
58,1,0,1,2,1,17561,81,0,1
41,1,0,3,2,1,17562,60,0,1
48,1,0,3,2,1,17563,80,0,1
47,1,0,4,2,1,17564,43,0,4
52,1,0,4,2,1,17567,49,1,4
49,1,0,4,2,1,17570,110,0,1
43,1,0,3,2,1,17571,411,0,1
36,1,0,3,2,1,17574,44,0,3
43,1,0,4,2,1,17577,72,0,3
47,1,0,3,2,1,17578,63,0,1
45,1,0,4,2,1,17579,106,0,5
44,1,0,3,2,1,17583,57,0,1
49,1,0,3,2,1,17584,50,0,2
46,1,0,4,2,1,17587,38,0,1
47,1,0,3,2,1,17588,155,0,1
55,1,0,3,2,1,17590,86,0,1
57,1,0,3,2,1,17591,NA,NA,NA
44,1,0,1,2,1,17592,89,0,1
44,1,0,3,2,1,17594,69,0,1
54,1,0,3,2,1,17595,44,1,2
44,1,0,3,2,1,17596,98,0,1
45,1,0,2,2,1,17597,126,0,1
34,1,0,1,2,1,17598,89,0,1
44,0,0,2,2,1,17599,54,0,1
47,0,0,4,2,1,17600,80,0,5
37,0,0,3,2,1,17601,47,0,1
39,1,0,3,2,1,17602,43,0,3
37,1,0,3,2,1,17603,68,0,1
61,1,0,3,2,1,17604,47,1,1
53,1,0,3,2,1,17610,NA,NA,NA
48,1,0,4,2,1,17611,109,0,3
33,1,0,4,2,1,17612,123,0,5
46,1,0,1,2,1,17613,NA,NA,NA
51,1,0,3,2,1,17622,41,1,2
46,1,0,4,2,1,17623,21,1,3
51,1,0,1,2,1,17626,26,1,3
51,1,0,1,2,1,17627,80,0,1
52,1,0,4,2,1,17628,47,1,4
51,1,0,4,2,1,17629,23,1,3
53,1,0,3,2,1,17631,NA,NA,NA
50,0,0,2,2,1,17633,50,1,2
46,1,0,3,2,1,17636,85,0,2
39,1,0,4,2,1,17638,40,0,1
47,0,0,4,2,1,17639,43,0,3
59,1,0,3,2,1,17640,NA,NA,NA
58,0,0,4,2,1,17643,76,0,3
45,1,0,3,2,1,17644,406,0,1
51,1,0,3,2,1,17645,77,0,1
32,1,0,4,2,1,17647,26,0,4
45,1,0,4,2,1,17650,35,0,5
57,1,0,4,2,1,17651,50,1,5
52,1,0,3,2,1,17652,NA,NA,NA
47,1,0,4,2,1,17653,103,0,5
45,1,0,4,2,1,17655,61,0,3
46,1,0,1,2,1,17656,61,0,1
39,1,0,3,2,1,17659,44,0,3
NA,1,0,1,2,1,17660,102,0,1
42,1,0,2,2,1,17661,43,0,1
52,1,0,3,2,1,17662,94,0,1
48,1,0,4,2,1,17664,73,0,4
48,1,0,4,2,1,17665,50,0,5
46,1,0,4,2,1,17666,47,0,3
58,1,0,3,2,1,17667,110,0,1
43,1,0,3,2,1,17668,40,0,1
50,0,0,4,2,1,17670,107,0,5
41,1,0,2,2,1,17671,59,0,1
49,0,0,1,2,1,17673,45,1,1
53,1,0,3,2,1,17674,NA,NA,NA
47,1,0,1,2,1,17675,82,0,1
47,1,0,2,2,1,17676,106,0,2
41,1,0,3,2,1,17677,86,0,1
47,1,0,3,2,1,17678,85,0,1
42,1,0,1,2,1,17679,84,0,1
44,1,0,3,2,1,17680,42,0,2
49,1,0,4,2,1,17682,83,0,1
41,1,0,3,2,1,17683,46,0,2
40,0,0,3,2,1,17685,85,0,2
46,1,0,4,2,1,17687,57,0,5
44,0,0,2,2,1,17690,45,0,2
49,1,0,4,2,1,17694,104,0,4
40,1,0,4,2,1,17696,101,0,5
57,1,0,3,2,1,17699,100,0,1
41,0,0,4,2,1,17705,56,0,5
43,1,0,4,2,1,17707,49,0,3
47,1,0,3,2,1,17708,101,0,3
52,1,0,3,2,1,17709,144,0,2
52,1,0,3,2,1,17711,110,0,1
46,1,0,4,2,1,17712,151,0,2
55,0,0,3,2,1,17713,85,0,3
53,0,0,1,2,1,17714,406,0,1
41,1,0,3,2,1,17715,24,0,2
52,1,0,3,2,1,17716,96,0,1
48,1,0,3,2,1,17721,44,1,1
46,0,0,4,2,1,17723,54,0,3
48,0,0,3,2,1,17725,19,1,2
45,1,0,4,2,1,17726,NA,NA,NA
37,1,0,3,2,1,17730,45,0,1
47,0,0,3,2,1,17731,99,0,3
47,0,0,4,2,1,17733,85,0,5
45,1,0,1,2,1,17735,88,0,1
38,0,0,4,2,1,17740,46,0,4
44,1,0,1,2,1,17741,79,0,3
57,1,0,3,2,1,17743,74,0,1
39,1,0,2,2,1,17744,75,0,1
44,1,0,3,2,1,17746,36,0,2
44,1,0,4,2,1,17747,42,0,4
49,1,0,2,2,1,17748,62,0,1
49,1,0,4,2,1,17749,43,1,5
49,1,0,1,2,1,17750,87,0,1
52,1,0,1,2,1,17751,12,1,1
37,1,0,2,2,1,17753,46,0,1
42,1,0,2,2,1,17754,27,0,1
54,1,0,4,2,1,17755,143,0,5
52,1,0,1,2,1,17756,60,0,2
40,1,0,2,2,1,17759,64,0,3
43,1,0,4,2,1,17760,45,0,4
45,1,0,4,2,1,17761,40,0,5
50,1,0,3,2,1,17762,34,1,4
51,1,0,3,2,1,17763,90,0,1
55,1,0,1,2,1,17764,43,1,1
47,0,0,4,2,1,17765,43,0,5
45,1,0,4,2,1,17769,70,0,1
48,1,0,4,2,1,17771,40,1,1
46,1,0,3,2,1,17772,92,0,3
54,1,0,4,2,1,17773,76,0,4
66,0,0,3,2,1,17774,89,1,1
63,1,0,4,2,1,17775,153,0,5
53,1,0,1,2,1,17776,35,0,1
51,1,0,4,2,1,17777,90,0,2
48,1,0,4,2,1,17778,51,0,3
67,0,0,4,2,1,17779,38,1,5
44,1,0,3,2,1,17781,41,0,3
46,1,0,1,2,1,17783,42,0,1
42,1,0,4,2,1,17784,48,0,5
41,1,0,4,2,1,17788,40,0,4
48,1,0,2,2,1,17789,86,0,1
NA,1,0,4,2,1,17794,44,1,2
56,0,0,4,2,1,17795,NA,NA,NA
43,0,0,3,2,1,17796,89,0,3
53,1,0,4,2,1,17797,40,1,4
40,1,0,2,2,1,17798,141,0,1
47,1,0,4,2,1,17799,120,0,4
42,1,0,2,2,1,17800,57,0,1
40,1,0,4,2,1,17802,47,0,5
48,1,0,3,2,1,17803,NA,NA,NA
44,1,0,4,2,1,17807,57,0,4
53,0,0,4,2,1,17809,25,1,5
47,1,0,4,2,1,17811,42,0,1
NA,1,0,2,2,1,17812,104,0,1
42,1,0,4,2,1,17813,107,0,5
42,1,0,3,2,1,17814,45,0,1
54,0,0,3,2,1,17817,108,0,1
NA,1,0,3,2,1,17818,82,0,4
53,0,0,4,2,1,17819,36,1,3
47,1,0,1,2,1,17820,32,1,1
55,1,0,4,2,1,17823,NA,NA,NA
57,1,0,4,2,1,17824,39,1,4
53,1,0,3,2,1,17827,89,0,1
50,1,0,3,2,1,17829,25,1,2
31,1,0,4,2,1,17831,65,0,4
53,1,0,2,2,1,17832,54,1,1
44,1,0,4,2,1,17833,39,0,3
40,0,0,4,2,1,17836,63,0,1
46,1,0,3,2,1,17837,116,0,1
40,1,0,3,2,1,17838,46,0,3
40,1,0,1,2,1,17840,50,0,1
49,0,0,4,2,1,17842,109,0,5
47,1,0,3,2,1,17844,49,0,1
46,1,0,3,2,1,17847,189,0,1
48,1,0,3,2,1,17848,23,1,4
47,0,0,4,2,1,17850,50,0,1
33,1,0,4,2,1,17853,51,0,5
48,1,0,3,2,1,17855,81,0,2
46,1,0,4,2,1,17858,102,0,5
59,1,0,4,2,1,17859,NA,NA,NA
46,1,0,4,2,1,17860,50,0,5
61,1,0,3,2,1,17861,47,1,2
48,1,0,2,2,1,17862,94,0,1
54,1,0,4,2,1,17863,NA,NA,NA
43,0,0,3,2,1,17864,115,0,1
48,1,0,1,2,1,17865,17,1,1
49,1,0,1,2,1,17866,26,1,4
42,1,0,3,2,1,17867,74,0,2
43,1,0,3,2,1,17868,98,0,1
48,0,0,2,2,1,17869,47,0,2
40,1,0,4,2,1,17874,51,0,5
57,0,0,3,2,1,17876,NA,NA,NA
44,1,0,3,2,1,17877,803,0,1
46,0,0,3,2,1,17878,106,0,1
44,1,0,4,2,1,17880,40,0,4
53,1,0,1,2,1,17882,44,1,1
44,1,0,3,2,1,17885,574,0,1
57,1,0,4,2,1,17886,103,0,3
53,1,0,4,2,1,17890,91,0,2
45,1,0,4,2,1,17891,47,0,3
49,1,0,1,2,1,17892,23,1,1
43,1,0,3,2,1,17893,101,0,3
49,1,0,4,2,1,17894,84,0,5
57,0,0,4,2,1,17895,21,1,5
50,0,0,2,2,1,17896,63,0,4
54,1,0,3,2,1,17897,82,0,3
47,0,0,2,2,1,17898,29,1,1
40,1,0,1,2,1,17903,68,0,1
44,1,0,3,2,1,17905,103,0,1
42,1,0,3,2,1,17906,136,0,1
56,0,0,4,2,1,17907,111,0,5
46,1,0,4,2,1,17909,47,0,1
51,1,0,3,2,1,17910,109,0,1
52,1,0,4,2,1,17912,54,1,4
52,1,0,4,2,1,17914,109,0,2
45,1,0,4,2,1,17915,44,0,5
42,1,0,1,2,1,17916,83,0,1
52,0,0,3,2,1,17917,659,0,1
56,1,0,3,2,1,17918,25,1,1
39,1,0,3,2,1,17919,82,0,1
39,1,0,2,2,1,17920,56,0,1
48,1,0,2,2,1,17921,97,0,1
61,1,0,4,2,1,17922,NA,NA,NA
54,0,0,3,2,1,17923,81,0,1
43,1,0,2,2,1,17924,47,0,1
41,0,0,4,2,1,17926,49,0,5
60,1,0,2,2,1,17928,80,1,1
52,0,0,4,2,1,17929,100,0,5
37,1,0,2,2,1,17930,90,0,1
50,1,0,4,2,1,17931,42,1,5
56,1,0,4,2,1,17932,101,0,5
45,1,0,1,2,1,17934,41,0,1
40,1,0,4,2,1,17936,101,0,5
47,1,0,3,2,1,17938,71,0,2
50,1,0,1,2,1,17939,129,0,1
42,1,0,4,2,1,17940,32,0,1
46,1,0,4,2,1,17941,100,0,4
60,0,0,4,2,1,17942,99,0,2
39,1,0,2,2,1,17943,37,0,1
45,1,0,3,2,1,17944,45,0,3
36,1,0,4,2,1,17945,41,0,3
53,1,0,3,2,1,17946,103,0,1
45,1,0,3,2,1,17950,64,0,1
40,1,0,4,2,1,17952,33,0,3
48,1,0,3,2,1,17953,208,0,1
40,1,0,3,2,1,17954,38,0,1
NA,NA,0,4,2,1,17956,61,0,5
40,0,0,4,2,1,17959,35,0,1
48,0,0,3,2,1,17961,54,0,3
46,1,0,4,2,1,17962,29,1,3
54,1,0,4,2,1,17964,67,0,3
40,1,0,4,2,1,17965,63,0,4
48,1,0,3,2,1,17969,78,0,1
41,1,0,1,2,1,17970,147,0,3
48,1,0,4,2,1,17973,28,1,5
62,1,0,4,2,1,17975,79,0,3
43,0,0,4,2,1,17976,20,1,3
49,1,0,1,2,1,17978,47,0,1
53,0,0,2,2,1,17980,49,1,1
55,1,0,3,2,1,17981,70,0,1
51,1,0,4,2,1,17985,40,1,5
38,1,0,2,2,1,17987,44,0,3
59,1,0,4,2,1,17989,25,1,5
49,1,0,4,2,1,17990,50,0,5
45,1,0,2,2,1,17991,123,0,1
56,1,0,3,2,1,17995,97,0,3
55,1,0,4,2,1,17996,47,0,4
38,1,0,2,2,1,17998,63,0,1
46,1,0,1,2,1,18000,40,0,3
51,1,0,4,2,1,18004,56,0,4
33,1,0,4,2,1,18005,228,0,5
43,0,0,4,2,1,18006,55,0,3
42,1,0,4,2,1,18007,95,0,4
46,1,0,4,2,1,18009,111,0,5
46,1,0,3,2,1,18010,44,0,1
NA,1,0,3,2,1,18011,97,0,1
58,1,0,3,2,1,18012,41,1,2
NA,1,0,4,2,1,18014,42,0,4
49,1,0,4,2,1,18016,62,0,4
56,0,0,2,2,1,18019,53,0,1
52,1,0,4,2,1,18020,41,1,4
57,1,0,4,2,1,18021,43,1,5
49,0,0,4,2,1,18022,61,0,1
44,1,0,3,2,1,18023,29,1,2
45,1,0,3,2,1,18024,84,0,1
48,1,0,4,2,1,18025,51,0,4
29,1,0,2,2,1,18027,85,0,1
41,1,0,4,2,1,18028,54,0,3
52,1,0,3,2,1,18029,25,1,2
49,0,0,2,2,1,18031,44,1,1
46,0,0,3,2,1,18033,64,0,2
54,1,0,3,2,1,18037,70,0,1
45,1,0,4,2,1,18038,78,0,4
48,1,0,4,2,1,18041,40,1,3
52,1,0,4,2,1,18042,45,1,3
40,1,0,2,2,1,18044,101,0,2
31,1,0,4,2,1,18045,41,0,4
50,1,0,4,2,1,18047,79,0,2
46,1,0,3,2,1,18048,29,1,3
54,0,0,4,2,1,18052,76,0,3
54,1,0,2,2,1,18054,NA,NA,NA
52,0,0,3,2,1,18055,52,1,1
41,1,0,4,2,1,18056,81,0,1
70,1,0,4,2,1,18057,48,1,5
45,1,0,3,2,1,18060,82,0,3
49,0,0,4,2,1,18061,40,1,4
46,1,0,4,2,1,18063,45,0,4
50,1,0,4,2,1,18065,123,0,5
51,0,0,4,2,1,18066,100,0,5
50,1,0,4,2,1,18069,45,1,4
49,1,0,4,2,1,18070,42,1,5
46,1,0,4,2,1,18071,100,0,5
73,0,0,4,2,1,18074,76,1,5
45,0,0,4,2,1,18077,43,0,1
49,1,0,3,2,1,18078,60,0,1
57,0,0,4,2,1,18079,NA,NA,NA
40,1,0,4,2,1,18080,53,0,3
45,0,0,3,2,1,18083,51,0,1
42,1,0,4,2,1,18085,8,1,3
36,1,0,4,2,1,18086,57,0,3
38,1,0,4,2,1,18087,43,0,4
40,1,0,1,2,1,18089,91,0,2
45,1,0,4,2,1,18090,39,0,2
54,1,0,2,2,1,18093,114,0,1
58,1,0,4,2,1,18095,121,0,3
52,0,0,4,2,1,18096,106,0,5
34,0,0,4,2,1,18097,48,0,5
65,1,0,4,2,1,18099,NA,NA,NA
48,0,0,3,2,1,18102,141,0,3
43,1,0,3,2,1,18103,46,0,3
NA,1,0,4,2,1,18104,104,0,5
46,1,0,3,2,1,18107,NA,NA,NA
49,1,0,1,2,1,18108,22,1,2
48,1,0,4,2,1,18110,21,1,3
40,1,0,4,2,1,18113,110,0,4
54,1,0,4,2,1,18115,46,1,3
48,1,0,3,2,1,18116,146,0,1
47,1,0,3,2,1,18117,40,0,3
61,1,0,2,2,1,18120,86,1,1
37,0,0,4,2,1,18122,41,0,5
50,1,0,4,2,1,18126,82,0,5
51,1,0,4,2,1,18127,NA,NA,NA
43,1,0,4,2,1,18130,49,0,5
51,1,0,3,2,1,18131,45,1,3
43,1,0,1,2,1,18132,99,0,1
44,1,0,4,2,1,18139,40,0,3
51,1,0,3,2,1,18140,NA,NA,NA
38,0,0,4,2,1,18142,35,0,3
42,1,0,3,2,1,18143,92,0,1
53,1,0,3,2,1,18144,26,1,1
42,0,0,4,2,1,18146,405,0,5
55,1,0,4,2,1,18150,30,1,3
43,1,0,3,2,1,18151,192,0,1
56,0,0,3,2,1,18153,104,0,1
41,1,0,1,2,1,18155,47,0,3
40,1,0,4,2,1,18156,43,0,2
44,0,0,2,2,1,18158,96,0,2
38,1,0,4,2,1,18159,46,0,5
36,1,0,4,2,1,18160,45,0,5
52,1,0,3,2,1,18161,NA,NA,NA
41,0,0,3,2,1,18162,56,0,1
57,1,0,4,2,1,18164,110,0,5
49,1,0,4,2,1,18165,79,0,3
50,0,0,1,2,1,18166,18,1,1
53,1,0,3,2,1,18170,10,1,2
48,1,0,1,2,1,18171,55,0,1
48,0,0,3,2,1,18172,42,1,2
40,1,0,2,2,1,18174,27,0,1
39,0,0,3,2,1,18177,40,0,3
34,1,0,4,2,1,18181,42,0,4
41,1,0,2,2,1,18185,43,0,1
41,1,0,4,2,1,18186,43,0,4
48,1,0,2,2,1,18187,65,0,2
37,1,0,2,2,1,18188,26,0,1
48,1,0,4,2,1,18194,45,0,5
45,1,0,3,2,1,18195,42,0,2
43,1,0,2,2,1,18196,30,0,1
54,1,0,4,2,1,18197,51,0,4
41,1,0,3,2,1,18198,70,0,1
43,0,0,1,2,1,18199,120,0,1
45,1,0,2,2,1,18200,72,0,1
44,1,0,4,2,1,18201,52,0,4
43,0,0,4,2,1,18203,82,0,4
43,1,0,4,2,1,18204,36,0,1
52,1,0,2,2,1,18205,54,1,1
NA,1,0,4,2,1,18206,33,0,3
45,0,0,3,2,1,18209,44,0,1
47,1,0,4,2,1,18211,NA,NA,NA
47,1,0,4,2,1,18212,52,0,5
48,1,0,3,2,1,18213,83,0,1
52,0,0,4,2,1,18215,40,1,4
41,0,0,4,2,1,18216,41,0,5
49,1,0,4,2,1,18220,54,0,2
49,1,0,1,2,1,18221,86,0,1
52,0,0,3,2,1,18223,NA,NA,NA
47,1,0,1,2,1,18224,62,0,1
43,0,0,4,2,1,18226,22,1,4
53,1,0,4,2,1,18227,51,1,1
65,1,0,3,2,1,18229,NA,NA,NA
43,1,0,4,2,1,18230,42,0,5
40,1,0,2,2,1,18233,58,0,1
50,0,0,4,2,1,18234,40,1,5
63,1,0,4,2,1,18237,23,1,3
51,1,0,4,2,1,18240,45,1,5
56,1,0,3,2,1,18241,NA,NA,NA
47,1,0,3,2,1,18242,12,1,1
49,0,0,4,2,1,18244,22,1,5
38,0,0,4,2,1,18246,56,0,3
44,1,0,3,2,1,18247,83,0,3
41,1,0,2,2,1,18249,139,0,1
39,1,0,4,2,1,18250,46,0,5
56,0,0,4,2,1,18253,43,1,3
50,1,0,4,2,1,18254,47,1,3
59,1,0,4,2,1,18258,34,1,4
47,1,0,3,2,1,18259,21,1,2
56,1,0,3,2,1,18260,35,1,1
43,1,0,2,2,1,18261,47,0,2
59,1,0,4,2,1,18262,64,1,1
46,0,0,4,2,1,18265,72,0,3
42,1,0,4,2,1,18266,60,0,3
45,1,0,3,2,1,18267,16,1,3
49,1,0,4,2,1,18268,37,0,3
43,1,0,4,2,1,18269,85,0,4
46,0,0,2,2,1,18270,43,0,1
44,1,0,4,2,1,18271,51,0,5
45,1,0,3,2,1,18273,88,0,1
52,1,0,1,2,1,18274,NA,NA,NA
51,1,0,3,2,1,18275,52,1,1
59,1,0,1,2,1,18276,74,0,2
47,1,0,2,2,1,18277,83,0,1
53,0,0,4,2,1,18278,107,0,5
43,1,0,2,2,1,18281,46,0,2
38,1,0,2,2,1,18283,80,0,1
30,1,0,4,2,1,18285,42,0,5
44,1,0,4,2,1,18287,100,0,5
32,1,0,3,2,1,18289,107,0,1
50,1,0,4,2,1,18291,54,0,5
43,0,0,4,2,1,18294,52,0,4
45,0,0,4,2,1,18295,70,0,4
51,1,0,3,2,1,18296,88,0,3
38,1,0,3,2,1,18300,100,0,3
53,1,0,3,2,1,18301,215,0,3
36,1,0,4,2,1,18303,102,0,3
50,1,0,4,2,1,18305,21,1,5
49,1,0,4,2,1,18307,20,1,5
45,1,0,2,2,1,18308,85,0,1
46,1,0,4,2,1,18309,37,0,3
48,1,0,3,2,1,18310,56,0,3
45,1,0,4,2,1,18311,45,0,1
50,1,0,1,2,1,18313,23,1,2
47,1,0,4,2,1,18314,106,0,5
39,1,0,3,2,1,18315,433,0,1
52,1,0,2,2,1,18318,84,0,1
44,1,0,3,2,1,18319,82,0,1
45,0,0,3,2,1,18321,151,0,1
38,1,0,4,2,1,18323,482,0,1
50,1,0,2,2,1,18325,142,0,1
NA,1,0,4,2,1,18326,31,1,5
50,0,0,3,2,1,18327,107,0,1
46,0,0,3,2,1,18328,71,0,1
43,1,0,4,2,1,18330,37,0,5
42,1,0,3,2,1,18331,47,0,2
52,1,0,1,2,1,18332,43,1,2
43,1,0,4,2,1,18333,26,1,3
53,1,0,4,2,1,18334,101,0,2
50,1,0,4,2,1,18335,18,1,3
34,1,0,4,2,1,18336,54,0,3
57,1,0,4,2,1,18338,33,1,5
51,1,0,4,2,1,18339,111,0,4
49,0,0,3,2,1,18345,94,0,1
52,1,0,4,2,1,18346,41,1,3
49,1,0,3,2,1,18347,48,0,1
47,1,0,3,2,1,18349,41,0,2
38,0,0,4,2,1,18350,79,0,3
42,1,0,4,2,1,18351,28,0,4
53,1,0,2,2,1,18352,47,0,2
46,1,0,3,2,1,18353,20,0,1
37,1,0,4,2,1,18356,57,0,1
46,0,0,4,2,1,18358,42,0,5
60,1,0,4,2,1,18359,22,1,3
48,1,0,1,2,1,18360,122,0,2
56,1,0,3,2,1,18361,80,0,1
53,1,0,4,2,1,18362,48,1,5
43,1,0,4,2,1,18363,54,0,5
45,1,0,4,2,1,18364,104,0,4
52,1,0,4,2,1,18365,48,1,2
40,0,0,4,2,1,18368,107,0,5
49,1,0,4,2,1,18373,64,0,4
50,0,0,2,2,1,18375,62,0,1
50,1,0,4,2,1,18377,71,0,4
48,1,0,2,2,1,18380,98,0,1
46,1,0,4,2,1,18382,NA,NA,NA
56,1,0,1,2,1,18384,39,1,2
48,1,0,3,2,1,18385,97,0,1
41,1,0,3,2,1,18386,127,0,1
50,1,0,4,2,1,18387,44,1,4
39,1,0,3,2,1,18392,88,0,1
43,1,0,4,2,1,18393,74,0,3
45,0,0,3,2,1,18396,167,0,1
48,1,0,3,2,1,18397,79,0,1
51,1,0,4,2,1,18399,44,1,5
47,0,0,4,2,1,18400,NA,NA,NA
50,1,0,1,2,1,18401,NA,NA,NA
49,1,0,3,2,1,18403,225,0,1
42,1,0,3,2,1,18404,89,0,1
49,1,0,3,2,1,18407,26,1,1
52,0,0,4,2,1,18410,40,1,1
55,1,0,4,2,1,18411,27,1,3
59,1,0,4,2,1,18415,43,1,4
47,1,0,4,2,1,18416,51,0,5
49,1,0,1,2,1,18418,31,1,2
56,1,0,3,2,1,18419,54,0,1
46,1,0,3,2,1,18420,89,0,1
48,1,0,3,2,1,18422,NA,NA,NA
49,0,0,4,2,1,18423,42,1,2
40,1,0,3,2,1,18426,93,0,1
45,1,0,3,2,1,18427,68,0,1
51,1,0,3,2,1,18428,742,0,1
40,1,0,3,2,1,18429,83,0,1
41,1,0,4,2,1,18430,73,0,5
60,1,0,1,2,1,18433,37,1,3
49,1,0,3,2,1,18434,NA,NA,NA
42,1,0,2,2,1,18436,640,0,1
46,1,0,4,2,1,18438,101,0,5
49,1,0,4,2,1,18440,21,1,5
56,1,0,4,2,1,18441,108,0,1
57,0,0,3,2,1,18442,NA,NA,NA
44,0,0,4,2,1,18444,56,0,3
56,1,0,4,2,1,18446,NA,NA,NA
54,1,0,4,2,1,18447,35,1,3
47,1,0,4,2,1,18451,49,0,1
42,1,0,4,2,1,18452,102,0,2
55,1,0,4,2,1,18453,100,0,4
41,1,0,1,2,1,18455,30,0,3
69,1,0,1,2,1,18457,NA,NA,NA
52,1,0,3,2,1,18458,81,0,1
58,1,0,4,2,1,18460,102,0,1
54,1,0,4,2,1,18465,400,0,5
45,1,0,3,2,1,18466,91,0,1
47,0,0,4,2,1,18467,59,0,1
38,1,0,1,2,1,18468,187,0,1
46,1,0,4,2,1,18471,43,0,4
49,1,0,4,2,1,18473,53,0,1
49,1,0,3,2,1,18474,98,0,1
52,1,0,3,2,1,18475,NA,NA,NA
47,1,0,4,2,1,18476,41,1,4
49,1,0,2,2,1,18477,122,0,1
36,1,0,4,2,1,18480,52,0,5
53,1,0,2,2,1,18483,65,0,1
54,1,0,3,2,1,18485,87,0,2
51,1,0,3,2,1,18486,81,0,1
46,1,0,4,2,1,18488,46,0,5
46,1,0,4,2,1,18489,19,0,3
40,1,0,1,2,1,18491,45,0,3
47,1,0,4,2,1,18492,102,0,5
51,1,0,3,2,1,18494,7,1,3
52,1,0,4,2,1,18495,31,0,5
43,0,0,4,2,1,18496,41,0,4
43,1,0,4,2,1,18499,16,1,5
50,1,0,4,2,1,18501,88,0,3
52,1,0,4,2,1,18502,40,0,3
45,0,0,3,2,1,18503,54,0,1
53,1,0,3,2,1,18504,NA,NA,NA
44,1,0,4,2,1,18505,37,0,2
61,1,0,2,2,1,18506,NA,NA,NA
39,0,0,3,2,1,18508,99,0,1
58,1,0,3,2,1,18510,NA,NA,NA
44,1,0,4,2,1,18513,33,0,1
39,0,0,1,2,1,18514,98,0,1
58,1,0,3,2,1,18515,109,0,1
51,1,0,4,2,1,18516,46,1,5
46,0,0,2,2,1,18517,49,0,1
51,0,0,4,2,1,18521,24,1,3
50,1,0,3,2,1,18523,74,0,1
53,1,0,4,2,1,18524,NA,NA,NA
54,0,0,4,2,1,18526,50,0,2
51,0,0,1,2,1,18528,NA,NA,NA
NA,1,0,4,2,1,18529,45,0,5
50,1,0,1,2,1,18530,27,1,2
45,1,0,4,2,1,18531,40,0,4
42,1,0,2,2,1,18534,163,0,2
NA,1,0,1,2,1,18538,40,1,1
56,1,0,1,2,1,18539,100,0,1
58,1,0,4,2,1,18540,16,1,4
45,1,0,2,2,1,18541,95,0,1
53,0,0,4,2,1,18542,108,0,5
45,1,0,4,2,1,18544,30,1,1
54,1,0,4,2,1,18545,NA,NA,NA
45,1,0,2,2,1,18546,85,0,1
45,1,0,3,2,1,18549,81,0,1
48,0,0,3,2,1,18550,96,0,1
44,1,0,4,2,1,18554,101,0,5
45,1,0,4,2,1,18556,79,0,5
61,1,0,4,2,1,18557,103,0,5
50,1,0,2,2,1,18558,114,0,1
48,1,0,1,2,1,18559,65,0,1
59,1,0,1,2,1,18566,62,0,1
51,1,0,1,2,1,18567,69,0,1
57,0,0,3,2,1,18568,NA,NA,NA
55,1,0,3,2,1,18571,541,0,2
39,1,0,4,2,1,18572,20,0,5
55,1,0,4,2,1,18573,35,1,5
49,1,0,3,2,1,18574,41,1,2
32,1,0,2,2,1,18575,86,0,1
44,1,0,3,2,1,18576,133,0,1
48,1,0,2,2,1,18579,50,0,1
44,1,0,4,2,1,18580,23,1,3
54,1,0,1,2,1,18583,30,1,1
46,0,0,1,2,1,18586,58,0,2
42,1,0,3,2,1,18587,42,0,3
NA,1,0,3,2,1,18589,77,0,1
37,1,0,4,2,1,18591,96,0,1
33,1,0,1,2,1,18594,82,0,1
37,1,0,3,2,1,18595,43,0,2
57,1,0,4,2,1,18597,NA,NA,NA
51,1,0,3,2,1,18599,43,1,1
59,1,0,4,2,1,18602,NA,NA,NA
50,0,0,4,2,1,18605,24,1,5
48,1,0,3,2,1,18606,NA,NA,NA
48,1,0,3,2,1,18607,304,0,4
41,1,0,4,2,1,18608,49,0,3
57,0,0,4,2,1,18609,42,1,4
53,0,0,3,2,1,18611,81,0,2
46,1,0,3,2,1,18612,80,0,1
45,1,0,2,2,1,18613,30,1,1
48,1,0,4,2,1,18614,41,1,5
42,1,0,1,2,1,18618,68,0,1
54,1,0,4,2,1,18620,45,1,5
49,0,0,3,2,1,18622,74,0,1
50,1,0,3,2,1,18623,84,0,3
38,1,0,3,2,1,18624,18,0,2
43,1,0,4,2,1,18625,47,0,3
62,1,0,4,2,1,18626,110,0,5
45,1,0,3,2,1,18630,56,0,1
37,0,0,4,2,1,18631,45,0,5
46,0,0,4,2,1,18633,106,0,1
50,0,0,4,2,1,18634,NA,NA,NA
46,0,0,2,2,1,18635,47,0,2
44,1,0,4,2,1,18636,35,0,3
51,1,0,3,2,1,18637,36,1,3
49,1,0,4,2,1,18638,NA,NA,NA
61,1,0,4,2,1,18639,NA,NA,NA
41,1,0,4,2,1,18641,106,0,3
46,0,0,3,2,1,18644,92,0,1
40,0,0,3,2,1,18645,92,0,1
46,1,0,4,2,1,18647,90,0,1
59,1,0,1,2,1,18648,NA,NA,NA
42,1,0,3,2,1,18649,587,0,1
51,1,0,4,2,1,18651,112,0,5
47,1,0,4,2,1,18653,42,0,5
42,1,0,4,2,1,18654,41,0,5
40,0,0,3,2,1,18655,46,0,2
55,1,0,4,2,1,18656,NA,NA,NA
39,0,0,1,2,1,18659,49,0,4
51,1,0,4,2,1,18660,22,1,3
51,0,0,4,2,1,18661,52,1,4
42,1,0,4,2,1,18663,104,0,5
51,1,0,2,2,1,18664,408,0,2
45,1,0,4,2,1,18665,101,0,1
48,1,0,4,2,1,18667,108,0,2
49,1,0,3,2,1,18668,84,0,1
38,1,0,4,2,1,18670,24,0,3
44,1,0,4,2,1,18671,42,0,5
53,1,0,4,2,1,18673,15,1,5
50,1,0,4,2,1,18674,25,1,5
52,1,0,4,2,1,18675,45,1,5
51,1,0,2,2,1,18676,46,1,1
50,1,0,4,2,1,18677,56,0,3
56,1,0,4,2,1,18680,32,1,5
48,0,0,4,2,1,18681,NA,NA,NA
44,1,0,4,2,1,18682,42,0,4
49,1,0,3,2,1,18686,54,0,2
54,1,0,4,2,1,18688,32,1,4
51,1,0,3,2,1,18689,62,0,2
55,0,0,4,2,1,18690,16,1,4
59,1,0,1,2,1,18691,45,1,5
44,1,0,4,2,1,18692,48,0,4
53,1,0,4,2,1,18693,63,0,4
45,1,0,4,2,1,18694,23,1,5
42,1,0,3,2,1,18695,95,0,1
58,1,0,4,2,1,18697,25,1,4
47,1,0,3,2,1,18699,137,0,1
49,1,0,2,2,1,18700,86,0,1
46,1,0,1,2,1,18703,131,0,1
47,1,0,4,2,1,18707,59,0,2
49,1,0,4,2,1,18708,73,0,5
61,1,0,3,2,1,18709,55,0,1
58,1,0,4,2,1,18711,30,1,1
48,0,0,3,2,1,18712,806,0,1
48,1,0,4,2,1,18713,42,1,5
48,1,0,4,2,1,18714,32,1,5
55,1,0,4,2,1,18715,18,1,5
48,1,0,2,2,1,18716,70,0,1
57,1,0,2,2,1,18717,9,1,1
51,1,0,1,2,1,18719,NA,NA,NA
54,1,0,4,2,1,18720,49,1,4
NA,1,0,2,2,1,18721,NA,NA,NA
57,1,0,3,2,1,18723,120,0,1
61,1,0,4,2,1,18725,33,1,3
52,1,0,4,2,1,18726,41,1,5
36,0,0,4,2,1,18727,50,0,3
44,1,0,2,2,1,18728,108,0,1
45,1,0,3,2,1,18729,98,0,1
50,0,0,4,2,1,18731,46,1,5
50,1,0,3,2,1,18735,59,0,2
51,1,0,3,2,1,18736,21,1,5
50,1,0,3,2,1,18737,403,0,1
54,1,0,1,2,1,18738,88,0,1
53,0,0,4,2,1,18740,84,0,4
45,1,0,4,2,1,18744,43,0,5
47,1,0,4,2,1,18746,52,0,4
NA,NA,0,3,2,1,18750,66,0,5
48,0,0,3,2,1,18755,104,0,1
39,0,0,4,2,1,18756,17,0,3
46,1,0,4,2,1,18757,44,0,2
39,1,0,3,2,1,18760,75,0,1
42,1,0,3,2,1,18761,82,0,2
51,1,0,4,2,1,18763,100,0,5
42,1,0,1,2,1,18764,81,0,1
44,1,0,4,2,1,18765,21,1,4
42,1,0,3,2,1,18768,413,0,1
46,1,0,3,2,1,18771,86,0,3
46,0,0,4,2,1,18774,104,0,5
NA,1,0,3,2,1,18775,66,0,2
38,1,0,3,2,1,18776,25,0,2
36,0,0,4,2,1,18777,90,0,3
63,1,0,3,2,1,18778,NA,NA,NA
51,1,0,4,2,1,18780,81,0,4
54,0,0,3,2,1,18782,NA,NA,NA
NA,1,0,4,2,1,18784,45,0,4
42,0,0,4,2,1,18786,40,0,4
58,1,0,3,2,1,18788,37,1,1
45,1,0,4,2,1,18789,58,0,3
41,1,0,4,2,1,18791,81,0,1
42,0,0,4,2,1,18792,47,0,5
47,0,0,4,2,1,18794,42,0,3
47,1,0,3,2,1,18795,109,0,3
46,1,0,4,2,1,18796,48,0,4
37,1,0,4,2,1,18797,115,0,5
NA,1,0,4,2,1,18799,122,0,5
52,1,0,3,2,1,18800,37,1,3
46,1,0,3,2,1,18801,93,0,1
42,1,0,1,2,1,18804,32,0,2
58,0,0,4,2,1,18808,42,0,5
52,1,0,3,2,1,18809,248,0,1
50,0,0,3,2,1,18811,80,0,1
48,1,0,1,2,1,18812,84,0,1
48,1,0,1,2,1,18814,NA,NA,NA
42,1,0,4,2,1,18816,47,0,5
58,1,0,4,2,1,18817,NA,NA,NA
45,1,0,4,2,1,18818,42,0,4
46,1,0,4,2,1,18819,41,0,4
46,1,0,4,2,1,18820,40,0,4
48,1,0,4,2,1,18821,14,1,3
43,1,0,4,2,1,18822,41,0,5
52,1,0,1,2,1,18823,66,0,3
49,1,0,3,2,1,18824,59,0,2
49,0,0,3,2,1,18826,101,0,1
49,1,0,4,2,1,18828,43,1,4
42,0,0,4,2,1,18831,55,0,5
35,1,0,4,2,1,18832,41,0,4
52,1,0,4,2,1,18833,24,1,3
43,1,0,2,2,1,18834,84,0,1
55,0,0,4,2,1,18835,107,0,5
39,0,0,3,2,1,18836,64,0,2
44,1,0,4,2,1,18837,104,0,5
46,1,0,2,2,1,18838,46,0,1
49,1,0,2,2,1,18839,90,0,2
62,0,0,1,2,1,18841,NA,NA,NA
36,1,0,4,2,1,18843,41,0,3
39,1,0,1,2,1,18844,76,0,3
54,1,0,1,2,1,18846,42,1,2
52,1,0,4,2,1,18847,22,1,3
62,1,0,1,2,1,18851,56,1,5
47,1,0,2,2,1,18853,30,1,1
56,1,0,3,2,1,18855,NA,NA,NA
53,0,0,2,2,1,18856,77,0,1
49,0,0,1,2,1,18857,NA,NA,NA
36,1,0,4,2,1,18858,42,0,3
52,1,0,4,2,1,18859,NA,NA,NA
55,1,0,1,2,1,18860,30,1,1
49,1,0,4,2,1,18863,44,1,4
44,1,0,1,2,1,18866,91,0,1
47,0,0,4,2,1,18867,54,0,4
33,0,0,3,2,1,18868,186,0,3
44,1,0,3,2,1,18872,54,0,1
42,0,0,2,2,1,18873,49,0,1
49,1,0,4,2,1,18874,28,1,5
50,0,0,4,2,1,18875,NA,NA,NA
54,1,0,4,2,1,18877,42,1,5
48,1,0,3,2,1,18880,25,1,2
46,1,0,4,2,1,18881,41,0,1
45,0,0,4,2,1,18884,85,0,5
46,1,0,4,2,1,18885,80,0,3
46,0,0,3,2,1,18886,81,0,1
43,1,0,3,2,1,18887,79,0,1
49,0,0,2,2,1,18889,100,0,1
45,1,0,4,2,1,18890,41,0,3
47,1,0,4,2,1,18892,81,0,4
51,1,0,4,2,1,18894,25,1,3
43,1,0,4,2,1,18896,110,0,5
41,1,0,4,2,1,18897,NA,NA,NA
50,1,0,3,2,1,18898,114,0,1
57,1,0,4,2,1,18899,109,0,5
48,1,0,1,2,1,18900,109,0,1
45,1,0,4,2,1,18902,41,0,4
42,1,0,3,2,1,18906,180,0,1
47,0,0,3,2,1,18909,81,0,1
53,1,0,4,2,1,18910,110,0,4
51,1,0,4,2,1,18914,41,1,2
50,1,0,1,2,1,18915,53,0,2
35,1,0,4,2,1,18918,21,0,3
38,1,0,4,2,1,18919,107,0,5
54,1,0,4,2,1,18920,50,1,1
48,1,0,4,2,1,18922,46,0,4
45,0,0,4,2,1,18925,21,1,3
48,1,0,3,2,1,18926,36,1,2
58,1,0,4,2,1,18927,NA,NA,NA
40,1,0,4,2,1,18928,486,0,1
43,0,0,3,2,1,18932,86,0,1
50,1,0,4,2,1,18935,23,1,2
47,0,0,4,2,1,18936,56,0,5
48,1,0,4,2,1,18937,61,0,3
37,1,0,4,2,1,18938,42,0,5
44,1,0,3,2,1,18939,61,0,1
39,1,0,4,2,1,18940,100,0,5
48,1,0,2,2,1,18945,58,0,1
49,1,0,4,2,1,18946,107,0,4
46,1,0,4,2,1,18947,41,0,4
41,0,0,3,2,1,18948,81,0,1
49,1,0,2,2,1,18951,62,0,1
45,1,0,3,2,1,18953,74,0,3
49,1,0,2,2,1,18954,119,0,2
53,1,0,3,2,1,18955,NA,NA,NA
60,1,0,2,2,1,18956,43,1,1
50,0,0,4,2,1,18957,NA,NA,NA
38,1,0,3,2,1,18962,55,0,3
58,1,0,4,2,1,18968,78,0,5
59,0,0,2,2,1,18971,NA,NA,NA
38,1,0,1,2,1,18973,43,0,1
39,0,0,4,2,1,18974,41,0,1
51,0,0,3,2,1,18975,48,1,1
44,1,0,3,2,1,18976,70,0,1
46,1,0,1,2,1,18978,102,0,3
48,1,0,4,2,1,18979,101,0,1
46,1,0,4,2,1,18980,63,0,4
35,1,0,2,2,1,18981,51,0,1
65,1,0,3,2,1,18984,74,0,1
50,1,0,4,2,1,18985,41,1,4
55,1,0,1,2,1,18990,33,1,1
49,1,0,1,3,1,18991,423,0,1
48,1,0,4,3,1,18992,55,0,1
45,1,0,1,3,1,18995,42,0,1
NA,1,0,3,3,1,19000,NA,NA,NA
42,0,0,2,3,1,19001,55,0,1
49,1,0,3,3,1,19002,75,0,3
54,1,0,3,3,1,19003,26,1,3
42,0,0,3,3,1,19004,187,0,1
53,1,0,3,3,1,19008,32,0,3
48,0,0,3,3,1,19009,103,0,3
56,1,0,3,3,1,19010,33,1,3
51,1,0,3,3,1,19011,54,1,3
47,0,0,2,3,1,19012,49,0,1
47,1,0,1,3,1,19015,99,0,1
41,1,0,3,3,1,19016,41,0,3
50,1,0,1,3,1,19022,90,0,1
46,1,0,3,3,1,19024,20,1,1
45,0,0,3,3,1,19025,51,0,3
49,1,0,3,3,1,19029,41,1,3
42,1,0,3,3,1,19031,104,0,3
39,1,0,3,3,1,19033,91,0,1
52,1,0,1,3,1,19034,63,0,1
42,1,0,3,3,1,19035,63,0,3
53,0,0,1,3,1,19038,92,0,1
42,1,0,3,3,1,19039,65,0,3
51,1,0,3,3,1,19040,106,0,1
43,1,0,2,3,1,19041,78,0,1
45,1,0,1,3,1,19042,804,0,1
50,1,0,3,3,1,19043,37,0,3
50,1,0,3,3,1,19044,66,0,3
44,1,0,3,3,1,19046,41,0,3
58,0,0,3,3,1,19049,44,1,1
37,1,0,2,3,1,19051,26,0,1
40,1,0,3,3,1,19052,46,0,3
53,1,0,1,3,1,19054,198,0,1
56,0,0,4,3,1,19055,55,1,3
48,1,0,4,3,1,19056,43,0,3
38,1,0,3,3,1,19057,77,0,3
51,1,0,4,3,1,19062,43,1,1
50,1,0,3,3,1,19067,49,1,3
44,1,0,3,3,1,19069,84,0,1
40,1,0,3,3,1,19070,41,0,3
53,0,0,3,3,1,19071,42,1,3
53,1,0,3,3,1,19077,106,0,3
48,1,0,3,3,1,19078,102,0,3
51,1,0,1,3,1,19081,81,0,1
37,1,0,3,3,1,19083,47,0,3
62,1,0,3,3,1,19086,32,1,3
40,1,0,3,3,1,19088,105,0,3
43,1,0,3,3,1,19090,87,0,3
44,1,0,1,3,1,19093,97,0,1
56,1,0,3,3,1,19095,NA,NA,NA
54,1,0,3,3,1,19097,56,1,3
45,0,0,3,3,1,19100,50,0,1
46,0,0,4,3,1,19101,103,0,3
52,1,0,3,3,1,19104,NA,NA,NA
46,0,0,1,3,1,19105,46,0,1
47,0,0,2,3,1,19106,72,0,1
51,1,0,3,3,1,19107,103,0,3
46,1,0,1,3,1,19109,98,0,1
39,1,0,3,3,1,19111,NA,NA,NA
52,1,0,2,3,1,19112,80,0,1
48,1,0,2,3,1,19114,45,0,1
NA,1,0,3,3,1,19116,41,1,3
29,1,0,3,3,1,19118,48,0,1
47,0,0,2,3,1,19119,38,1,1
58,1,0,3,3,1,19122,11,1,3
51,1,0,3,3,1,19123,47,1,3
35,1,0,3,3,1,19124,78,0,3
57,1,0,3,3,1,19126,42,1,3
56,0,0,3,3,1,19127,85,0,3
39,1,0,2,3,1,19128,84,0,1
39,1,0,3,3,1,19129,101,0,3
48,1,0,3,3,1,19130,102,0,3
48,1,0,3,3,1,19131,44,0,3
49,0,0,3,3,1,19132,42,1,3
51,1,0,3,3,1,19135,42,1,1
41,1,0,3,3,1,19137,41,0,1
57,1,0,3,3,1,19140,56,1,3
54,1,0,3,3,1,19142,11,1,3
52,1,0,3,3,1,19143,82,0,1
51,1,0,1,3,1,19144,NA,NA,NA
49,0,0,1,3,1,19145,NA,NA,NA
51,1,0,3,3,1,19146,100,0,3
51,1,0,3,3,1,19149,70,0,3
43,1,0,3,3,1,19152,40,0,3
52,1,0,3,3,1,19153,101,0,3
49,1,0,3,3,1,19154,40,1,3
44,1,0,3,3,1,19155,103,0,1
53,1,0,3,3,1,19156,38,0,3
56,1,0,3,3,1,19157,72,0,3
50,0,0,3,3,1,19158,41,1,3
41,0,0,1,3,1,19160,73,0,1
47,0,0,1,3,1,19161,119,0,1
56,0,0,3,3,1,19162,NA,NA,NA
53,1,0,3,3,1,19167,36,0,3
44,1,0,2,3,1,19168,400,0,1
47,0,0,3,3,1,19171,82,0,3
52,1,0,2,3,1,19172,62,0,1
49,1,0,3,3,1,19174,101,0,3
54,1,0,2,3,1,19176,127,0,1
42,1,0,3,3,1,19178,41,0,3
56,1,0,3,3,1,19181,45,1,3
50,1,0,3,3,1,19182,31,0,3
45,1,0,3,3,1,19183,41,0,3
42,1,0,3,3,1,19185,27,0,3
NA,0,0,3,3,1,19186,56,0,1
42,1,0,3,3,1,19187,52,0,3
42,1,0,3,3,1,19188,70,0,1
43,1,0,3,3,1,19190,99,0,1
63,1,0,3,3,1,19192,30,1,3
47,0,0,1,3,1,19193,40,0,1
52,1,0,3,3,1,19196,112,0,1
52,1,0,3,3,1,19198,53,1,3
40,1,0,3,3,1,19199,101,0,3
42,1,0,3,3,1,19201,47,0,3
41,0,0,3,3,1,19203,88,0,1
45,1,0,3,3,1,19204,NA,NA,NA
43,1,0,3,3,1,19205,50,0,1
46,1,0,3,3,1,19208,54,0,1
64,1,0,1,3,1,19209,76,1,1
46,1,0,3,3,1,19211,100,0,3
44,0,0,2,3,1,19212,100,0,1
62,1,0,3,3,1,19214,45,1,3
59,0,0,4,3,1,19216,NA,NA,NA
44,1,0,4,3,1,19221,81,0,1
37,1,0,1,3,1,19222,53,0,1
44,1,0,2,3,1,19225,29,1,1
48,1,0,3,3,1,19226,57,0,3
54,1,0,3,3,1,19231,NA,NA,NA
38,0,0,2,3,1,19233,90,0,1
40,1,0,2,3,1,19234,30,0,1
41,1,0,3,3,1,19235,129,0,3
62,1,0,3,3,1,19238,39,1,3
45,0,0,3,3,1,19239,NA,NA,NA
59,1,0,3,3,1,19243,110,0,3
71,0,0,3,3,1,19244,120,0,3
56,1,0,1,3,1,19246,57,1,1
49,0,0,1,3,1,19248,133,0,1
54,1,0,3,3,1,19250,67,0,3
56,0,0,1,3,1,19251,NA,NA,NA
39,0,0,3,3,1,19255,61,0,3
52,1,0,2,3,1,19256,41,1,1
37,1,0,1,3,1,19258,44,0,1
NA,1,0,1,3,1,19260,85,0,1
38,0,0,1,3,1,19262,45,0,1
42,1,0,3,3,1,19263,45,0,3
55,0,0,3,3,1,19264,63,1,3
45,1,0,2,3,1,19265,27,1,1
63,1,0,2,3,1,19266,NA,NA,NA
50,1,0,3,3,1,19272,17,1,3
49,0,0,3,3,1,19273,43,1,3
57,1,0,4,3,1,19274,103,0,3
53,1,0,1,3,1,19275,87,0,1
45,1,0,3,3,1,19277,22,1,1
34,1,0,1,3,1,19278,57,0,1
43,1,0,3,3,1,19279,43,0,3
51,0,0,3,3,1,19281,61,0,3
44,1,0,3,3,1,19282,76,0,3
50,1,0,3,3,1,19285,NA,NA,NA
43,0,0,2,3,1,19287,82,0,1
62,1,0,3,3,1,19288,22,1,3
42,0,0,2,3,1,19292,76,0,1
49,0,0,3,3,1,19297,44,1,3
54,1,0,4,3,1,19298,61,1,1
48,1,0,3,3,1,19299,60,0,3
60,1,0,3,3,1,19300,51,1,3
58,0,0,1,3,1,19301,32,1,1
53,1,0,3,3,1,19304,45,1,1
57,1,0,2,3,1,19305,NA,NA,NA
51,0,0,3,3,1,19307,49,1,3
59,1,0,3,3,1,19308,76,0,1
46,1,0,3,3,1,19311,84,0,3
53,0,0,1,3,1,19312,50,1,1
54,1,0,3,3,1,19313,NA,NA,NA
46,1,0,3,3,1,19314,89,0,3
53,0,0,3,3,1,19316,22,1,3
36,1,0,3,3,1,19319,53,0,3
51,1,0,1,3,1,19320,24,1,1
48,1,0,1,3,1,19321,88,0,1
47,1,0,3,3,1,19322,104,0,1
61,1,0,3,3,1,19324,31,1,3
67,1,0,3,3,1,19325,43,1,3
46,1,0,3,3,1,19328,49,0,3
42,1,0,3,3,1,19329,41,0,3
50,1,0,3,3,1,19330,116,0,1
43,1,0,1,3,1,19331,90,0,1
43,0,0,3,3,1,19332,64,0,1
49,1,0,1,3,1,19334,89,0,1
55,1,0,3,3,1,19335,406,0,1
51,1,0,3,3,1,19338,NA,NA,NA
56,1,0,3,3,1,19341,98,0,1
41,1,0,3,3,1,19342,50,0,3
48,0,0,3,3,1,19343,46,0,3
43,1,0,1,3,1,19344,41,0,1
47,1,0,2,3,1,19345,31,1,1
40,0,0,3,3,1,19346,63,0,3
44,1,0,3,3,1,19348,66,0,3
45,1,0,3,3,1,19350,51,0,3
45,1,0,2,3,1,19354,94,0,3
47,1,0,3,3,1,19357,91,0,3
48,0,0,1,3,1,19359,84,0,1
58,0,0,2,3,1,19360,74,1,1
50,1,0,2,3,1,19361,46,1,1
48,1,0,4,3,1,19362,43,1,3
48,1,0,2,3,1,19364,58,0,1
45,0,0,3,3,1,19365,103,0,1
43,1,0,4,3,1,19367,104,0,1
50,0,0,1,3,1,19368,602,0,1
43,1,0,3,3,1,19369,105,0,3
59,1,0,1,3,1,19370,92,0,1
40,1,0,3,3,1,19372,105,0,3
49,1,0,3,3,1,19375,85,0,1
52,1,0,1,3,1,19376,28,1,1
51,1,0,3,3,1,19377,101,0,3
51,1,0,3,3,1,19378,NA,NA,NA
39,0,0,3,3,1,19380,86,0,3
48,0,0,3,3,1,19381,111,0,3
59,0,0,1,3,1,19382,NA,NA,NA
NA,0,0,3,3,1,19383,125,0,1
50,1,0,3,3,1,19388,50,0,1
57,0,0,3,3,1,19389,30,1,3
53,1,0,3,3,1,19396,61,0,1
56,0,0,2,3,1,19397,76,0,1
49,0,0,3,3,1,19398,NA,NA,NA
48,0,0,2,3,1,19400,NA,NA,NA
42,1,0,3,3,1,19401,72,0,3
56,1,0,3,3,1,19402,46,1,3
45,1,0,2,3,1,19404,42,0,1
58,1,0,4,3,1,19405,50,1,1
51,1,0,2,3,1,19408,155,0,1
47,1,0,3,3,1,19410,73,0,1
46,1,0,4,3,1,19412,85,0,3
43,1,0,1,3,1,19413,40,0,1
56,1,0,3,3,1,19414,120,0,1
46,1,0,4,3,1,19417,104,0,3
NA,1,0,3,3,1,19422,28,1,3
53,0,0,2,3,1,19423,86,0,1
46,1,0,2,3,1,19424,74,0,1
36,1,0,3,3,1,19425,63,0,3
44,0,0,3,3,1,19426,102,0,3
54,1,0,3,3,1,19427,45,1,3
46,1,0,3,3,1,19429,410,0,1
53,1,0,3,3,1,19431,43,1,3
50,1,0,2,3,1,19432,81,0,1
39,1,0,1,3,1,19433,95,0,1
51,1,0,1,3,1,19434,104,0,1
56,1,0,1,3,1,19435,103,0,1
47,0,0,3,3,1,19436,61,0,3
35,1,0,3,3,1,19437,44,0,3
55,1,0,1,3,1,19438,40,1,1
49,1,0,2,3,1,19440,60,0,1
46,1,0,3,3,1,19441,48,0,3
49,1,0,3,3,1,19442,NA,NA,NA
48,1,0,3,3,1,19444,67,0,3
58,0,0,3,3,1,19445,100,0,3
48,1,0,3,3,1,19449,64,0,3
55,1,0,1,3,1,19451,61,1,1
50,1,0,3,3,1,19452,28,1,3
49,1,0,2,3,1,19453,49,0,1
41,0,0,2,3,1,19461,90,0,1
49,1,0,3,3,1,19463,101,0,3
45,1,0,3,3,1,19465,101,0,3
43,1,0,3,3,1,19466,125,0,1
45,1,0,3,3,1,19467,43,0,3
41,1,0,1,3,1,19470,15,1,1
43,0,0,3,3,1,19472,48,0,3
56,1,0,1,3,1,19473,76,0,1
49,0,0,3,3,1,19474,77,0,3
42,0,0,3,3,1,19476,46,0,3
52,0,0,3,3,1,19477,110,0,3
49,1,0,2,3,1,19478,72,0,1
46,0,0,2,3,1,19479,26,1,1
46,0,0,2,3,1,19480,95,0,1
50,0,0,3,3,1,19481,150,0,1
49,1,0,3,3,1,19483,115,0,3
62,0,0,1,3,1,19487,NA,NA,NA
48,1,0,3,3,1,19488,104,0,3
NA,1,0,3,3,1,19489,24,1,3
54,1,0,3,3,1,19490,NA,NA,NA
60,1,0,1,3,1,19491,43,1,1
42,1,0,3,3,1,19496,150,0,1
39,1,0,3,3,1,19497,49,0,3
59,1,0,1,3,1,19498,81,0,1
49,1,0,3,3,1,19499,50,0,3
51,0,0,3,3,1,19501,102,0,3
49,0,0,3,3,1,19504,41,1,3
51,0,0,1,3,1,19505,30,0,1
47,1,0,1,3,1,19507,NA,NA,NA
51,1,0,3,3,1,19508,88,0,1
53,1,0,3,3,1,19509,84,0,3
44,1,0,3,3,1,19511,100,0,1
53,0,0,3,3,1,19513,22,1,3
45,1,0,2,3,1,19514,55,0,1
40,1,0,3,3,1,19516,80,0,1
42,0,0,3,3,1,19518,407,0,1
54,1,0,3,3,1,19519,NA,NA,NA
54,1,0,3,3,1,19522,NA,NA,NA
51,1,0,3,3,1,19524,100,0,3
51,1,0,3,3,1,19526,30,1,1
56,1,0,3,3,1,19527,41,1,3
52,1,0,2,3,1,19528,NA,NA,NA
49,0,0,3,3,1,19530,NA,NA,NA
48,1,0,3,3,1,19531,55,0,3
45,1,0,3,3,1,19533,40,0,1
44,1,0,2,3,1,19534,40,0,1
47,0,0,3,3,1,19535,44,0,3
45,0,0,1,3,1,19536,54,0,1
52,0,0,3,3,1,19537,35,1,1
50,1,0,3,3,1,19538,41,1,3
41,0,0,3,3,1,19540,87,0,1
57,1,0,2,3,1,19542,NA,NA,NA
47,1,0,1,3,1,19544,95,0,1
51,1,0,3,3,1,19545,42,1,3
42,1,0,3,3,1,19547,43,0,1
55,1,0,1,3,1,19548,89,0,1
55,1,0,3,3,1,19550,21,1,3
48,1,0,3,3,1,19551,53,0,1
55,0,0,2,3,1,19552,63,1,1
54,1,0,3,3,1,19556,107,0,3
49,1,0,3,3,1,19561,42,1,3
46,1,0,3,3,1,19563,42,0,3
39,1,0,2,3,1,19566,28,0,1
52,1,0,3,3,1,19568,53,1,3
43,1,0,3,3,1,19569,97,0,1
39,1,0,3,3,1,19570,63,0,3
47,1,0,2,3,1,19571,65,0,1
45,0,0,2,3,1,19572,47,0,1
52,1,0,3,3,1,19573,40,1,3
48,0,0,3,3,1,19574,52,0,3
42,0,0,3,3,1,19577,61,0,1
41,1,0,3,3,1,19579,38,0,3
53,1,0,3,3,1,19582,42,1,3
48,1,0,1,3,1,19583,603,0,1
49,0,0,3,3,1,19584,148,0,3
42,1,0,3,3,1,19585,41,0,1
43,0,0,3,3,1,19586,104,0,1
52,0,0,4,3,1,19589,89,0,1
41,1,0,3,3,1,19591,42,0,3
45,1,0,1,3,1,19595,48,0,1
47,0,0,3,3,1,19596,108,0,1
46,0,0,1,3,1,19598,91,0,1
45,1,0,2,3,1,19599,47,0,1
43,1,0,3,3,1,19601,40,0,3
53,1,0,3,3,1,19602,41,1,3
54,1,0,3,3,1,19603,250,0,1
NA,1,0,2,3,1,19605,74,0,1
43,1,0,3,3,1,19606,87,0,3
70,1,0,3,3,1,19609,81,0,3
58,1,0,3,3,1,19612,52,0,3
47,1,0,3,3,1,19614,23,1,3
34,1,0,3,3,1,19617,50,0,3
51,1,0,3,3,1,19618,100,0,3
37,1,0,3,3,1,19619,85,0,3
41,1,0,2,3,1,19621,84,0,1
62,1,0,3,3,1,19622,64,1,1
52,1,0,3,3,1,19623,57,0,3
49,1,0,3,3,1,19628,42,0,3
44,0,0,3,3,1,19629,51,0,3
52,1,0,2,3,1,19633,NA,NA,NA
58,1,0,3,3,1,19634,NA,NA,NA
47,1,0,1,3,1,19636,88,0,1
39,1,0,3,3,1,19638,35,0,1
44,1,0,3,3,1,19640,42,0,3
59,1,0,2,3,1,19641,25,1,1
51,1,0,2,3,1,19642,NA,NA,NA
52,1,0,1,3,1,19644,60,0,1
59,1,0,3,3,1,19647,101,0,3
45,1,0,1,3,1,19648,42,0,1
55,1,0,3,3,1,19650,85,0,1
53,1,0,3,3,1,19651,106,0,1
36,1,0,3,3,1,19652,35,0,3
52,0,0,3,3,1,19654,102,0,3
45,1,0,2,3,1,19655,102,0,1
31,1,0,3,3,1,19656,141,0,3
60,0,0,1,3,1,19658,72,1,1
56,1,0,1,3,1,19659,68,1,1
48,1,0,2,3,1,19661,79,0,1
38,1,0,3,3,1,19662,60,0,3
52,1,0,3,3,1,19663,212,0,3
46,1,0,3,3,1,19664,71,0,1
45,1,0,3,3,1,19666,6,1,3
60,1,0,3,3,1,19667,NA,NA,NA
46,1,0,3,3,1,19668,46,0,3
52,1,0,1,3,1,19669,46,1,1
46,0,0,3,3,1,19671,55,0,1
37,0,0,3,3,1,19672,35,0,3
48,1,0,2,3,1,19673,46,0,1
50,1,0,3,3,1,19679,46,1,3
46,1,0,3,3,1,19681,40,0,3
40,1,0,3,3,1,19682,34,0,3
42,1,0,3,3,1,19684,86,0,1
52,1,0,1,3,1,19688,30,0,1
52,0,0,3,3,1,19689,42,1,3
56,1,0,3,3,1,19690,22,1,3
51,1,0,3,3,1,19695,44,1,3
60,1,0,1,3,1,19696,64,0,1
57,1,0,3,3,1,19698,105,0,1
51,1,0,3,3,1,19700,168,0,3
43,1,0,3,3,1,19701,105,0,3
43,1,0,3,3,1,19702,82,0,1
45,0,0,2,3,1,19704,89,0,1
48,1,0,3,3,1,19706,84,0,3
56,1,0,3,3,1,19708,NA,NA,NA
60,1,0,3,3,1,19710,41,1,3
61,1,0,3,3,1,19711,44,1,3
38,1,0,3,3,1,19712,107,0,1
50,1,0,3,3,1,19714,44,1,1
55,1,0,3,3,1,19715,NA,NA,NA
35,1,0,3,3,1,19716,96,0,3
59,1,0,2,3,1,19718,67,1,1
54,1,0,3,3,1,19719,103,0,3
45,0,0,2,3,1,19720,72,0,1
51,1,0,2,3,1,19721,101,0,1
42,1,0,3,3,1,19723,109,0,1
62,1,0,1,3,1,19724,70,1,1
56,1,0,3,3,1,19725,NA,NA,NA
56,1,0,1,3,1,19726,11,1,1
45,1,0,4,3,1,19727,54,0,3
39,1,0,2,3,1,19728,40,0,1
53,1,0,1,3,1,19729,48,1,1
57,1,0,1,3,1,19730,173,0,1
46,1,0,3,3,1,19732,205,0,1
46,1,0,2,3,1,19733,74,0,1
39,1,0,3,3,1,19737,50,0,3
54,0,0,3,3,1,19739,80,0,3
43,0,0,3,3,1,19740,50,0,3
51,1,0,3,3,1,19741,62,0,1
42,0,0,3,3,1,19744,45,0,3
44,0,0,3,3,1,19747,51,0,3
56,0,0,2,3,1,19748,70,1,1
46,1,0,3,3,1,19749,88,0,1
45,1,0,3,3,1,19751,87,0,3
47,1,0,3,3,1,19753,NA,NA,NA
50,1,0,1,3,1,19754,82,0,1
52,1,0,3,3,1,19756,NA,NA,NA
43,1,0,3,3,1,19758,61,0,3
56,1,0,3,3,1,19762,110,0,3
40,1,0,3,3,1,19763,23,0,1
40,1,0,1,3,1,19766,79,0,1
49,0,0,3,3,1,19767,427,0,3
45,1,0,1,3,1,19768,43,0,1
38,1,0,2,3,1,19769,104,0,1
45,1,0,3,3,1,19770,NA,NA,NA
46,1,0,1,3,1,19771,40,0,1
44,1,0,1,3,1,19773,87,0,1
47,1,0,2,3,1,19774,74,0,1
52,1,0,4,3,1,19778,101,0,3
52,1,0,2,3,1,19779,76,0,1
37,1,0,1,3,1,19780,83,0,1
50,1,0,3,3,1,19781,44,1,3
47,1,0,3,3,1,19782,51,0,1
48,1,0,2,3,1,19783,80,0,1
46,1,0,3,3,1,19784,21,1,3
55,1,0,3,3,1,19785,47,1,3
49,1,0,3,3,1,19788,47,0,3
56,1,0,3,3,1,19789,NA,NA,NA
56,1,0,3,3,1,19791,NA,NA,NA
63,0,0,3,3,1,19794,39,1,3
59,1,0,2,3,1,19796,70,1,1
36,1,0,1,3,1,19801,82,0,1
41,1,0,3,3,1,19803,52,0,3
48,1,0,3,3,1,19804,56,0,3
49,0,0,1,3,1,19805,35,0,1
49,0,0,3,3,1,19806,25,1,1
52,0,1,4,1,0,25959,93,0,4
54,1,1,3,1,0,25873,64,0,1
51,0,1,2,1,0,22174,80,0,1
55,1,1,3,1,0,22629,100,0,1
51,1,0,4,2,0,26554,73,0,3
56,1,0,3,3,0,29541,102,0,3
48,1,1,2,1,0,24669,88,0,1
32,1,0,4,2,0,28389,41,0,5
44,0,1,2,1,0,22215,92,0,1
44,1,0,4,2,0,28650,72,0,3
38,1,0,4,2,0,26402,47,0,3
57,0,1,3,1,0,22328,82,0,2
43,1,0,3,2,0,28733,105,0,1
48,1,1,3,1,0,24321,61,0,2
41,1,1,1,1,0,20414,168,0,1
50,0,0,3,3,0,29395,NA,NA,NA
52,1,1,1,1,0,21184,67,0,1
53,1,0,3,2,0,27949,407,0,1
67,1,0,3,3,0,29699,NA,NA,NA
42,1,1,1,1,0,23320,81,0,1
49,1,0,4,2,0,28548,84,0,2
49,1,1,1,1,0,20640,98,0,1
42,1,0,1,2,0,28101,94,0,1
38,1,0,3,2,0,27856,70,0,2
49,1,1,1,1,0,22133,52,0,1
57,1,1,1,1,0,25342,NA,NA,NA
44,0,1,4,1,0,22121,32,0,1
42,1,1,1,1,0,22126,56,0,1
49,1,0,1,2,0,28053,46,0,3
60,1,1,2,1,0,25510,NA,NA,NA
46,1,1,4,1,0,23654,101,0,5
45,1,0,4,2,0,26344,20,1,4
53,0,0,4,2,0,28781,103,0,5
43,1,0,4,2,0,27465,24,1,3
55,1,1,3,1,0,21782,107,0,3
42,1,1,1,1,0,22822,16,1,1
47,1,0,3,2,0,27485,27,1,2
53,1,1,2,1,0,22345,45,1,2
54,1,1,2,1,0,23004,103,0,1
45,0,1,1,1,0,20197,70,0,3
44,1,0,1,2,0,26902,77,0,1
49,1,1,2,1,0,21402,62,0,1
44,0,1,2,1,0,22142,82,0,1
42,1,1,4,1,0,20968,NA,NA,NA
51,1,1,3,1,0,20754,38,1,4
53,0,0,4,2,0,27536,78,0,3
53,0,0,4,2,0,28741,NA,NA,NA
53,1,0,3,2,0,26692,29,1,1
40,0,0,3,3,0,29283,49,0,3
49,1,1,1,1,0,26078,115,0,1
46,1,1,4,1,0,23276,44,0,5
40,1,0,3,2,0,26480,90,0,1
34,1,1,3,1,0,21267,41,0,3
44,0,1,3,1,0,25724,41,0,2
48,1,0,4,2,0,27156,83,0,5
46,0,1,4,1,0,21882,49,0,2
47,0,1,1,1,0,21024,27,1,1
64,1,1,4,1,0,24696,NA,NA,NA
51,0,1,1,1,0,22589,70,0,1
58,1,1,4,1,0,20953,73,1,3
47,0,1,1,1,0,22965,109,0,1
47,1,0,1,2,0,27605,43,0,1
53,1,1,4,1,0,21442,NA,NA,NA
38,1,1,4,1,0,21748,102,0,3
39,1,0,4,2,0,27022,24,0,5
53,0,0,3,2,0,28017,22,1,1
55,1,1,3,1,0,22233,57,1,2
51,0,0,3,2,0,27427,102,0,3
39,1,0,3,2,0,26992,106,0,1
48,0,1,1,1,0,21884,51,0,1
40,0,1,2,1,0,25357,114,0,1
43,1,0,3,3,0,29616,103,0,1
56,1,0,2,3,0,29639,86,0,1
59,0,1,1,1,0,20761,76,0,1
45,0,1,3,1,0,24343,20,1,2
51,1,1,4,1,0,25275,78,0,5
57,1,1,4,1,0,23451,171,0,5
48,1,1,3,1,0,20170,72,0,3
42,0,0,3,2,0,28324,44,0,1
40,0,1,2,1,0,21099,48,0,3
44,1,0,3,2,0,27540,44,0,1
50,1,1,1,1,0,22145,NA,NA,NA
49,1,0,4,2,0,26333,43,1,4
54,1,1,1,1,0,25654,45,1,1
38,1,1,2,1,0,21256,59,0,1
NA,1,1,1,1,0,24046,97,0,1
40,1,1,1,1,0,20668,161,0,1
45,1,1,1,1,0,25796,129,0,1
40,1,0,4,2,0,26282,78,0,1
45,1,0,4,2,0,28865,51,0,5
47,0,0,4,2,0,28183,66,0,1
44,1,1,2,1,0,22698,64,0,2
56,1,1,2,1,0,24726,41,0,1
49,0,1,3,1,0,22796,87,0,1
49,1,0,1,2,0,26281,106,0,1
48,0,1,2,1,0,21032,41,1,2
41,1,0,4,2,0,27569,16,1,1
59,1,1,1,1,0,24924,NA,NA,NA
54,1,1,1,1,0,24855,112,0,1
51,1,1,4,1,0,20450,93,0,4
50,0,1,3,1,0,22995,54,0,3
49,1,1,1,1,0,24149,89,0,1
42,1,1,2,1,0,24026,72,0,1
46,1,1,4,1,0,21919,111,0,3
47,1,1,3,1,0,20006,106,0,1
34,0,0,3,2,0,27901,58,0,2
40,1,0,4,2,0,27039,40,0,4
51,0,0,4,2,0,27409,107,0,5
39,1,1,2,1,0,21590,164,0,1
46,0,1,1,1,0,23042,31,1,1
58,1,0,4,3,0,29420,77,0,3
35,1,1,4,1,0,20460,43,0,3
38,1,1,1,1,0,26080,109,0,1
52,0,0,3,3,0,29558,44,1,1
51,1,0,4,2,0,27477,79,0,1
46,1,1,3,1,0,23659,44,0,3
43,1,0,3,3,0,29229,27,0,3
49,1,1,1,1,0,20937,33,1,2
47,1,1,3,1,0,26108,156,0,5
42,1,0,3,2,0,27582,106,0,1
51,1,0,3,2,0,28842,147,0,1
60,1,1,3,1,0,20205,56,0,1
53,1,1,3,1,0,24544,30,1,1
53,1,1,1,1,0,25803,56,1,1
49,0,1,3,1,0,24738,124,0,1
50,1,1,2,1,0,20617,NA,NA,NA
48,1,1,1,1,0,21623,221,0,1
49,1,0,4,2,0,28876,52,0,5
46,1,0,4,2,0,27136,82,0,1
45,1,1,1,1,0,22430,63,0,1
49,0,1,3,1,0,24973,21,1,1
45,1,1,1,1,0,20682,120,0,1
52,1,1,2,1,0,22494,NA,NA,NA
40,1,0,1,2,0,27188,66,0,1
49,1,0,3,2,0,27001,55,0,1
53,0,0,1,3,0,29165,107,0,1
47,1,1,3,1,0,22866,30,1,2
44,1,1,4,1,0,20534,89,0,4
49,1,1,3,1,0,22156,106,0,2
43,0,0,4,2,0,27091,40,0,3
43,1,1,3,1,0,24438,52,0,2
46,1,1,3,1,0,21155,42,0,2
38,0,1,1,1,0,22804,89,0,1
57,1,0,3,2,0,26452,56,0,1
40,1,0,3,3,0,29772,53,0,3
39,0,1,3,1,0,22531,113,0,4
56,0,1,3,1,0,22384,45,1,2
58,1,1,4,1,0,25140,23,1,2
57,1,0,3,3,0,29557,20,1,1
38,1,1,1,1,0,24865,95,0,1
49,1,0,3,2,0,26672,58,0,1
57,1,0,3,2,0,27585,62,0,3
56,1,0,4,2,0,27181,33,1,4
47,1,0,4,2,0,27621,111,0,2
NA,0,1,3,1,0,22326,44,0,1
59,1,0,4,2,0,26504,75,1,4
49,1,1,4,1,0,20245,45,0,1
52,1,1,1,1,0,23721,36,0,3
39,1,0,4,2,0,28662,58,0,4
47,0,0,1,3,0,29775,NA,NA,NA
48,1,1,2,1,0,20322,85,0,1
43,1,1,3,1,0,23322,48,0,3
52,1,0,2,2,0,28435,41,1,1
42,1,0,2,3,0,29245,40,0,1
54,1,1,2,1,0,20889,84,0,1
44,1,1,1,1,0,21767,98,0,1
51,1,1,1,1,0,20155,64,0,1
56,1,1,1,1,0,20645,58,0,1
55,1,0,4,2,0,28394,46,1,5
53,1,0,1,2,0,27806,51,1,1
54,1,0,3,3,0,29787,41,1,3
48,1,0,3,3,0,28999,102,0,1
45,1,0,2,3,0,29418,51,0,1
49,1,1,4,1,0,21268,100,0,4
46,1,1,1,1,0,24713,35,1,1
60,1,1,3,1,0,24756,195,0,3
46,1,1,4,1,0,24239,109,0,4
46,0,1,4,1,0,21792,108,0,4
52,1,1,1,1,0,23687,96,0,1
46,1,1,4,1,0,24683,102,0,3
53,1,1,3,1,0,22309,89,0,1
46,1,0,2,2,0,27342,29,1,1
52,1,1,4,1,0,23678,107,0,5
46,1,1,4,1,0,24931,NA,NA,NA
48,1,1,1,1,0,26054,74,0,1
54,1,1,3,1,0,25826,51,1,1
53,1,1,1,1,0,23968,55,1,1
54,1,0,2,2,0,28685,95,0,2
47,1,0,3,3,0,29703,51,0,3
63,1,1,2,1,0,25692,NA,NA,NA
38,1,0,3,2,0,28683,41,0,1
52,0,1,2,1,0,21496,66,0,1
41,1,1,2,1,0,21622,21,0,1
51,1,1,3,1,0,24828,41,1,4
54,0,0,4,2,0,27573,73,0,2
48,1,0,4,2,0,27111,155,0,5
43,0,0,4,2,0,28535,107,0,5
44,1,1,1,1,0,21780,82,0,1
47,0,1,2,1,0,24310,NA,NA,NA
60,0,1,2,1,0,25427,79,1,1
58,1,0,3,2,0,28073,NA,NA,NA
43,1,0,2,2,0,27045,81,0,2
45,1,1,1,1,0,20909,55,0,1
40,1,0,4,2,0,28272,42,0,3
39,1,1,2,1,0,24362,60,0,2
50,1,0,1,2,0,28497,45,1,3
NA,1,1,2,1,0,23961,161,0,1
40,1,1,2,1,0,25952,41,0,1
39,1,1,3,1,0,23927,81,0,2
50,1,1,1,1,0,23872,59,0,1
51,1,0,2,2,0,27401,75,0,2
48,1,0,3,2,0,28043,49,0,1
51,1,0,4,2,0,28124,39,1,1
43,1,1,2,1,0,25668,163,0,1
40,1,1,3,1,0,22303,145,0,1
55,1,1,1,1,0,22388,33,1,1
50,0,1,4,1,0,24605,45,1,5
57,1,0,1,2,0,28547,33,1,2
47,1,0,1,2,0,28448,29,1,4
59,0,1,1,1,0,20856,62,0,1
41,1,0,2,2,0,27464,160,0,2
48,1,1,4,1,0,25830,50,0,3
54,1,1,2,1,0,24820,93,0,1
53,1,1,1,1,0,25603,100,0,1
43,1,1,2,1,0,22000,41,0,4
38,0,0,2,3,0,29082,49,0,1
49,1,0,4,2,0,28724,NA,NA,NA
46,1,1,1,1,0,23994,68,0,1
46,1,1,2,1,0,25466,71,0,1
50,1,0,4,2,0,26783,10,1,3
49,1,0,4,2,0,28672,101,0,5
55,0,1,4,1,0,20374,42,1,1
60,1,0,4,2,0,26306,108,0,4
48,0,0,1,2,0,27470,85,0,2
36,1,1,3,1,0,21053,42,0,2
57,1,1,1,1,0,25861,30,1,1
47,1,0,2,2,0,26288,41,0,3
54,1,0,4,2,0,28759,40,0,5
NA,1,1,4,1,0,22300,45,1,1
47,0,1,1,1,0,21017,51,0,2
45,1,0,3,3,0,29159,45,0,3
46,1,1,1,1,0,26049,60,0,1
46,1,0,2,2,0,27340,22,1,1
47,1,0,4,2,0,26986,41,0,5
52,0,1,1,1,0,23736,44,1,1
45,1,1,2,1,0,22648,82,0,1
52,1,1,1,1,0,26146,80,0,2
51,1,1,2,1,0,25689,152,0,1
46,1,0,3,2,0,26339,43,0,3
41,1,1,1,1,0,23435,88,0,1
35,0,0,3,2,0,27374,102,0,2
58,1,0,4,2,0,28316,105,0,3
39,1,1,1,1,0,20580,98,0,1
NA,1,0,4,2,0,27487,NA,NA,NA
50,1,1,3,1,0,21864,162,0,2
40,0,1,1,1,0,23146,67,0,1
50,0,0,3,2,0,28148,107,0,3
43,1,1,2,1,0,21834,75,0,1
41,1,0,1,2,0,26663,87,0,1
47,0,0,4,2,0,26299,125,0,3
55,1,1,4,1,0,23628,63,1,1
36,0,0,1,2,0,28076,76,0,1
53,0,0,2,3,0,29399,56,1,1
43,0,1,2,1,0,22656,NA,NA,NA
43,1,1,1,1,0,25762,101,0,2
47,1,1,4,1,0,20570,59,0,3
54,1,1,3,1,0,21612,53,1,4
50,1,1,1,1,0,24763,98,0,1
54,0,1,1,1,0,24210,127,0,3
50,0,1,1,1,0,22622,81,0,1
43,0,1,1,1,0,21827,80,0,1
47,1,0,1,3,0,29502,211,0,1
51,1,1,4,1,0,22896,46,1,4
45,1,1,1,1,0,21398,40,0,1
52,1,0,4,2,0,27021,107,0,5
45,1,1,1,1,0,21706,398,0,1
56,1,0,4,2,0,27230,64,1,4
44,1,1,2,1,0,25365,45,0,1
33,1,1,3,1,0,22643,105,0,1
47,1,1,2,1,0,20377,119,0,1
50,1,0,4,2,0,27128,41,1,5
39,1,1,3,1,0,20913,59,0,3
45,1,1,2,1,0,24287,101,0,1
46,1,1,1,1,0,21243,20,1,1
45,1,0,4,2,0,27580,33,1,5
49,1,1,2,1,0,25504,59,0,1
53,1,0,4,2,0,27581,NA,NA,NA
57,1,0,1,3,0,29091,109,0,1
51,0,1,1,1,0,25097,42,1,3
45,1,1,2,1,0,23172,101,0,1
49,1,1,3,1,0,23518,49,0,2
45,1,1,4,1,0,20302,43,0,1
49,1,1,1,1,0,21565,NA,NA,NA
46,1,1,2,1,0,22786,42,0,1
50,1,0,2,3,0,29136,124,0,1
47,1,0,3,3,0,29059,79,0,1
45,1,1,1,1,0,25922,58,0,2
50,1,1,1,1,0,25888,47,1,1
37,1,0,3,2,0,26760,93,0,3
39,1,0,4,2,0,27076,42,0,4
58,1,0,3,2,0,26570,29,1,1
47,1,0,4,2,0,26966,23,1,4
55,1,1,1,1,0,25804,412,0,1
55,1,1,4,1,0,26050,42,1,3
NA,NA,1,2,1,0,20364,98,0,3
55,0,1,2,1,0,25583,25,1,1
49,1,1,2,1,0,21714,84,0,1
49,1,1,3,1,0,23720,77,0,1
46,1,1,1,1,0,24755,70,0,1
46,1,1,1,1,0,22379,97,0,1
47,1,1,2,1,0,24151,102,0,1
NA,NA,0,1,2,0,26251,41,1,1
54,0,1,2,1,0,24243,410,0,1
38,1,1,4,1,0,21557,42,0,3
45,1,1,1,1,0,22658,98,0,1
41,0,0,3,3,0,29068,108,0,3
52,1,1,1,1,0,21182,55,1,1
56,1,1,1,1,0,21284,88,0,1
42,1,0,3,2,0,26836,543,0,2
41,1,1,3,1,0,20459,NA,NA,NA
NA,1,1,2,1,0,25856,NA,NA,NA
43,0,1,2,1,0,20142,92,0,1
41,1,0,4,2,0,26403,57,0,5
45,1,1,4,1,0,22062,74,0,1
50,1,1,1,1,0,23404,29,1,3
54,1,1,3,1,0,25536,61,0,3
49,1,1,1,1,0,21002,75,0,1
35,0,0,4,2,0,26643,48,0,4
53,1,0,3,2,0,27899,58,1,2
44,1,1,1,1,0,22459,32,0,1
42,1,0,4,2,0,27251,31,0,3
50,1,1,2,1,0,23812,NA,NA,NA
51,1,0,4,2,0,26571,28,1,3
59,1,0,4,2,0,28901,76,1,1
43,1,0,1,3,0,29080,80,0,1
47,0,1,4,1,0,21625,42,0,4
61,1,0,3,3,0,29521,NA,NA,NA
47,0,1,2,1,0,22556,47,0,2
50,0,1,1,1,0,25921,44,1,2
49,1,0,1,2,0,28805,88,0,2
54,0,1,3,1,0,22705,27,1,2
43,1,0,3,3,0,29736,51,0,1
56,1,0,3,2,0,26428,50,1,3
51,1,1,4,1,0,25157,62,0,2
66,1,0,3,2,0,27060,30,1,2
50,1,1,2,1,0,20139,70,0,3
40,0,0,3,3,0,29247,53,0,3
47,1,1,1,1,0,25044,79,0,2
52,0,0,4,2,0,28522,101,0,5
50,1,1,1,1,0,23466,88,0,4
44,0,0,2,2,0,27319,90,0,1
43,1,1,1,1,0,23049,90,0,2
39,0,0,4,2,0,27143,107,0,5
59,1,1,4,1,0,23604,85,0,1
44,1,1,4,1,0,21593,43,0,4
51,0,0,3,3,0,29291,62,0,1
48,1,1,3,1,0,26130,46,0,1
41,1,1,3,1,0,25033,104,0,4
55,0,1,4,1,0,26116,NA,NA,NA
41,1,1,1,1,0,23338,172,0,1
51,1,0,3,2,0,26931,406,0,1
39,1,0,4,2,0,28911,108,0,4
46,1,1,4,1,0,25966,77,0,1
56,1,0,1,3,0,29520,87,0,1
56,1,1,1,1,0,24801,692,0,1
49,1,1,4,1,0,21934,41,1,3
33,1,0,3,2,0,26361,90,0,1
NA,1,0,2,2,0,27736,100,0,1
44,1,0,1,2,0,28972,44,0,1
48,1,1,1,1,0,23576,97,0,1
54,1,1,1,1,0,25529,NA,NA,NA
51,1,1,3,1,0,26148,NA,NA,NA
54,1,1,3,1,0,25269,22,1,3
49,1,1,1,1,0,21146,49,0,1
47,0,0,1,2,0,26367,42,0,1
47,0,0,3,2,0,27825,50,0,1
54,1,0,3,2,0,28742,83,0,1
54,1,0,3,2,0,28848,88,0,1
49,1,1,1,1,0,23880,29,1,1
58,0,1,1,1,0,20144,30,1,1
44,1,1,4,1,0,25617,55,0,3
42,1,1,2,1,0,20509,44,0,2
41,0,0,3,2,0,28810,103,0,1
54,1,0,2,2,0,27441,45,1,1
43,0,0,1,3,0,29500,106,0,1
49,1,1,4,1,0,23057,61,0,2
51,1,0,4,2,0,28001,45,1,4
44,1,0,4,2,0,27686,47,0,5
45,1,0,2,2,0,28257,107,0,2
44,0,1,2,1,0,22272,45,0,1
47,1,0,4,2,0,27720,44,0,2
46,1,1,3,1,0,20843,61,0,1
64,1,1,3,1,0,24580,NA,NA,NA
56,0,1,2,1,0,24120,59,1,1
55,1,0,3,3,0,29309,52,0,3
59,1,1,3,1,0,22125,78,0,2
39,1,1,3,1,0,21301,8,1,1
37,1,1,1,1,0,22700,105,0,1
53,1,0,1,2,0,27851,98,0,1
58,1,1,4,1,0,23007,107,0,3
46,1,1,4,1,0,25124,102,0,5
58,1,1,3,1,0,22240,68,0,1
49,0,1,2,1,0,20462,91,0,1
56,1,0,3,2,0,28967,NA,NA,NA
44,1,1,2,1,0,23419,144,0,1
48,1,1,1,1,0,21466,69,0,1
53,1,0,4,2,0,28783,59,1,4
47,1,1,1,1,0,24926,204,0,1
35,1,1,3,1,0,23445,47,0,4
44,1,1,3,1,0,20716,109,0,4
56,1,0,4,2,0,28152,47,1,4
36,0,1,2,1,0,24572,56,0,1
47,1,1,2,1,0,24322,75,0,4
38,1,0,1,2,0,27179,52,0,1
46,1,0,3,2,0,27167,68,0,1
56,1,1,1,1,0,25133,NA,NA,NA
54,1,1,3,1,0,22962,43,1,3
44,1,1,4,1,0,22166,146,0,3
56,1,1,1,1,0,20201,86,0,1
50,1,1,1,1,0,20618,22,1,2
48,0,0,2,3,0,29428,49,0,1
60,1,0,1,3,0,29138,49,1,1
44,1,1,2,1,0,24592,86,0,1
43,0,1,2,1,0,24076,27,1,1
52,1,1,1,1,0,21862,NA,NA,NA
55,1,1,2,1,0,24561,NA,NA,NA
46,1,0,4,2,0,28034,28,1,5
47,1,1,3,1,0,26065,22,1,2
54,0,1,4,1,0,25799,40,1,2
50,1,0,1,2,0,28840,56,0,1
53,1,1,4,1,0,23115,50,1,4
41,0,1,4,1,0,20827,105,0,2
52,1,0,4,2,0,28684,94,0,1
50,1,1,1,1,0,21851,81,0,1
50,1,0,4,2,0,27095,29,1,3
47,1,1,1,1,0,21598,82,0,1
41,1,0,1,2,0,26727,111,0,2
44,0,0,2,2,0,28511,84,0,1
40,1,1,1,1,0,24647,156,0,1
47,1,1,3,1,0,24456,49,0,2
46,1,1,4,1,0,21136,47,0,3
52,0,1,4,1,0,25270,50,1,3
NA,1,1,1,1,0,22341,32,0,1
57,1,1,1,1,0,25551,38,1,1
41,1,0,4,2,0,26936,33,0,3
37,0,1,4,1,0,22532,25,0,2
47,1,1,1,1,0,22635,412,0,1
56,0,0,3,2,0,28218,123,0,1
50,0,1,3,1,0,24988,52,0,1
54,0,0,1,2,0,26730,104,0,4
52,1,0,4,2,0,27555,NA,NA,NA
45,1,0,3,2,0,26311,81,0,1
47,1,0,4,2,0,27669,101,0,3
51,1,1,2,1,0,22581,131,0,1
50,1,1,4,1,0,22696,138,0,3
46,1,0,2,2,0,26718,44,0,3
54,1,0,3,2,0,27935,49,1,1
62,1,1,4,1,0,21075,NA,NA,NA
36,0,1,3,1,0,21326,107,0,1
59,1,1,1,1,0,20540,50,1,2
45,1,1,3,1,0,20164,36,0,2
46,0,1,3,1,0,21166,69,0,3
53,1,1,4,1,0,24946,24,1,1
41,1,1,3,1,0,20906,104,0,3
45,1,1,3,1,0,25443,112,0,3
45,1,0,3,3,0,29620,85,0,1
62,1,0,1,2,0,26895,72,0,1
53,1,0,3,2,0,27351,51,1,1
41,1,1,4,1,0,23422,48,0,2
47,1,1,3,1,0,23637,NA,NA,NA
41,1,0,4,2,0,28487,101,0,4
55,1,1,4,1,0,20560,57,0,3
33,0,0,2,3,0,29151,74,0,1
67,1,0,4,2,0,26657,77,0,5
41,1,1,4,1,0,20014,38,0,2
33,1,1,2,1,0,25251,41,0,1
53,1,1,4,1,0,22195,35,1,2
52,1,0,4,2,0,26792,21,1,3
34,1,1,1,1,0,23476,81,0,1
43,1,0,3,3,0,29645,67,0,3
44,0,1,4,1,0,20431,125,0,5
39,1,0,2,2,0,28372,48,0,1
45,1,0,3,3,0,29290,34,0,3
48,1,1,2,1,0,20313,88,0,2
38,1,0,2,2,0,27835,44,0,1
43,0,0,1,2,0,26932,130,0,2
47,1,0,4,2,0,27841,61,0,3
47,1,1,1,1,0,24593,40,1,2
52,1,1,1,1,0,23566,103,0,1
38,0,1,1,1,0,25011,38,0,1
48,1,1,1,1,0,23177,50,0,1
43,1,0,1,2,0,28279,30,0,2
NA,NA,1,3,1,0,23766,39,0,3
38,0,0,3,2,0,27900,NA,NA,NA
50,1,0,3,2,0,28479,122,0,3
51,0,1,4,1,0,23431,29,1,3
46,1,0,4,2,0,26948,106,0,5
38,1,1,2,1,0,21149,48,0,1
57,1,1,4,1,0,21218,30,1,4
51,1,1,3,1,0,23656,74,0,1
50,1,0,3,3,0,29607,45,1,3
44,1,0,1,3,0,29195,86,0,1
47,1,0,1,2,0,28002,44,0,3
47,1,1,1,1,0,23740,43,0,2
50,1,1,1,1,0,23835,85,0,1
52,0,1,3,1,0,21339,73,0,3
46,1,1,4,1,0,25869,150,0,2
51,1,1,2,1,0,25261,51,0,3
63,1,0,4,2,0,26906,19,1,3
47,1,1,3,1,0,24134,81,0,2
33,1,1,4,1,0,20038,68,0,2
49,1,1,3,1,0,20960,86,0,1
48,1,1,2,1,0,26139,90,0,1
52,1,1,4,1,0,21252,72,0,3
49,1,1,1,1,0,25939,75,0,1
62,0,1,2,1,0,21198,64,0,1
36,1,0,1,3,0,29600,87,0,1
40,0,0,4,2,0,26564,41,0,4
53,0,1,3,1,0,22244,83,0,2
34,1,1,2,1,0,24236,46,0,1
35,0,1,4,1,0,25343,46,0,1
45,0,1,3,1,0,23855,89,0,1
37,1,1,2,1,0,24028,41,0,3
36,1,1,4,1,0,20591,104,0,3
48,1,1,4,1,0,22396,68,0,3
50,1,1,1,1,0,25059,48,1,1
47,1,1,1,1,0,21513,126,0,1
51,0,1,4,1,0,21406,36,1,2
58,1,1,2,1,0,24386,50,1,2
51,1,1,3,1,0,24824,55,0,2
51,1,1,4,1,0,22852,61,0,4
41,1,0,3,3,0,29179,146,0,3
54,1,1,4,1,0,20519,103,0,5
43,0,0,4,2,0,28072,48,0,4
56,0,1,1,1,0,24819,103,0,1
46,1,1,1,1,0,21745,136,0,1
60,1,0,3,2,0,28163,65,1,1
53,0,1,1,1,0,22598,48,0,2
43,1,1,4,1,0,23032,84,0,1
55,1,1,1,1,0,26157,59,1,1
41,1,1,4,1,0,24670,92,0,4
37,1,0,3,3,0,29224,100,0,1
55,1,1,1,1,0,22552,46,0,1
30,0,1,1,1,0,24937,183,0,1
63,1,1,3,1,0,25399,38,1,1
NA,1,0,2,3,0,29627,41,1,1
55,1,0,3,2,0,26256,16,1,3
49,1,1,3,1,0,20600,137,0,3
59,1,1,1,1,0,20603,NA,NA,NA
36,1,1,2,1,0,24588,80,0,2
50,1,1,3,1,0,25257,69,0,2
54,0,0,3,3,0,29529,40,1,3
61,1,1,3,1,0,24974,130,0,1
49,1,1,4,1,0,23348,89,0,3
56,1,1,3,1,0,20464,450,0,4
54,1,1,4,1,0,25955,73,0,4
40,1,0,3,2,0,28376,49,0,2
57,0,1,2,1,0,22824,90,0,1
NA,NA,0,1,3,0,29670,110,0,1
46,0,1,4,1,0,21870,NA,NA,NA
51,1,0,1,2,0,28806,93,0,1
50,1,1,4,1,0,22565,90,0,5
52,0,0,3,2,0,26793,NA,NA,NA
60,0,1,3,1,0,21361,27,1,3
51,1,0,4,2,0,26722,42,1,1
44,1,0,3,3,0,29121,400,0,3
44,1,1,3,1,0,23442,46,0,3
50,1,1,3,1,0,20447,35,0,2
54,1,1,4,1,0,26012,NA,NA,NA
50,0,1,2,1,0,25469,21,1,1
44,1,1,3,1,0,24631,84,0,3
45,0,1,4,1,0,21950,32,0,5
50,1,1,1,1,0,23293,77,0,1
40,1,0,3,2,0,27688,95,0,1
40,1,1,4,1,0,21375,54,0,5
44,0,0,4,2,0,27972,55,0,1
50,0,1,2,1,0,22826,NA,NA,NA
27,1,0,3,3,0,29406,45,0,3
44,1,1,2,1,0,22510,24,1,1
53,1,0,4,2,0,26484,16,1,5
52,1,1,1,1,0,21836,26,1,1
50,1,1,4,1,0,22034,20,1,4
61,1,0,4,2,0,28982,NA,NA,NA
41,1,1,2,1,0,24268,48,0,3
45,0,0,4,2,0,26975,47,0,4
46,1,1,2,1,0,22799,76,0,1
60,1,1,1,1,0,22733,36,1,2
43,1,1,3,1,0,22268,109,0,1
44,1,1,1,1,0,24053,84,0,1
47,1,1,4,1,0,22750,52,0,4
48,0,0,3,3,0,29327,110,0,3
50,1,0,3,3,0,29169,100,0,3
43,1,1,3,1,0,26061,100,0,1
41,1,1,4,1,0,22725,135,0,3
47,1,1,2,1,0,23369,112,0,1
47,1,0,3,3,0,29045,108,0,1
49,0,1,3,1,0,24811,94,0,3
54,1,1,2,1,0,23975,NA,NA,NA
48,1,0,3,2,0,26545,39,0,5
63,1,0,3,2,0,26460,84,0,1
47,1,0,4,2,0,28157,80,0,1
50,1,1,4,1,0,22113,231,0,5
47,1,1,3,1,0,22015,97,0,3
39,1,0,4,2,0,27808,81,0,5
47,1,1,1,1,0,25683,50,0,1
49,0,1,1,1,0,24462,45,1,1
57,1,1,1,1,0,23410,43,1,1
37,1,1,2,1,0,21586,96,0,1
47,0,1,4,1,0,24075,56,0,4
50,0,0,3,2,0,27090,42,1,2
53,1,0,4,2,0,27947,35,1,1
54,1,1,1,1,0,25428,80,0,1
39,1,1,1,1,0,21259,61,0,1
59,1,0,3,2,0,27154,61,0,1
50,1,1,2,1,0,22735,84,0,1
51,1,1,4,1,0,23232,34,1,3
49,0,1,1,1,0,24464,102,0,1
44,1,1,4,1,0,24913,NA,NA,NA
55,1,0,1,3,0,29471,41,1,1
56,0,0,2,2,0,28443,NA,NA,NA
47,0,1,1,1,0,23902,88,0,1
51,1,1,4,1,0,21963,54,0,2
NA,NA,1,1,1,0,23735,41,1,1
51,1,1,3,1,0,24849,NA,NA,NA
51,1,1,3,1,0,22399,104,0,1
45,1,1,2,1,0,22762,42,0,2
61,1,1,1,1,0,24634,NA,NA,NA
49,0,1,3,1,0,20615,102,0,2
49,1,0,1,2,0,26878,83,0,1
49,1,1,4,1,0,23444,107,0,4
49,1,0,4,2,0,26990,33,1,4
34,1,0,3,3,0,29677,57,0,3
54,1,1,3,1,0,21292,106,0,3
48,1,0,1,2,0,27064,84,0,1
NA,1,0,3,2,0,28632,44,1,2
55,1,1,1,1,0,21052,51,1,1
55,1,0,4,2,0,27630,64,1,5
45,1,0,1,3,0,29575,42,0,1
46,1,0,4,2,0,26904,47,0,4
55,0,1,3,1,0,25235,82,0,2
43,0,1,3,1,0,25333,65,0,3
64,1,0,3,2,0,26581,60,0,2
60,1,1,4,1,0,20212,140,0,3
60,1,1,1,1,0,20505,43,1,1
47,1,0,4,2,0,26302,71,0,1
59,1,1,3,1,0,20062,106,0,3
48,1,0,3,3,0,29515,45,0,3
66,1,1,2,1,0,24413,138,0,1
44,1,1,1,1,0,24615,81,0,1
51,1,1,4,1,0,22949,NA,NA,NA
45,0,1,3,1,0,26155,50,0,2
51,1,1,1,1,0,21265,27,0,1
45,1,1,1,1,0,24307,37,0,1
56,0,0,3,3,0,29286,40,1,3
39,1,1,4,1,0,22946,81,0,1
49,1,1,2,1,0,20777,66,0,3
60,1,0,4,2,0,27332,52,1,3
51,0,1,4,1,0,21023,51,0,3
56,1,1,4,1,0,20338,49,1,1
50,1,1,3,1,0,23984,54,0,2
49,1,1,1,1,0,20445,103,0,1
43,1,0,3,2,0,27113,82,0,1
42,0,1,4,1,0,21735,104,0,5
46,1,1,3,1,0,20041,38,0,1
51,1,1,1,1,0,24868,NA,NA,NA
42,1,1,1,1,0,21637,490,0,1
NA,NA,0,3,3,0,29096,35,1,3
58,1,0,3,3,0,29386,44,1,3
50,1,0,4,2,0,27619,62,0,4
59,0,1,2,1,0,26075,45,1,1
45,0,0,3,2,0,28125,39,0,2
52,1,0,2,2,0,28207,33,1,3
50,1,0,2,2,0,26706,86,0,1
40,1,0,1,2,0,27815,80,0,3
41,1,1,2,1,0,22202,27,0,1
41,1,1,3,1,0,25742,86,0,1
51,1,1,3,1,0,23086,76,0,2
43,0,1,3,1,0,24444,69,0,2
50,1,0,3,2,0,26431,95,0,1
46,1,1,1,1,0,25334,55,0,3
44,1,1,2,1,0,24350,65,0,1
48,1,0,3,2,0,28136,83,0,2
43,0,1,4,1,0,20675,42,0,3
43,1,1,1,1,0,20213,5,1,1
38,0,0,1,2,0,27845,74,0,1
54,1,1,1,1,0,22842,30,1,1
51,0,1,4,1,0,23119,50,1,2
50,1,0,1,3,0,29455,24,1,1
51,0,1,1,1,0,21033,106,0,1
NA,NA,0,4,2,0,28509,37,0,4
43,1,1,4,1,0,20412,45,0,3
43,1,1,2,1,0,23132,75,0,3
51,1,0,3,2,0,26474,51,1,3
52,1,1,2,1,0,24882,NA,NA,NA
49,1,1,2,1,0,24314,78,0,1
48,1,1,4,1,0,25554,19,0,5
46,1,0,2,2,0,26519,93,0,1
57,1,0,1,2,0,28730,NA,NA,NA
48,1,1,4,1,0,21728,104,0,5
54,1,1,2,1,0,23606,55,0,1
61,1,1,1,1,0,22363,97,0,1
53,0,0,2,3,0,29076,63,0,1
40,1,1,4,1,0,25515,103,0,4
47,1,0,3,2,0,27498,142,0,1
57,1,1,2,1,0,25129,NA,NA,NA
51,1,1,3,1,0,22509,49,1,4
45,0,1,1,1,0,21704,104,0,3
42,1,0,4,2,0,28091,108,0,5
54,0,0,4,2,0,28378,28,1,3
60,1,1,1,1,0,24114,NA,NA,NA
54,1,0,3,2,0,27145,73,0,1
47,1,0,4,2,0,27625,101,0,4
42,1,1,3,1,0,21351,32,0,2
46,1,1,4,1,0,24069,83,0,4
53,1,0,4,2,0,28878,26,1,4
57,1,1,2,1,0,20833,112,0,1
49,1,1,4,1,0,20469,49,0,5
47,1,1,3,1,0,21847,73,0,1
49,1,0,4,2,0,26210,22,1,3
54,1,1,1,1,0,24398,40,0,2
48,1,1,3,1,0,25031,78,0,2
42,1,0,3,2,0,26913,809,0,1
44,1,1,1,1,0,22340,28,1,1
41,1,0,4,2,0,28845,40,0,5
55,0,0,3,2,0,26602,35,0,2
52,1,1,4,1,0,22641,24,1,3
46,1,1,1,1,0,23548,43,0,1
47,1,0,1,2,0,28600,101,0,3
51,1,1,3,1,0,22026,75,0,2
59,0,1,2,1,0,23368,140,0,1
50,1,1,4,1,0,22548,63,0,3
43,1,1,4,1,0,24559,41,0,3
59,1,0,4,2,0,28642,31,1,5
41,1,0,3,2,0,26621,76,0,1
41,1,0,3,2,0,28739,71,0,1
53,1,0,4,2,0,28718,100,0,5
47,1,0,4,2,0,28075,122,0,4
36,1,0,4,2,0,26596,44,0,5
42,1,1,1,1,0,21584,135,0,1
57,1,1,1,1,0,22906,NA,NA,NA
59,1,0,1,3,0,29173,61,0,1
NA,1,1,1,1,0,22863,103,0,4
46,1,0,3,2,0,26956,45,0,2
40,1,1,4,1,0,24378,50,0,2
34,0,1,4,1,0,21776,79,0,3
42,1,1,2,1,0,22027,28,0,1
43,0,0,3,2,0,26962,80,0,1
48,1,0,4,2,0,28745,109,0,4
50,1,0,4,2,0,28239,55,0,4
42,1,1,1,1,0,25681,89,0,1
45,1,1,1,1,0,21992,104,0,1
45,1,1,1,1,0,25048,75,0,1
60,1,0,3,3,0,29268,36,1,3
47,0,1,4,1,0,22823,40,0,4
42,0,0,3,3,0,29646,82,0,1
58,1,0,4,2,0,28917,NA,NA,NA
53,1,1,2,1,0,22530,101,0,1
34,0,0,4,2,0,28629,52,0,3
41,1,0,3,3,0,29219,72,0,1
43,0,1,4,1,0,25213,42,0,3
35,1,1,1,1,0,23060,NA,NA,NA
49,1,1,3,1,0,24753,104,0,3
52,1,0,3,2,0,27072,NA,NA,NA
53,0,0,4,2,0,26789,37,1,1
56,1,1,4,1,0,21707,62,1,5
57,1,0,4,2,0,27768,NA,NA,NA
53,1,1,4,1,0,26144,63,0,2
42,0,1,3,1,0,21373,95,0,2
45,1,0,4,2,0,27118,61,0,1
43,1,0,3,2,0,28437,41,0,1
48,1,0,4,2,0,27672,65,0,1
57,0,1,4,1,0,20961,20,1,3
52,0,1,3,1,0,25963,37,1,2
45,1,1,3,1,0,25040,NA,NA,NA
42,1,1,2,1,0,21043,76,0,2
49,0,1,2,1,0,23367,NA,NA,NA
49,0,1,1,1,0,24000,109,0,1
42,1,0,3,3,0,29379,83,0,3
44,0,1,1,1,0,20016,75,0,3
52,1,1,1,1,0,24471,52,1,1
56,1,1,3,1,0,21865,NA,NA,NA
54,1,1,4,1,0,21240,NA,NA,NA
47,1,1,1,1,0,22763,44,0,1
42,1,1,3,1,0,24475,44,0,2
44,1,1,2,1,0,20232,91,0,3
50,0,1,2,1,0,24150,1071,0,1
35,1,1,1,1,0,20662,246,0,1
53,1,1,3,1,0,23397,90,0,1
38,1,1,3,1,0,25184,48,0,1
53,0,1,1,1,0,26166,45,1,1
48,1,0,3,2,0,27037,91,0,5
49,1,1,1,1,0,22264,17,1,1
55,0,1,3,1,0,25990,74,0,2
50,1,0,4,2,0,28456,24,1,4
58,1,1,2,1,0,25521,61,0,1
50,1,1,2,1,0,23095,108,0,1
48,1,1,1,1,0,21451,65,0,1
52,1,1,3,1,0,24573,58,0,2
42,1,0,3,3,0,29637,63,0,3
43,1,0,2,3,0,29717,22,1,1
43,1,1,2,1,0,20110,49,0,1
NA,1,1,2,1,0,24709,30,1,1
48,1,1,3,1,0,24735,100,0,3
58,0,1,1,1,0,23792,65,1,4
53,1,0,3,2,0,27309,105,0,1
52,1,0,1,2,0,27887,59,0,2
48,0,1,4,1,0,25318,NA,NA,NA
57,1,1,3,1,0,24527,672,0,1
41,1,1,3,1,0,20396,113,0,2
53,1,1,2,1,0,21817,44,1,2
42,1,1,3,1,0,23750,41,0,3
44,1,0,3,3,0,29475,93,0,3
47,0,1,1,1,0,24672,130,0,1
45,1,0,4,2,0,27739,101,0,5
48,1,1,1,1,0,24062,87,0,1
48,1,1,4,1,0,25175,111,0,3
NA,NA,1,3,1,0,20524,38,0,4
36,1,1,3,1,0,20017,59,0,1
41,1,0,2,2,0,28616,668,0,1
49,1,0,3,2,0,26840,40,1,2
46,1,1,1,1,0,21102,73,0,3
52,1,0,2,2,0,27531,71,0,1
50,1,1,3,1,0,20151,22,1,2
50,1,0,4,2,0,27635,56,0,2
46,1,1,2,1,0,24653,105,0,1
53,1,0,4,2,0,28106,55,1,4
52,1,1,3,1,0,25514,91,0,2
43,1,1,3,1,0,20535,31,0,3
45,1,1,2,1,0,20439,52,0,2
48,1,0,3,3,0,29632,105,0,3
52,1,0,1,2,0,26695,59,0,1
53,1,1,2,1,0,24941,49,1,1
38,1,1,1,1,0,22487,167,0,3
34,1,1,2,1,0,25829,49,0,1
52,1,0,4,2,0,26538,49,1,4
38,1,1,4,1,0,25355,71,0,3
45,1,1,2,1,0,20841,131,0,1
40,1,1,4,1,0,24328,21,0,2
43,0,1,3,1,0,23697,49,0,3
45,1,0,3,2,0,28175,80,0,3
NA,1,0,3,3,0,29259,99,0,1
43,1,0,4,2,0,28908,66,0,4
39,1,0,1,2,0,27872,80,0,3
50,1,1,3,1,0,25986,108,0,3
58,1,1,2,1,0,22633,30,1,1
49,1,1,3,1,0,25193,29,0,2
50,1,0,4,2,0,28610,101,0,5
48,0,1,3,1,0,23512,36,1,2
53,0,1,3,1,0,23468,58,1,2
48,1,1,2,1,0,22324,96,0,1
44,0,1,3,1,0,23973,44,0,1
45,1,1,4,1,0,25305,18,1,3
NA,1,0,3,2,0,28026,314,0,1
48,1,1,1,1,0,23739,101,0,1
34,1,0,3,3,0,29391,106,0,1
51,1,1,4,1,0,24130,36,0,4
38,1,1,4,1,0,21283,42,0,3
43,1,0,4,2,0,28228,106,0,2
43,1,1,3,1,0,25325,111,0,4
44,1,0,4,2,0,28432,43,0,4
28,1,1,1,1,0,23718,50,0,2
28,1,1,2,1,0,22803,29,0,1
63,0,1,2,1,0,24088,31,1,2
56,0,1,4,1,0,24733,NA,NA,NA
42,1,1,1,1,0,25176,50,0,2
42,1,1,3,1,0,20547,79,0,3
41,1,0,3,3,0,29084,42,0,3
49,1,1,4,1,0,23713,62,0,1
41,1,0,4,2,0,28807,44,0,4
49,0,1,1,1,0,22050,36,1,1
NA,1,1,2,1,0,24705,410,0,3
43,1,1,3,1,0,23611,80,0,2
44,1,1,2,1,0,24201,108,0,1
43,1,1,3,1,0,24004,58,0,1
52,1,1,1,1,0,20481,83,0,1
58,1,0,4,2,0,26889,26,1,1
54,1,0,4,2,0,28306,53,1,1
47,1,0,3,2,0,26201,57,0,1
53,1,0,4,2,0,27658,115,0,1
48,1,0,4,2,0,26489,71,0,3
52,1,1,3,1,0,23388,NA,NA,NA
43,0,0,3,2,0,27757,51,0,2
32,1,1,4,1,0,21422,44,0,5
57,1,1,1,1,0,23020,91,0,1
39,1,1,3,1,0,22285,44,0,3
46,0,1,4,1,0,24570,64,0,5
39,1,0,4,2,0,27609,14,0,3
42,1,1,3,1,0,21040,40,0,4
39,0,0,4,2,0,27356,44,0,5
37,0,0,2,2,0,26960,82,0,1
52,1,0,3,3,0,29063,72,0,1
47,0,1,3,1,0,20233,107,0,2
53,1,1,4,1,0,25396,72,0,1
40,1,1,1,1,0,22959,159,0,1
41,0,0,4,2,0,27201,44,0,4
52,1,1,2,1,0,23626,109,0,1
49,1,1,4,1,0,25565,64,0,5
53,1,1,1,1,0,25316,87,0,1
42,1,0,3,3,0,29373,45,0,1
49,1,1,4,1,0,20277,NA,NA,NA
48,1,0,4,2,0,28551,NA,NA,NA
53,1,0,1,2,0,27220,43,1,1
41,1,0,3,3,0,29047,96,0,3
44,1,0,3,3,0,29102,20,1,3
47,1,1,4,1,0,25985,41,0,5
50,1,1,3,1,0,22445,NA,NA,NA
51,1,0,2,3,0,29293,91,0,1
46,1,1,2,1,0,23316,123,0,2
52,1,1,4,1,0,21183,46,1,2
46,1,0,3,3,0,29339,103,0,3
50,1,1,2,1,0,23587,123,0,1
50,1,0,2,3,0,29635,77,0,1
46,1,1,3,1,0,20012,105,0,3
38,1,1,1,1,0,21818,44,0,2
50,0,1,4,1,0,21302,71,0,2
34,1,0,3,2,0,26531,13,0,2
57,0,1,4,1,0,25812,107,0,4
44,1,1,2,1,0,21165,45,0,3
49,0,0,4,2,0,27828,NA,NA,NA
50,1,1,1,1,0,25853,91,0,2
49,1,0,4,2,0,28652,50,0,3
58,0,1,4,1,0,21995,56,1,1
52,1,0,4,2,0,26865,74,0,1
48,1,1,2,1,0,21342,41,1,1
56,1,1,1,1,0,22554,NA,NA,NA
50,1,1,4,1,0,23980,35,1,1
44,1,0,1,3,0,29523,93,0,1
46,1,1,3,1,0,25190,44,0,2
50,0,0,4,2,0,26607,72,0,3
45,1,0,4,2,0,28970,106,0,5
50,0,1,3,1,0,24721,NA,NA,NA
34,0,1,2,1,0,22059,72,0,1
41,1,1,1,1,0,20256,43,0,1
53,0,0,2,3,0,29693,NA,NA,NA
49,1,0,4,2,0,27724,51,0,5
40,1,1,1,1,0,20848,89,0,1
54,1,0,3,2,0,27816,NA,NA,NA
48,1,1,2,1,0,21712,54,0,1
40,0,1,1,1,0,20720,102,0,2
57,1,0,4,3,0,29037,38,1,3
34,0,0,3,2,0,27360,30,0,5
40,1,1,4,1,0,20478,43,0,1
45,0,1,4,1,0,21636,129,0,5
NA,0,1,4,1,0,25974,42,1,3
53,1,1,1,1,0,25039,NA,NA,NA
46,0,0,3,2,0,27927,38,0,2
56,0,1,1,1,0,26003,61,1,1
34,1,0,3,2,0,27522,91,0,1
34,1,1,4,1,0,25159,45,0,2
50,0,0,4,2,0,27497,NA,NA,NA
42,1,1,3,1,0,22483,88,0,3
27,0,1,1,1,0,24965,44,0,2
55,0,0,3,2,0,27126,NA,NA,NA
47,1,1,1,1,0,23268,110,0,1
47,0,0,3,2,0,27016,67,0,2
51,1,0,3,2,0,28018,261,0,1
41,1,1,1,1,0,22261,37,0,1
NA,NA,1,1,1,0,22743,121,0,1
51,1,1,4,1,0,23275,45,1,2
35,0,1,4,1,0,25723,52,0,3
31,1,1,4,1,0,22885,47,0,1
54,1,0,3,3,0,29409,47,1,3
46,1,1,3,1,0,24797,NA,NA,NA
39,0,0,2,3,0,29018,82,0,1
56,1,1,4,1,0,25575,31,1,3
45,1,1,3,1,0,24388,151,0,2
49,0,1,1,1,0,21441,71,0,3
59,1,1,2,1,0,22169,NA,NA,NA
53,1,0,4,2,0,27692,50,1,4
50,1,1,1,1,0,20554,56,0,3
44,1,1,2,1,0,20980,61,0,2
54,0,1,3,1,0,23236,9,1,1
37,1,1,2,1,0,22809,98,0,1
41,1,0,4,2,0,28861,61,0,4
49,0,0,4,2,0,26980,41,1,5
57,1,1,1,1,0,22588,96,0,1
55,1,1,1,1,0,20115,52,1,1
46,1,1,1,1,0,22961,129,0,2
49,1,1,4,1,0,24502,50,0,5
49,1,1,2,1,0,20899,32,1,1
49,1,1,2,1,0,24263,91,0,1
38,1,1,2,1,0,21475,44,0,3
54,1,1,3,1,0,23382,179,0,2
45,0,0,4,2,0,27883,41,0,5
56,1,0,4,2,0,27439,102,0,5
38,1,0,2,2,0,28854,83,0,1
52,1,1,1,1,0,21202,97,0,1
42,0,1,2,1,0,23625,61,0,1
40,1,1,3,1,0,23733,49,0,5
51,1,1,2,1,0,21832,82,0,1
52,1,1,1,1,0,20188,22,1,1
52,1,1,1,1,0,23661,41,1,1
55,1,0,2,2,0,27320,85,0,1
46,0,1,1,1,0,22632,103,0,1
45,1,0,2,2,0,26237,45,0,3
47,1,0,4,2,0,28098,46,0,4
56,1,1,2,1,0,23487,107,0,2
54,1,0,1,3,0,29210,38,1,1
43,1,0,3,3,0,29683,47,0,3
48,0,1,2,1,0,21572,68,0,1
50,1,0,3,2,0,27737,97,0,1
52,0,1,2,1,0,20102,104,0,1
50,1,0,3,2,0,26499,22,1,1
48,1,1,3,1,0,23157,64,0,2
49,1,0,4,2,0,28178,82,0,5
34,0,1,1,1,0,21840,144,0,1
57,1,1,3,1,0,25413,34,1,3
48,0,1,3,1,0,25936,73,0,2
55,0,1,2,1,0,20834,68,1,3
49,1,0,4,2,0,27854,49,0,4
37,0,1,2,1,0,20085,85,0,2
51,1,1,1,1,0,20273,89,0,1
40,1,0,1,2,0,27078,46,0,3
50,1,1,3,1,0,24324,71,0,1
42,1,1,1,1,0,22283,83,0,1
53,1,1,3,1,0,23657,41,1,2
45,1,1,4,1,0,25457,46,0,5
42,0,1,3,1,0,21682,44,0,2
46,0,0,4,2,0,27243,43,0,4
50,0,1,1,1,0,25473,110,0,2
47,0,1,1,1,0,23668,46,0,3
48,1,1,3,1,0,24517,166,0,3
40,1,1,4,1,0,24729,36,0,3
54,1,1,2,1,0,25015,87,0,1
44,1,1,3,1,0,20900,41,0,1
48,1,0,3,2,0,28280,87,0,1
48,1,0,2,2,0,26855,42,1,1
53,0,1,4,1,0,22769,109,0,3
54,0,0,4,2,0,28149,45,1,5
45,1,1,3,1,0,20806,40,0,1
51,1,0,3,2,0,28751,145,0,1
38,1,0,4,2,0,26795,42,0,5
52,1,1,3,1,0,22638,52,1,3
34,1,1,4,1,0,25088,69,0,2
NA,1,1,2,1,0,21066,431,0,1
60,1,0,3,2,0,26823,76,0,1
58,1,1,1,1,0,25485,73,1,1
43,1,0,4,2,0,26632,41,0,5
60,1,0,3,2,0,26360,75,1,1
44,1,0,3,2,0,28628,42,0,3
52,1,0,2,2,0,28180,40,1,2
50,1,0,4,2,0,27904,115,0,4
56,1,0,3,2,0,27966,NA,NA,NA
52,1,0,1,2,0,28100,81,0,2
45,1,0,4,2,0,28520,44,0,5
49,1,1,2,1,0,20919,48,1,3
45,1,0,4,2,0,26697,31,1,5
36,1,1,3,1,0,20397,54,0,3
36,1,0,3,2,0,26806,63,0,1
NA,0,1,1,1,0,24648,49,0,1
45,1,1,3,1,0,24482,41,0,2
37,1,0,4,2,0,27528,87,0,5
51,0,0,1,3,0,29261,37,1,1
49,0,1,2,1,0,22719,25,1,1
51,1,1,3,1,0,20693,410,0,3
42,1,0,4,2,0,28109,24,1,5
55,1,1,1,1,0,20694,48,1,1
55,0,1,1,1,0,22865,95,0,4
58,0,1,1,1,0,21266,121,0,1
50,1,0,1,2,0,28619,45,1,1
44,1,0,3,3,0,29686,26,1,3
44,1,0,4,2,0,28003,41,0,4
65,1,1,4,1,0,22777,18,1,1
45,1,0,3,3,0,29026,100,0,3
48,1,1,2,1,0,24545,101,0,1
42,1,0,4,2,0,26770,24,0,5
53,1,0,4,2,0,28581,63,0,5
42,1,0,4,2,0,28621,83,0,2
53,1,1,3,1,0,24255,107,0,4
43,1,1,4,1,0,25278,42,0,2
51,1,1,3,1,0,22838,158,0,1
46,1,1,1,1,0,21754,139,0,1
44,1,0,2,2,0,27293,45,0,2
51,1,1,4,1,0,20835,15,1,2
44,1,0,3,3,0,29148,46,0,3
42,1,1,3,1,0,20300,36,0,1
54,1,1,4,1,0,20850,57,1,3
55,1,0,4,2,0,27706,45,1,4
59,1,1,3,1,0,22577,68,1,1
36,1,1,4,1,0,21054,86,0,3
34,1,1,1,1,0,21352,25,0,1
65,1,1,1,1,0,20264,96,1,1
NA,NA,1,1,1,0,22869,87,0,1
57,1,0,4,2,0,26755,NA,NA,NA
48,1,1,3,1,0,25837,41,1,3
46,1,1,1,1,0,22276,80,0,2
30,1,0,4,2,0,28046,27,0,4
44,1,0,1,2,0,26812,76,0,1
40,1,1,2,1,0,22712,38,0,2
55,1,1,1,1,0,21993,52,1,2
42,0,1,1,1,0,23285,151,0,1
52,0,0,4,2,0,28533,NA,NA,NA
38,1,1,1,1,0,22831,80,0,1
41,1,0,4,2,0,28431,107,0,5
37,1,1,3,1,0,25029,15,0,3
56,1,0,4,2,0,26432,97,0,2
41,0,1,1,1,0,21495,147,0,1
60,1,0,2,3,0,29624,69,1,1
59,1,1,4,1,0,24525,100,0,2
57,1,1,2,1,0,24199,100,0,1
41,1,1,3,1,0,21591,96,0,1
47,1,0,3,2,0,27027,NA,NA,NA
55,1,1,4,1,0,25505,37,0,2
50,1,1,3,1,0,22523,43,1,1
50,1,0,4,2,0,27017,58,0,5
47,1,1,3,1,0,22089,65,0,4
52,1,1,3,1,0,25736,101,0,2
NA,NA,1,2,1,0,25224,69,0,1
48,1,0,4,2,0,28961,77,0,5
44,1,1,1,1,0,24815,86,0,1
38,1,1,1,1,0,21227,69,0,1
48,1,1,3,1,0,20805,115,0,1
48,1,0,3,2,0,26172,52,0,1
54,1,1,1,1,0,23879,51,1,2
44,1,1,1,1,0,23674,23,1,1
48,1,0,3,3,0,28997,20,1,1
44,1,0,4,2,0,27314,47,0,3
49,1,1,4,1,0,24600,48,0,3
45,0,0,4,3,0,29065,NA,NA,NA
NA,0,0,3,3,0,29560,89,0,1
37,1,1,3,1,0,24883,81,0,3
40,1,1,3,1,0,20775,76,0,2
36,1,1,4,1,0,23991,62,0,4
45,1,1,1,1,0,24661,131,0,3
45,0,1,3,1,0,23806,53,0,1
50,1,1,1,1,0,23135,94,0,3
45,1,0,2,3,0,29066,83,0,1
44,0,0,3,3,0,28996,413,0,3
50,1,1,2,1,0,25456,39,1,2
58,0,1,1,1,0,23908,90,0,1
44,1,0,3,3,0,29735,101,0,3
52,1,1,1,1,0,24213,48,1,1
52,1,1,2,1,0,21299,58,0,1
42,1,1,4,1,0,20307,51,0,4
48,1,1,1,1,0,20375,102,0,1
51,1,1,2,1,0,21310,45,1,1
46,1,1,3,1,0,24780,46,0,1
51,1,0,3,2,0,26355,152,0,1
64,1,1,4,1,0,22606,NA,NA,NA
53,1,1,1,1,0,23957,97,0,1
51,1,0,4,2,0,28395,54,0,5
35,1,1,4,1,0,24070,52,0,4
54,1,1,1,1,0,22338,92,0,1
36,0,1,1,1,0,21121,84,0,1
51,1,0,4,2,0,27255,110,0,5
51,1,0,3,2,0,26223,41,1,2
44,1,1,4,1,0,23380,41,0,2
48,1,1,4,1,0,21337,55,0,4
42,1,1,1,1,0,20907,43,0,4
55,1,0,3,3,0,29587,20,1,3
49,0,0,3,3,0,29236,106,0,3
54,1,0,3,3,0,29073,46,1,3
47,0,1,3,1,0,24758,84,0,1
44,1,0,1,2,0,26650,44,0,3
57,1,0,3,2,0,27804,NA,NA,NA
40,1,1,1,1,0,23709,NA,NA,NA
47,1,1,2,1,0,25989,36,1,2
57,0,1,4,1,0,24401,136,0,3
53,1,1,4,1,0,22320,69,0,3
63,1,0,4,2,0,28088,79,0,5
53,0,0,3,3,0,29734,39,0,3
41,1,1,3,1,0,20901,44,0,3
66,1,0,3,2,0,27446,96,1,3
42,1,1,4,1,0,24665,66,0,5
54,0,1,4,1,0,24862,69,0,2
50,1,1,1,1,0,20284,121,0,1
53,1,0,4,2,0,26922,101,0,4
49,1,0,4,2,0,26618,101,0,5
42,1,1,4,1,0,25274,46,0,3
58,1,0,2,2,0,27278,65,0,2
48,1,1,4,1,0,20238,35,1,3
NA,1,1,3,1,0,25021,47,1,2
46,1,0,3,3,0,29608,65,0,3
52,0,1,3,1,0,24623,42,1,2
42,1,1,1,1,0,23364,105,0,2
44,0,0,3,3,0,29139,48,0,1
42,1,1,1,1,0,23779,66,0,1
44,1,1,3,1,0,21276,98,0,3
49,1,1,1,1,0,21007,88,0,1
45,0,1,1,1,0,22952,112,0,1
43,0,1,1,1,0,22787,71,0,1
60,1,1,3,1,0,24358,31,1,2
44,1,1,2,1,0,25992,97,0,1
51,1,0,4,2,0,27008,54,0,5
52,1,1,1,1,0,20858,73,0,1
47,0,1,4,1,0,20679,NA,NA,NA
51,1,1,3,1,0,26159,103,0,3
44,0,0,4,2,0,26782,47,0,4
42,1,1,1,1,0,24001,104,0,1
55,0,1,4,1,0,20921,53,1,5
50,1,1,3,1,0,20711,73,0,2
50,1,1,4,1,0,22197,27,1,4
56,1,1,2,1,0,25425,62,0,1
45,1,1,4,1,0,23256,48,0,4
56,0,1,4,1,0,20311,80,0,3
56,1,1,1,1,0,22543,87,0,1
44,1,1,4,1,0,22640,103,0,5
62,1,0,4,2,0,26338,54,1,4
48,1,1,4,1,0,22407,85,0,3
42,1,0,3,3,0,29665,106,0,3
46,0,1,2,1,0,20143,63,0,3
46,1,0,3,2,0,28425,71,0,1
NA,NA,1,3,1,0,23829,70,0,1
67,1,0,4,2,0,26241,NA,NA,NA
52,1,1,4,1,0,24221,54,1,3
48,1,1,2,1,0,25546,75,0,2
44,0,1,4,1,0,20057,101,0,3
42,0,0,2,2,0,28829,103,0,3
46,1,1,2,1,0,24804,NA,NA,NA
NA,NA,0,3,2,0,26198,116,0,1
55,1,1,4,1,0,22453,NA,NA,NA
44,1,1,2,1,0,24465,69,0,1
57,0,1,3,1,0,24340,62,1,2
45,0,0,3,3,0,29347,43,0,3
55,0,1,2,1,0,21226,39,1,1
43,1,0,3,3,0,29249,43,0,1
58,1,1,4,1,0,23211,55,1,4
51,0,0,4,2,0,28348,67,0,4
48,1,1,4,1,0,24318,45,0,1
54,0,1,3,1,0,26117,105,0,4
50,1,0,2,2,0,28114,71,0,1
45,0,1,4,1,0,21671,57,0,1
50,1,0,3,2,0,28413,403,0,1
46,1,1,2,1,0,24175,51,0,1
46,1,1,4,1,0,24018,91,0,3
50,0,0,3,3,0,29750,63,0,3
58,1,1,3,1,0,25001,NA,NA,NA
39,1,0,4,2,0,28470,96,0,2
44,1,0,4,2,0,27606,51,0,3
52,1,0,4,2,0,27805,108,0,5
39,0,1,1,1,0,23534,88,0,1
51,1,0,1,3,0,29761,49,1,1
46,1,0,4,2,0,26665,40,0,5
45,0,1,3,1,0,24259,26,1,2
46,1,1,1,1,0,25189,96,0,1
NA,NA,1,2,1,0,22431,80,0,1
53,1,1,1,1,0,21316,253,0,1
49,1,0,3,2,0,28790,47,0,1
48,1,1,3,1,0,24167,41,1,4
51,1,1,4,1,0,22275,43,1,4
64,1,0,3,2,0,27974,NA,NA,NA
50,0,0,3,2,0,28119,87,0,1
63,1,0,2,2,0,27689,45,1,1
42,1,1,1,1,0,21854,108,0,1
46,0,0,3,2,0,28040,56,0,1
51,1,1,3,1,0,22732,77,0,1
49,1,0,4,2,0,28732,103,0,5
42,1,1,2,1,0,22207,142,0,1
63,0,0,4,2,0,27265,124,0,3
58,1,0,1,2,0,27296,124,0,1
50,1,0,3,2,0,26939,85,0,1
51,1,1,4,1,0,24325,94,0,1
48,1,0,1,3,0,29649,32,1,1
44,1,1,4,1,0,22738,38,0,3
46,1,1,3,1,0,24129,108,0,1
55,1,0,4,2,0,27870,52,1,4
49,1,0,1,2,0,26202,41,1,3
48,1,1,4,1,0,21769,54,0,1
51,1,1,2,1,0,24790,80,0,1
45,1,0,3,2,0,28343,52,0,1
45,1,1,4,1,0,26082,17,0,3
53,1,0,1,2,0,27273,NA,NA,NA
39,0,0,3,2,0,27228,77,0,2
55,1,1,1,1,0,25431,305,0,1
52,1,0,1,3,0,29023,NA,NA,NA
52,1,1,4,1,0,22832,104,0,3
48,1,1,1,1,0,25753,636,0,1
56,1,1,2,1,0,22095,111,0,1
45,1,1,2,1,0,22874,96,0,1
56,1,1,4,1,0,22092,67,0,1
50,1,1,1,1,0,22357,17,1,3
54,1,1,3,1,0,26110,205,0,2
50,1,1,1,1,0,20020,53,0,1
46,1,0,1,2,0,27205,42,0,1
51,1,1,2,1,0,23053,62,0,2
41,1,0,4,2,0,26381,60,0,1
58,1,1,2,1,0,26094,70,0,1
41,0,1,3,1,0,21364,91,0,3
45,1,1,4,1,0,25194,42,0,4
40,1,1,1,1,0,25750,120,0,1
48,0,1,3,1,0,22960,40,1,3
54,0,1,1,1,0,24505,61,1,1
34,0,1,2,1,0,25756,66,0,1
49,1,0,1,2,0,26929,23,1,1
35,1,1,4,1,0,25834,47,0,5
55,1,1,2,1,0,24360,97,0,1
44,1,1,2,1,0,20286,77,0,1
52,1,1,4,1,0,21063,20,1,2
49,1,1,4,1,0,24136,43,1,2
49,1,1,1,1,0,20021,47,0,1
49,1,1,1,1,0,22246,100,0,3
49,1,0,4,2,0,26591,38,1,5
48,1,1,2,1,0,20495,30,0,1
47,1,0,1,2,0,26267,26,1,5
49,1,1,1,1,0,21798,78,0,1
45,1,1,2,1,0,20094,91,0,1
56,1,0,4,2,0,27766,41,1,1
48,1,0,1,2,0,28225,89,0,5
45,1,1,2,1,0,25068,64,0,1
55,1,0,3,3,0,29576,60,1,1
38,1,1,2,1,0,22386,73,0,2
54,1,0,3,2,0,27830,111,0,3
54,1,0,1,2,0,27479,42,1,1
53,1,1,3,1,0,24945,NA,NA,NA
47,1,1,4,1,0,23222,50,0,2
52,0,0,3,2,0,28138,10,1,3
56,1,0,2,2,0,26923,87,0,1
49,1,1,3,1,0,21689,43,1,2
39,0,1,2,1,0,21493,81,0,2
48,1,1,4,1,0,22538,NA,NA,NA
49,1,1,4,1,0,23437,58,0,3
39,1,1,1,1,0,22937,57,0,1
46,1,0,4,2,0,26206,104,0,3
51,1,1,4,1,0,23601,47,1,4
43,1,0,3,2,0,28601,29,0,1
48,1,1,2,1,0,23269,95,0,2
48,1,0,3,2,0,27881,27,1,2
49,1,0,4,2,0,28312,75,0,4
35,1,1,2,1,0,20130,42,0,1
47,1,1,2,1,0,20949,27,1,1
52,1,1,3,1,0,21558,31,0,2
43,1,0,1,3,0,29394,95,0,1
44,1,1,3,1,0,22545,76,0,1
44,1,1,4,1,0,21437,77,0,4
49,1,1,3,1,0,21690,90,0,1
39,1,0,4,2,0,27787,48,0,4
50,1,0,3,3,0,29387,82,0,3
53,1,0,3,3,0,29103,50,1,3
52,0,1,3,1,0,25669,58,0,2
NA,NA,1,4,1,0,20965,55,0,4
63,1,0,3,2,0,27182,67,0,1
50,1,0,4,2,0,28705,101,0,5
45,0,1,4,1,0,20621,53,0,4
57,1,1,1,1,0,25338,68,0,1
51,1,0,3,2,0,28698,51,1,2
46,1,1,2,1,0,21944,69,0,1
38,1,0,1,3,0,29419,55,0,1
46,1,1,1,1,0,25242,47,0,1
43,1,1,2,1,0,25541,41,0,1
46,1,0,3,2,0,27469,100,0,3
42,0,1,1,1,0,24537,44,0,1
47,0,1,2,1,0,20908,41,0,1
48,1,0,4,2,0,28264,83,0,5
60,0,1,3,1,0,25857,169,0,4
43,1,1,4,1,0,21959,104,0,4
48,1,1,4,1,0,24145,NA,NA,NA
47,1,1,2,1,0,21739,87,0,1
40,1,0,3,3,0,29675,43,0,3
44,0,0,3,2,0,26996,40,0,3
39,1,1,3,1,0,21793,407,0,3
47,0,1,1,1,0,20329,79,0,1
53,1,1,4,1,0,24736,NA,NA,NA
42,0,1,3,1,0,22860,98,0,3
42,1,0,4,2,0,28646,102,0,5
56,1,1,3,1,0,21969,84,0,4
46,1,0,3,2,0,27284,NA,NA,NA
42,1,0,4,2,0,26479,54,0,4
49,0,1,3,1,0,21661,90,0,3
55,1,1,3,1,0,20768,136,0,1
42,1,1,2,1,0,21208,38,0,1
47,0,1,2,1,0,25563,109,0,3
48,1,0,3,3,0,29416,52,0,3
43,1,1,1,1,0,21688,79,0,1
48,1,1,3,1,0,22218,108,0,2
43,1,1,1,1,0,21168,90,0,1
52,1,1,2,1,0,22800,88,0,1
44,1,0,4,2,0,27280,101,0,5
47,1,1,3,1,0,22666,40,1,1
50,1,1,1,1,0,25780,85,0,1
39,1,1,1,1,0,23711,21,0,1
40,1,0,3,2,0,28129,93,0,3
NA,0,1,4,1,0,23308,47,1,1
60,1,1,4,1,0,23286,55,1,1
51,1,1,1,1,0,24373,76,0,3
49,1,0,4,2,0,26382,41,1,5
32,1,1,3,1,0,21321,86,0,1
53,1,0,4,2,0,28464,NA,NA,NA
60,1,1,1,1,0,25950,NA,NA,NA
53,1,1,4,1,0,23045,22,1,2
54,1,1,1,1,0,21354,27,1,1
48,1,1,2,1,0,21844,112,0,2
49,0,0,4,2,0,28214,22,1,5
50,1,1,3,1,0,25000,32,1,2
44,1,0,3,3,0,29588,43,0,3
52,1,1,1,1,0,23425,84,0,1
46,0,1,1,1,0,23131,57,0,1
64,1,1,2,1,0,22080,59,1,1
44,1,1,2,1,0,26153,137,0,1
48,0,0,1,3,0,29050,45,0,1
47,1,0,2,2,0,27704,NA,NA,NA
50,0,1,3,1,0,25390,161,0,1
39,1,1,1,1,0,23389,92,0,2
44,1,1,2,1,0,23124,108,0,1
51,1,0,1,2,0,27486,39,1,1
47,1,1,1,1,0,21529,110,0,1
27,1,1,2,1,0,20746,71,0,1
54,0,0,1,3,0,29458,84,0,1
52,1,1,3,1,0,22199,46,0,3
51,1,0,4,2,0,26899,54,0,4
42,1,1,2,1,0,24901,88,0,1
50,1,1,2,1,0,23588,51,0,1
NA,1,0,2,2,0,26578,110,0,2
34,1,0,2,3,0,29393,31,0,1
42,1,1,4,1,0,20029,86,0,5
47,0,1,3,1,0,22586,537,0,1
46,1,1,4,1,0,20432,121,0,3
48,1,1,2,1,0,22583,105,0,1
35,1,1,1,1,0,23995,64,0,1
55,1,1,4,1,0,20656,105,0,5
51,0,0,3,2,0,27616,89,0,1
53,1,0,4,2,0,28617,70,0,3
38,1,1,2,1,0,25227,49,0,1
48,1,1,3,1,0,23729,59,0,3
51,1,1,4,1,0,24067,100,0,2
43,1,1,1,1,0,25440,77,0,1
59,1,1,3,1,0,25377,104,0,1
57,1,0,3,3,0,29592,59,1,1
43,0,1,2,1,0,24487,37,0,1
47,1,1,3,1,0,21935,NA,NA,NA
40,1,1,3,1,0,20400,94,0,1
46,1,1,1,1,0,23992,44,0,1
59,1,1,3,1,0,25214,31,1,2
44,1,0,2,2,0,28084,128,0,2
46,1,1,2,1,0,23106,63,0,1
43,1,0,1,3,0,29200,43,0,1
69,1,1,1,1,0,23317,16,1,1
51,1,0,4,3,0,29564,32,0,1
40,1,0,4,2,0,26725,21,0,5
42,1,1,1,1,0,24055,54,0,1
54,1,0,3,2,0,28564,26,1,5
62,1,0,2,2,0,27297,NA,NA,NA
43,0,1,3,1,0,21176,24,1,4
48,1,1,1,1,0,23522,106,0,1
44,1,1,4,1,0,20410,37,0,3
42,1,1,2,1,0,25007,83,0,1
47,1,1,1,1,0,20586,75,0,1
55,1,1,4,1,0,20100,14,1,2
63,1,1,2,1,0,25859,NA,NA,NA
49,1,1,3,1,0,24843,69,0,1
43,1,1,3,1,0,26119,28,0,3
48,0,1,4,1,0,20444,37,1,1
38,1,0,4,2,0,27615,56,0,4
47,1,0,3,3,0,29087,41,1,3
43,1,1,3,1,0,20512,77,0,1
47,1,1,2,1,0,24146,82,0,1
50,1,1,3,1,0,24939,41,1,4
41,1,1,3,1,0,22214,85,0,3
39,1,1,1,1,0,21244,56,0,1
50,1,1,1,1,0,22387,115,0,2
54,1,1,3,1,0,23536,85,0,3
NA,NA,0,3,3,0,29555,46,0,1
53,1,1,1,1,0,22890,119,0,1
49,1,0,2,2,0,28388,89,0,1
57,0,0,4,2,0,26982,68,0,3
40,1,1,2,1,0,22374,104,0,1
50,1,1,2,1,0,20555,49,1,1
39,1,0,3,2,0,27241,60,0,2
52,0,0,4,2,0,28952,44,1,3
42,1,0,4,2,0,28412,43,0,4
46,1,1,1,1,0,21602,86,0,1
49,0,1,1,1,0,24812,81,0,1
39,0,0,3,3,0,29755,67,0,3
49,1,1,3,1,0,26052,131,0,2
43,1,0,1,3,0,29220,802,0,1
49,1,1,3,1,0,21410,53,0,2
54,0,1,3,1,0,25331,81,0,2
55,1,1,4,1,0,20405,101,0,4
46,1,0,3,2,0,28933,55,0,3
39,0,1,4,1,0,21977,41,0,5
54,1,1,3,1,0,20723,47,1,3
42,1,1,3,1,0,20898,84,0,1
39,0,0,4,2,0,26505,104,0,2
46,1,0,4,2,0,26985,91,0,2
53,1,0,1,3,0,29532,41,1,1
50,1,1,1,1,0,24704,NA,NA,NA
41,1,0,4,3,0,29549,46,0,1
42,0,0,3,2,0,26449,80,0,1
55,0,1,4,1,0,25336,59,1,4
NA,1,1,3,1,0,20411,99,0,1
NA,0,1,4,1,0,25564,77,0,5
40,0,0,2,2,0,28959,65,0,2
47,1,0,1,3,0,28998,87,0,1
50,1,0,1,2,0,27138,85,0,2
41,1,1,3,1,0,24335,40,0,3
39,0,1,3,1,0,25625,67,0,2
59,1,1,1,1,0,20698,NA,NA,NA
57,0,1,1,1,0,23665,87,0,1
58,0,0,2,2,0,27006,NA,NA,NA
53,0,1,4,1,0,22155,44,1,5
49,1,1,1,1,0,20468,NA,NA,NA
50,1,1,4,1,0,25436,43,1,3
41,1,1,1,1,0,21972,94,0,1
55,1,0,3,2,0,28454,64,0,2
46,1,1,4,1,0,25614,52,0,4
44,0,0,3,3,0,29019,49,0,1
50,1,1,1,1,0,20853,93,0,2
53,0,1,2,1,0,21269,137,0,1
44,1,1,2,1,0,25150,46,0,1
52,1,0,3,2,0,28405,NA,NA,NA
53,1,0,2,2,0,28367,42,1,1
49,0,0,3,2,0,27702,153,0,1
43,1,1,1,1,0,24264,122,0,1
NA,NA,1,1,1,0,25537,133,0,2
56,1,0,1,2,0,26385,87,0,1
49,0,1,2,1,0,22305,NA,NA,NA
53,1,1,3,1,0,21154,44,1,3
48,1,1,1,1,0,22262,96,0,1
54,0,0,4,2,0,27839,109,0,3
57,0,1,1,1,0,23299,44,1,1
55,1,1,2,1,0,22489,43,0,2
47,0,0,4,2,0,27420,74,0,2
40,1,0,4,2,0,27120,43,0,4
48,1,1,3,1,0,21020,92,0,1
50,1,0,3,2,0,26426,NA,NA,NA
NA,0,0,4,2,0,27408,NA,NA,NA
39,1,1,2,1,0,20878,143,0,2
42,0,0,1,2,0,28582,53,0,1
54,1,1,3,1,0,21415,42,1,1
53,0,0,1,3,0,29660,31,0,1
34,0,0,4,2,0,27568,44,0,4
52,1,0,1,2,0,28355,89,0,1
44,0,1,4,1,0,20943,82,0,4
49,1,1,3,1,0,24872,56,0,3
44,1,1,4,1,0,22773,41,0,2
40,1,1,4,1,0,20111,63,0,4
46,1,0,4,2,0,26284,46,0,5
50,1,0,3,3,0,29594,64,0,3
40,1,0,3,2,0,28942,31,0,3
41,1,0,4,2,0,26332,10,1,5
45,0,1,2,1,0,23019,81,0,1
41,0,1,3,1,0,23112,91,0,1
52,1,1,3,1,0,20378,102,0,1
40,0,1,2,1,0,23497,81,0,1
53,1,1,4,1,0,21138,30,1,4
NA,1,1,4,1,0,25582,NA,NA,NA
46,1,0,4,2,0,27248,49,0,4
50,1,0,3,2,0,28562,NA,NA,NA
58,1,1,2,1,0,20999,63,1,2
47,1,1,4,1,0,24332,NA,NA,NA
53,1,1,3,1,0,22918,42,1,2
43,1,1,3,1,0,22776,70,0,2
58,0,0,1,3,0,29371,83,0,1
42,1,1,1,1,0,25086,87,0,2
48,1,1,1,1,0,21843,28,0,1
42,0,0,4,2,0,26365,67,0,4
47,1,1,2,1,0,20312,54,0,1
31,1,0,3,2,0,28989,97,0,2
38,0,0,3,3,0,29415,82,0,1
34,0,1,2,1,0,24387,108,0,1
49,1,1,2,1,0,25394,86,0,1
45,1,1,3,1,0,22940,82,0,1
45,1,0,4,2,0,28849,424,0,5
51,1,0,4,2,0,27254,22,1,3
56,1,0,2,2,0,28255,38,0,1
40,1,1,4,1,0,24977,41,0,3
39,0,1,1,1,0,21486,88,0,1
48,1,1,4,1,0,20655,63,0,4
57,1,0,1,2,0,28421,113,0,1
45,1,0,3,3,0,29713,132,0,3
51,1,1,3,1,0,24990,NA,NA,NA
52,1,1,1,1,0,25449,85,0,1
48,1,1,1,1,0,25770,10,1,3
47,1,1,1,1,0,20706,36,1,1
45,1,1,4,1,0,21087,107,0,4
41,1,0,4,2,0,28710,51,0,4
49,1,0,4,2,0,28154,87,0,4
51,1,1,3,1,0,20929,43,1,4
53,1,1,2,1,0,22257,111,0,2
49,1,1,1,1,0,26036,61,0,1
51,1,0,1,2,0,27317,82,0,4
38,1,0,3,2,0,27968,75,0,3
41,0,1,3,1,0,23387,106,0,3
38,1,1,1,1,0,23513,65,0,1
51,1,1,4,1,0,25616,30,1,3
40,0,1,1,1,0,25403,97,0,1
43,1,1,1,1,0,22114,97,0,1
44,1,1,1,1,0,22466,75,0,1
57,1,1,1,1,0,20984,103,0,1
44,0,0,2,2,0,26527,54,0,1
40,0,1,4,1,0,20347,25,0,2
54,0,1,3,1,0,23123,75,0,3
52,1,1,2,1,0,22591,75,0,1
45,1,0,3,2,0,26623,74,0,1
50,1,0,4,2,0,28666,31,1,5
37,1,1,3,1,0,21610,36,0,2
45,0,0,4,2,0,28963,102,0,1
42,1,0,3,3,0,29459,61,0,3
55,1,1,4,1,0,22343,NA,NA,NA
50,1,1,4,1,0,20053,67,0,3
50,0,1,3,1,0,20045,69,0,3
42,1,1,2,1,0,21697,49,0,1
49,1,1,4,1,0,20492,83,0,3
54,1,0,3,2,0,27648,97,0,1
36,1,1,2,1,0,21343,111,0,1
49,1,1,4,1,0,20424,423,0,4
50,1,0,3,3,0,29705,86,0,1
41,1,1,2,1,0,24206,102,0,1
39,0,0,4,2,0,28252,20,0,4
49,1,0,2,2,0,26712,47,0,1
50,1,1,3,1,0,20741,178,0,1
53,0,0,1,2,0,26778,85,0,2
52,1,0,1,3,0,29240,409,0,1
44,1,0,2,2,0,27727,42,0,2
62,1,0,3,2,0,27460,66,0,1
44,1,1,3,1,0,25385,69,0,1
57,1,1,1,1,0,24518,35,1,1
55,1,1,4,1,0,22200,NA,NA,NA
46,1,0,3,2,0,27217,44,0,2
50,1,1,4,1,0,24679,49,1,3
49,0,0,4,2,0,27785,49,0,4
49,1,1,3,1,0,21453,18,1,3
37,1,0,3,2,0,27482,82,0,1
53,1,1,4,1,0,24929,81,0,4
51,1,0,4,2,0,28977,NA,NA,NA
38,1,0,3,3,0,29793,79,0,3
57,0,1,3,1,0,20242,NA,NA,NA
34,1,0,3,3,0,29462,135,0,3
53,0,1,1,1,0,23365,NA,NA,NA
49,1,0,4,2,0,27260,62,0,5
48,1,0,4,2,0,26193,53,0,3
54,1,1,1,1,0,21285,61,1,3
22,1,1,2,1,0,22278,44,0,1
41,1,0,3,2,0,27310,51,0,2
42,1,0,3,2,0,26857,56,0,1
37,1,1,1,1,0,24126,90,0,2
46,1,1,1,1,0,25480,62,0,1
42,0,0,1,3,0,29403,56,0,1
56,1,1,1,1,0,23204,NA,NA,NA
55,1,0,4,2,0,27168,60,1,4
43,1,0,4,2,0,26700,76,0,5
51,1,1,4,1,0,25076,100,0,5
42,1,1,3,1,0,22049,96,0,2
40,1,1,4,1,0,23942,NA,NA,NA
42,1,1,2,1,0,22019,42,0,1
40,1,0,2,2,0,26882,46,0,1
50,1,0,4,2,0,27791,43,1,4
43,0,0,3,2,0,26781,84,0,1
49,1,0,1,3,0,29115,86,0,1
40,1,0,3,2,0,28235,70,0,1
60,1,1,1,1,0,24627,45,1,2
42,1,0,3,2,0,27810,657,0,1
41,1,1,1,1,0,26029,16,1,1
46,1,1,3,1,0,24370,70,0,2
48,1,1,2,1,0,25216,83,0,1
46,0,1,2,1,0,24664,11,1,2
41,0,1,2,1,0,20325,77,0,1
47,1,0,1,2,0,26486,82,0,2
60,1,0,1,2,0,27586,NA,NA,NA
61,1,1,1,1,0,25674,NA,NA,NA
51,1,0,3,2,0,28173,37,1,2
44,1,0,4,2,0,27353,46,0,5
47,0,1,4,1,0,23535,100,0,5
34,1,1,1,1,0,22187,103,0,1
54,0,1,3,1,0,25945,NA,NA,NA
49,1,0,3,2,0,26664,180,0,1
38,1,1,1,1,0,24102,70,0,1
43,1,1,4,1,0,25870,105,0,3
57,1,1,2,1,0,21624,37,1,1
37,1,0,3,2,0,28184,46,0,1
42,1,1,1,1,0,23834,48,0,1
51,0,1,4,1,0,20269,36,1,3
57,1,0,1,2,0,27618,NA,NA,NA
50,0,0,3,2,0,26326,98,0,1
54,1,0,1,3,0,29072,NA,NA,NA
49,0,1,3,1,0,24319,177,0,3
54,1,1,3,1,0,25118,679,0,1
52,1,1,3,1,0,22771,104,0,3
49,1,1,4,1,0,23394,166,0,2
32,1,0,3,3,0,29337,85,0,1
52,1,1,3,1,0,23692,81,0,3
53,1,0,4,2,0,28537,65,0,4
47,0,1,4,1,0,23386,50,0,3
40,1,0,4,2,0,28923,101,0,5
40,0,1,4,1,0,22815,40,0,1
NA,1,0,2,3,0,29323,77,0,1
41,1,1,4,1,0,24620,47,0,3
37,1,1,4,1,0,23108,71,0,4
51,0,0,3,2,0,28463,43,1,1
60,0,1,3,1,0,21274,60,0,2
49,1,0,3,2,0,28290,41,1,3
54,1,1,2,1,0,21369,78,0,3
46,0,1,2,1,0,24068,81,0,1
37,1,0,3,2,0,26689,24,0,1
39,1,1,3,1,0,25782,43,0,3
57,1,1,4,1,0,22116,76,0,4
55,1,0,4,2,0,28082,20,1,1
49,0,1,4,1,0,22070,101,0,2
NA,1,0,3,2,0,28905,62,0,1
38,1,0,1,2,0,26297,87,0,3
43,0,1,4,1,0,21915,54,0,4
53,1,0,4,2,0,28202,NA,NA,NA
43,1,1,2,1,0,25702,426,0,1
44,1,1,3,1,0,23287,56,0,1
57,1,0,4,2,0,26352,21,1,3
51,1,1,1,1,0,25112,44,1,1
52,0,1,3,1,0,24007,86,0,2
48,1,1,4,1,0,22707,36,0,3
48,0,0,4,2,0,27620,100,0,4
39,1,0,4,2,0,27245,22,0,5
35,1,0,3,3,0,29485,45,0,1
42,1,1,1,1,0,22642,40,0,1
45,1,1,4,1,0,22752,61,0,4
53,1,0,4,2,0,27790,42,1,2
58,1,1,4,1,0,23478,97,0,4
42,1,0,3,2,0,26785,22,1,1
46,0,0,4,2,0,27150,23,1,4
48,1,1,2,1,0,20993,71,0,1
44,1,1,1,1,0,22659,102,0,1
39,1,0,3,2,0,27108,94,0,1
43,1,1,3,1,0,24327,84,0,1
42,0,1,2,1,0,26032,160,0,1
42,1,1,4,1,0,25752,62,0,4
56,1,0,3,3,0,29484,81,0,3
54,0,1,1,1,0,24249,30,1,2
38,1,0,1,2,0,26318,43,0,1
51,1,1,1,1,0,23555,70,0,1
50,1,0,4,2,0,27649,100,0,3
34,1,1,2,1,0,21781,122,0,1
32,1,1,4,1,0,24056,54,0,5
47,1,0,3,3,0,29098,25,1,1
46,1,1,3,1,0,22932,84,0,1
54,0,1,2,1,0,20726,NA,NA,NA
44,0,1,1,1,0,25951,103,0,1
45,0,1,3,1,0,24934,77,0,2
38,1,0,4,2,0,28779,83,0,5
39,1,1,1,1,0,21070,49,0,1
NA,NA,1,1,1,0,21758,89,0,1
45,1,1,2,1,0,21031,41,0,1
48,1,0,3,3,0,29760,109,0,3
40,1,1,3,1,0,25484,28,0,2
51,1,1,4,1,0,25919,46,1,5
56,0,1,2,1,0,21048,84,0,1
44,1,1,2,1,0,22600,48,0,2
47,1,0,1,2,0,26532,49,0,1
57,1,1,3,1,0,22124,NA,NA,NA
56,1,1,3,1,0,21122,42,1,2
48,1,1,4,1,0,22350,81,0,4
58,1,1,1,1,0,23529,219,0,1
43,1,0,4,2,0,28512,86,0,4
NA,1,1,3,1,0,25754,65,0,2
59,1,0,3,2,0,26420,69,1,1
46,1,0,3,2,0,27888,191,0,1
54,1,0,4,2,0,27681,44,1,4
52,1,0,3,2,0,28381,36,0,2
52,0,1,1,1,0,24437,69,0,1
56,1,1,4,1,0,20583,66,1,3
52,0,1,3,1,0,22938,177,0,1
43,1,1,1,1,0,20877,32,0,1
NA,NA,0,4,3,0,29064,106,0,3
48,1,1,2,1,0,25289,NA,NA,NA
44,1,0,3,2,0,28369,12,1,2
48,0,1,3,1,0,22302,107,0,1
50,1,1,1,1,0,23623,36,0,1
46,1,1,1,1,0,25358,82,0,1
39,1,1,4,1,0,24560,90,0,4
53,1,0,4,2,0,27986,45,1,4
49,1,0,1,2,0,27554,62,0,1
57,1,0,1,2,0,26965,138,0,1
45,1,0,4,2,0,26599,43,0,4
50,0,0,4,2,0,28921,51,0,5
57,1,1,4,1,0,21447,46,0,5
44,1,1,1,1,0,25241,431,0,1
44,1,1,3,1,0,22675,62,0,2
50,1,1,1,1,0,25248,85,0,1
47,1,1,2,1,0,21237,76,0,1
51,1,0,3,2,0,28059,65,0,1
56,1,0,3,2,0,26372,54,1,2
50,1,1,3,1,0,20257,46,1,2
45,1,1,1,1,0,21059,88,0,1
55,1,0,3,2,0,28105,131,0,1
39,1,0,3,3,0,29407,143,0,3
49,1,0,3,3,0,29217,51,0,3
48,1,0,3,2,0,28317,82,0,5
57,1,0,3,2,0,28772,NA,NA,NA
56,1,1,4,1,0,25611,30,1,5
53,1,0,2,2,0,26436,60,1,1
37,1,1,2,1,0,25967,60,0,1
40,1,1,3,1,0,24014,139,0,2
43,1,1,1,1,0,22580,55,0,2
44,1,0,3,3,0,29363,63,0,3
48,1,1,1,1,0,21365,75,0,1
50,1,0,4,2,0,26611,41,1,5
44,1,0,3,2,0,26592,190,0,1
59,0,0,1,2,0,28062,11,1,2
44,0,1,3,1,0,20308,25,1,3
45,0,1,1,1,0,25549,99,0,1
40,1,1,1,1,0,25498,96,0,1
62,1,0,4,2,0,28189,13,1,1
47,1,1,1,1,0,24080,84,0,1
46,1,1,4,1,0,23215,236,0,2
37,0,1,1,1,0,24541,97,0,1
38,0,1,1,1,0,22618,40,0,1
34,0,1,4,1,0,25662,95,0,1
44,1,0,4,2,0,27684,65,0,4
44,0,1,2,1,0,25747,99,0,1
52,1,0,4,2,0,27911,70,0,4
48,1,0,4,2,0,28907,85,0,1
54,0,1,4,1,0,25964,44,1,3
60,1,0,3,2,0,28478,41,1,2
51,1,1,2,1,0,20365,88,0,1
44,0,1,1,1,0,23943,77,0,1
39,0,1,4,1,0,22772,108,0,2
50,1,1,3,1,0,23582,NA,NA,NA
39,1,0,3,3,0,29593,43,0,1
46,1,1,1,1,0,20226,36,0,1
50,1,1,2,1,0,22897,68,0,1
52,1,1,1,1,0,25691,76,0,1
42,1,1,4,1,0,25735,42,0,2
54,1,0,3,2,0,28883,NA,NA,NA
45,0,0,4,2,0,26349,60,0,5
57,1,1,2,1,0,21801,54,0,1
43,1,0,3,2,0,27383,105,0,1
47,0,1,4,1,0,22651,42,0,2
43,1,1,3,1,0,22048,51,0,2
49,1,1,1,1,0,26156,94,0,3
37,1,1,4,1,0,21078,46,0,2
53,0,1,3,1,0,24079,91,0,3
47,1,1,2,1,0,21313,114,0,1
62,1,1,4,1,0,20390,91,0,4
48,1,0,4,2,0,27193,34,0,5
38,1,1,1,1,0,25839,26,0,2
53,1,1,3,1,0,21270,62,0,2
47,0,1,1,1,0,23334,41,1,1
NA,1,1,4,1,0,22524,46,0,4
43,1,1,2,1,0,23707,44,0,1
51,1,1,4,1,0,24266,26,0,3
41,1,1,2,1,0,24892,NA,NA,NA
57,1,0,3,2,0,28518,73,1,1
46,0,1,4,1,0,24427,55,0,3
58,1,1,2,1,0,22160,NA,NA,NA
57,1,0,3,2,0,26560,100,0,1
60,1,0,4,2,0,28424,77,0,5
44,1,1,2,1,0,23449,70,0,2
43,0,1,1,1,0,21806,81,0,1
46,1,0,1,2,0,28769,51,0,1
41,0,1,3,1,0,25084,44,0,1
43,1,1,4,1,0,20610,297,0,5
47,1,0,3,3,0,29030,47,0,3
60,1,1,2,1,0,24731,50,0,1
54,0,0,4,2,0,26978,45,1,4
45,0,0,3,2,0,28903,107,0,3
55,1,1,1,1,0,25347,56,0,1
49,0,0,4,2,0,28366,32,0,4
NA,1,1,4,1,0,22518,45,0,1
53,1,1,1,1,0,20894,54,1,1
51,1,0,3,3,0,29802,77,0,3
43,1,1,2,1,0,20930,211,0,1
51,0,0,4,2,0,26374,15,1,3
61,1,1,3,1,0,20132,41,1,4
43,1,1,3,1,0,24006,126,0,3
57,1,1,2,1,0,25601,66,0,1
46,1,0,4,2,0,27199,42,0,3
54,0,1,4,1,0,22046,48,1,4
55,0,1,3,1,0,21214,35,0,3
45,0,0,4,2,0,27270,44,0,5
59,1,0,4,2,0,28302,44,1,5
36,1,1,2,1,0,23679,400,0,3
52,1,0,3,3,0,29374,80,0,3
51,1,1,4,1,0,20690,22,1,3
33,0,0,4,2,0,28245,73,0,5
47,1,0,3,3,0,29752,81,0,3
36,1,1,2,1,0,22559,47,0,1
55,1,1,2,1,0,23027,NA,NA,NA
57,0,0,4,2,0,27301,NA,NA,NA
44,1,1,4,1,0,22942,61,0,2
54,0,1,2,1,0,22555,60,1,1
65,1,1,3,1,0,20630,NA,NA,NA
37,1,1,1,1,0,23502,111,0,1
46,1,1,1,1,0,23267,41,0,2
60,1,1,3,1,0,24719,24,1,2
49,1,0,3,3,0,29454,109,0,3
52,1,1,1,1,0,20091,77,0,1
50,1,1,4,1,0,22044,24,1,5
48,1,1,2,1,0,24244,24,1,1
52,1,1,3,1,0,23579,42,1,4
51,1,1,1,1,0,24344,49,1,1
48,1,0,3,2,0,27503,44,0,4
40,0,1,4,1,0,21133,25,0,1
43,1,0,1,3,0,29797,70,0,1
62,0,1,1,1,0,24514,130,0,2
51,1,1,4,1,0,24712,63,0,3
54,1,0,1,2,0,27459,41,1,1
49,0,1,1,1,0,23685,NA,NA,NA
42,1,0,4,2,0,26876,55,0,5
51,1,0,3,2,0,27508,55,0,1
55,1,0,1,3,0,29546,92,0,1
45,1,1,1,1,0,22795,96,0,1
45,1,1,4,1,0,22876,111,0,5
44,1,1,1,1,0,25862,85,0,3
38,1,1,4,1,0,20593,57,0,3
47,1,1,1,1,0,24590,51,0,2
56,0,0,3,3,0,29457,NA,NA,NA
53,1,1,4,1,0,25474,NA,NA,NA
55,1,1,2,1,0,24632,171,0,1
58,1,0,3,2,0,28604,NA,NA,NA
58,1,1,4,1,0,25271,44,1,4
49,1,0,1,2,0,26860,NA,NA,NA
47,1,0,3,3,0,29625,102,0,3
44,1,0,3,2,0,28560,160,0,1
41,1,1,3,1,0,20614,75,0,1
NA,1,0,4,2,0,26678,107,0,5
49,1,1,1,1,0,20340,85,0,1
57,1,1,1,1,0,25494,79,0,1
50,1,0,4,2,0,28304,105,0,5
45,0,1,2,1,0,25252,81,0,2
55,1,1,3,1,0,21141,53,1,3
45,1,1,3,1,0,23554,101,0,2
44,0,1,4,1,0,26090,48,0,5
58,1,0,1,2,0,27456,805,0,2
48,0,0,2,2,0,28734,64,0,4
37,0,0,2,3,0,29443,84,0,1
40,1,0,1,2,0,28615,91,0,1
49,0,1,1,1,0,23845,32,1,1
46,0,0,1,2,0,27997,54,0,1
NA,1,1,4,1,0,23245,14,1,2
54,1,1,2,1,0,20207,75,0,1
44,1,1,1,1,0,21606,91,0,1
57,1,0,4,2,0,28251,76,0,5
53,1,1,3,1,0,20162,409,0,1
47,1,1,2,1,0,24317,52,0,1
46,1,0,4,2,0,28231,62,0,4
42,1,1,3,1,0,21512,37,0,1
40,1,1,4,1,0,21654,64,0,5
46,1,1,3,1,0,21657,96,0,2
40,0,1,3,1,0,21282,54,0,1
43,1,0,4,2,0,27355,43,0,3
47,1,1,2,1,0,22907,68,0,1
40,1,1,4,1,0,20784,100,0,4
48,1,1,2,1,0,23755,88,0,1
NA,NA,0,2,2,0,26954,80,0,1
55,1,1,2,1,0,21500,77,0,3
53,1,0,3,3,0,29562,45,1,3
58,1,0,4,2,0,28450,57,1,3
42,1,0,3,2,0,27565,94,0,1
58,1,0,3,3,0,29676,7,1,3
46,1,1,4,1,0,21550,85,0,3
51,0,0,1,2,0,26510,57,0,1
45,1,1,1,1,0,23155,108,0,1
39,1,0,4,2,0,27657,49,0,5
38,1,0,3,3,0,29351,243,0,3
57,1,1,1,1,0,25552,74,0,1
46,1,1,4,1,0,25969,107,0,2
53,1,1,2,1,0,21658,75,0,1
54,1,0,2,2,0,28168,81,0,1
48,1,0,4,2,0,26289,80,0,4
51,1,0,4,2,0,26612,46,1,4
47,0,0,4,2,0,27697,100,0,5
46,0,0,4,2,0,28966,42,0,5
NA,NA,1,1,1,0,26071,43,1,2
56,1,0,3,3,0,29482,101,0,3
58,0,1,2,1,0,25909,87,0,1
45,1,0,3,3,0,29254,75,0,3
38,1,1,1,1,0,23265,110,0,4
42,1,1,3,1,0,22951,91,0,2
46,1,1,1,1,0,25868,60,0,2
62,1,0,4,2,0,27792,64,0,3
49,1,0,4,2,0,27275,74,0,4
46,1,1,1,1,0,20752,84,0,1
48,1,0,3,3,0,29294,97,0,3
50,1,0,2,2,0,27300,100,0,1
47,1,0,3,3,0,29147,101,0,1
47,1,1,3,1,0,21396,18,1,2
37,1,0,3,2,0,28208,102,0,3
NA,NA,0,4,2,0,28949,NA,NA,NA
42,1,0,4,2,0,27843,46,0,4
40,1,1,1,1,0,20272,72,0,1
52,0,1,3,1,0,24999,NA,NA,NA
51,0,1,4,1,0,22922,78,0,1
55,1,0,2,2,0,26885,108,0,2
47,1,1,3,1,0,25811,60,0,2
47,1,1,1,1,0,22915,74,0,1
44,1,0,3,3,0,29189,49,0,1
54,1,1,2,1,0,23671,61,1,1
47,1,0,3,3,0,29581,45,0,3
52,0,1,1,1,0,25527,93,0,1
49,1,1,1,1,0,24169,33,1,1
48,1,1,4,1,0,24612,36,1,4
44,1,0,1,3,0,29061,20,1,1
50,1,1,4,1,0,22279,35,0,3
53,1,0,4,2,0,28039,NA,NA,NA
53,1,0,4,2,0,27242,41,1,5
53,1,1,3,1,0,24586,106,0,1
44,1,1,2,1,0,22843,46,0,1
50,1,1,1,1,0,20628,62,0,1
39,1,1,4,1,0,25209,77,0,4
50,1,1,1,1,0,25539,88,0,3
42,0,0,4,2,0,27169,40,0,2
50,1,1,2,1,0,20836,47,1,1
47,0,1,1,1,0,24621,232,0,2
52,1,1,2,1,0,21157,205,0,1
46,1,1,1,1,0,25626,148,0,1
41,1,1,3,1,0,21773,406,0,1
52,1,1,1,1,0,22549,82,0,1
58,1,1,1,1,0,25405,63,0,1
54,1,0,3,2,0,27184,48,1,2
53,1,1,2,1,0,24216,72,0,1
57,1,1,1,1,0,24693,18,1,1
52,1,1,4,1,0,23977,132,0,5
38,1,1,2,1,0,24215,86,0,1
48,1,0,4,2,0,28472,90,0,4
53,1,0,3,2,0,26252,32,1,1
52,1,0,2,2,0,27614,85,0,1
51,1,1,1,1,0,21424,86,0,3
49,1,0,2,3,0,29439,198,0,1
46,0,1,1,1,0,22613,71,0,1
49,1,0,1,2,0,27023,37,1,2
51,1,1,1,1,0,24186,60,0,1
49,1,1,4,1,0,24650,41,1,1
45,1,0,3,2,0,28643,19,1,1
41,1,1,4,1,0,21003,47,0,2
53,1,1,3,1,0,24652,49,1,1
46,0,1,2,1,0,21927,83,0,1
56,1,0,3,2,0,27742,178,0,3
48,1,1,2,1,0,25902,39,1,1
51,1,1,4,1,0,24985,50,1,2
50,1,1,3,1,0,25156,41,1,1
49,1,1,1,1,0,25163,111,0,1
48,1,1,4,1,0,24662,NA,NA,NA
52,1,1,3,1,0,21455,39,0,4
56,1,0,3,3,0,29525,52,1,3
49,1,0,1,3,0,29110,82,0,1
48,1,0,4,2,0,27423,49,0,1
45,1,0,4,2,0,27624,45,0,5
50,0,1,4,1,0,24493,43,1,3
44,1,1,1,1,0,20253,79,0,1
51,1,0,3,2,0,27363,414,0,1
49,1,1,4,1,0,23005,62,0,1
46,1,0,4,2,0,28964,49,0,5
47,0,1,4,1,0,20982,40,1,1
NA,1,1,1,1,0,24513,109,0,1
47,1,0,3,3,0,29133,17,0,3
62,1,0,4,2,0,27112,49,1,4
47,1,0,3,2,0,28459,96,0,1
46,1,0,3,2,0,27512,85,0,3
51,1,0,3,2,0,27617,67,0,1
45,1,0,3,3,0,29390,107,0,3
53,1,1,1,1,0,21891,39,1,2
52,1,1,3,1,0,23802,NA,NA,NA
NA,NA,1,4,1,0,23702,40,0,3
50,1,1,3,1,0,25878,41,1,2
48,1,0,4,2,0,27801,42,1,5
64,1,1,2,1,0,25496,67,0,1
47,1,1,1,1,0,22462,51,0,1
49,1,1,3,1,0,23748,108,0,4
45,1,1,1,1,0,24355,44,0,1
48,1,1,4,1,0,22346,22,1,4
50,0,0,3,2,0,28238,21,1,3
43,1,0,4,2,0,28092,111,0,5
52,1,1,2,1,0,21917,76,0,1
59,1,1,1,1,0,21795,118,0,1
58,1,1,1,1,0,22908,47,1,1
36,0,0,1,3,0,29296,146,0,1
39,1,1,4,1,0,23433,81,0,4
45,1,0,3,2,0,26758,51,0,2
44,0,1,3,1,0,23857,71,0,4
51,1,0,1,2,0,28493,NA,NA,NA
37,0,0,3,3,0,29421,49,0,1
46,0,0,3,3,0,29759,86,0,1
42,1,1,2,1,0,22703,45,0,1
46,1,1,1,1,0,23274,47,0,1
45,1,1,1,1,0,23310,86,0,3
NA,NA,0,3,2,0,28678,31,1,3
54,1,1,2,1,0,25947,43,1,3
42,1,1,4,1,0,22369,62,0,5
48,0,1,4,1,0,23749,65,0,2
52,0,0,3,2,0,26916,81,0,2
52,1,1,2,1,0,24288,82,0,1
60,1,1,4,1,0,23240,80,1,3
46,1,1,3,1,0,22094,23,1,2
48,0,1,4,1,0,22454,45,0,5
41,1,0,3,3,0,29166,108,0,3
44,1,1,2,1,0,21143,113,0,2
38,0,1,3,1,0,22939,89,0,3
47,1,0,3,2,0,26535,42,0,2
46,1,1,1,1,0,20819,66,0,1
47,1,1,2,1,0,26102,57,0,2
NA,1,1,2,1,0,25721,34,0,1
NA,1,1,3,1,0,25970,33,0,5
46,1,0,3,2,0,27281,225,0,1
59,0,0,3,2,0,28298,19,1,1
46,1,1,2,1,0,20171,55,0,1
55,1,0,4,2,0,28128,82,0,3
50,0,1,3,1,0,20559,120,0,5
54,1,1,4,1,0,22660,NA,NA,NA
47,1,1,2,1,0,23044,106,0,1
44,1,0,4,2,0,26709,76,0,4
47,1,1,3,1,0,22041,NA,NA,NA
42,1,0,4,2,0,28032,48,0,4
54,1,1,4,1,0,20376,NA,NA,NA
52,1,1,2,1,0,22905,36,0,3
54,1,0,4,2,0,26870,NA,NA,NA
46,0,0,1,2,0,26497,60,0,1
50,1,1,4,1,0,21575,85,0,3
45,0,1,3,1,0,24207,57,0,1
44,0,1,1,1,0,21279,91,0,1
48,1,0,3,3,0,29795,133,0,3
48,1,1,4,1,0,21220,79,0,1
38,1,0,4,2,0,28895,43,0,3
45,0,1,2,1,0,21137,51,0,1
59,1,1,1,1,0,21607,54,1,1
51,1,0,4,2,0,26973,57,0,1
60,0,0,2,3,0,29191,101,0,1
45,1,0,4,2,0,27634,74,0,4
49,1,1,1,1,0,20783,43,1,1
52,0,1,2,1,0,23294,51,1,2
52,0,1,1,1,0,24675,NA,NA,NA
NA,0,0,2,2,0,26509,129,0,1
52,0,1,2,1,0,22711,107,0,2
50,1,0,4,2,0,27406,54,0,5
NA,0,1,1,1,0,22172,107,0,1
46,1,0,1,2,0,28190,89,0,2
42,1,1,1,1,0,22190,50,0,1
54,1,1,1,1,0,21081,NA,NA,NA
57,1,1,2,1,0,23684,79,0,3
35,1,0,1,3,0,29302,39,0,1
59,1,1,2,1,0,22437,NA,NA,NA
54,0,1,3,1,0,21494,61,1,1
46,1,0,3,3,0,29267,81,0,3
43,1,0,2,2,0,28930,82,0,1
41,1,1,3,1,0,24273,50,0,2
47,1,1,4,1,0,24579,44,0,3
50,1,0,3,3,0,29269,179,0,1
39,0,1,3,1,0,24494,31,0,1
41,0,1,1,1,0,20942,36,0,1
43,1,0,1,2,0,28123,94,0,2
NA,1,1,4,1,0,20813,92,0,4
49,0,1,2,1,0,23761,55,0,1
52,1,1,2,1,0,24021,85,0,1
53,1,1,2,1,0,25745,61,0,2
43,1,1,2,1,0,20844,105,0,1
36,0,1,1,1,0,22282,87,0,1
49,1,1,4,1,0,24103,50,0,3
54,1,1,1,1,0,24803,31,1,2
50,1,0,3,2,0,27513,34,1,2
46,1,1,3,1,0,22227,89,0,1
50,1,1,4,1,0,21213,43,1,5
61,1,0,3,2,0,28766,38,1,1
41,1,1,3,1,0,24503,123,0,3
44,1,1,1,1,0,21662,40,0,2
63,1,1,1,1,0,22146,46,1,1
36,1,0,1,2,0,26324,42,0,1
48,1,1,1,1,0,23192,28,1,3
46,1,1,1,1,0,26123,57,0,1
40,1,1,3,1,0,23605,82,0,1
46,0,1,2,1,0,24833,NA,NA,NA
54,1,0,3,2,0,28747,71,0,2
51,1,1,2,1,0,23311,72,0,1
46,1,1,1,1,0,21242,30,1,1
41,0,1,1,1,0,26017,99,0,1
52,1,1,1,1,0,21872,109,0,1
50,1,0,3,2,0,26343,94,0,1
45,1,0,4,2,0,27208,30,1,3
35,1,1,2,1,0,22612,54,0,2
58,1,1,2,1,0,22002,57,1,2
60,1,1,2,1,0,20839,38,1,1
NA,NA,0,4,2,0,26279,53,0,3
56,1,1,4,1,0,21869,99,0,2
46,0,0,4,2,0,27693,25,1,3
51,1,0,1,2,0,28592,70,0,1
45,1,1,1,1,0,22115,42,0,1
55,0,1,2,1,0,20247,44,1,1
48,0,0,2,2,0,27722,46,0,1
42,1,0,3,2,0,26947,47,0,2
64,1,1,1,1,0,20049,91,1,1
65,0,0,4,2,0,28282,100,0,5
63,1,1,3,1,0,23013,NA,NA,NA
54,0,1,1,1,0,22143,87,0,1
41,1,1,2,1,0,25620,78,0,1
52,1,1,2,1,0,20665,61,0,1
53,1,1,4,1,0,20996,108,0,3
64,1,1,4,1,0,25063,NA,NA,NA
41,0,1,2,1,0,23663,72,0,1
48,1,1,2,1,0,22849,81,0,1
38,1,1,1,1,0,23208,79,0,1
50,1,0,3,2,0,27127,111,0,1
58,1,0,4,2,0,28904,38,1,3
37,1,0,3,3,0,29578,62,0,3
45,1,1,3,1,0,20458,77,0,4
49,1,1,3,1,0,21273,85,0,3
47,1,1,2,1,0,21905,82,0,1
46,1,1,2,1,0,23708,68,0,2
45,1,0,3,2,0,28191,60,0,2
41,1,1,1,1,0,23378,90,0,3
40,0,1,4,1,0,25424,32,0,3
53,1,0,3,2,0,27029,105,0,1
61,1,1,3,1,0,25714,131,0,1
49,1,0,4,2,0,27202,32,1,5
44,0,0,3,3,0,29430,55,0,1
52,0,1,1,1,0,23924,86,0,1
61,1,1,2,1,0,20724,76,0,1
47,1,1,2,1,0,22351,97,0,1
47,1,0,3,3,0,29194,21,1,3
51,1,0,3,2,0,27159,92,0,1
43,0,1,2,1,0,25607,105,0,1
49,1,1,1,1,0,25108,82,0,1
56,1,1,1,1,0,25196,NA,NA,NA
49,1,1,3,1,0,24795,462,0,1
52,1,1,2,1,0,23620,98,0,1
61,1,1,2,1,0,23553,88,0,1
59,1,0,3,2,0,28815,63,0,1
45,1,1,1,1,0,22982,143,0,1
41,0,1,2,1,0,20331,84,0,1
49,1,1,2,1,0,25072,58,0,1
48,1,1,4,1,0,23649,61,0,3
47,1,0,3,3,0,29306,48,0,3
39,1,0,3,3,0,29032,44,0,3
30,1,1,1,1,0,23066,415,0,1
48,1,1,1,1,0,23440,52,0,2
48,1,1,4,1,0,25896,61,0,4
45,1,0,2,2,0,28987,53,0,1
33,1,1,3,1,0,22153,60,0,5
41,1,0,4,2,0,26762,70,0,4
44,0,0,3,3,0,29284,52,0,3
49,0,1,1,1,0,25773,40,0,2
43,0,1,3,1,0,23632,45,0,4
46,0,0,1,2,0,27993,29,1,3
47,1,1,1,1,0,22590,79,0,1
40,0,1,1,1,0,22011,135,0,1
45,1,0,3,2,0,27529,108,0,1
47,1,1,3,1,0,22060,77,0,3
51,1,1,4,1,0,25359,53,0,4
50,1,1,4,1,0,20558,54,0,3
52,1,0,3,2,0,26511,57,0,1
41,0,1,4,1,0,21731,83,0,2
43,0,0,4,2,0,26453,60,0,1
38,1,1,2,1,0,21889,71,0,1
43,1,1,2,1,0,26138,103,0,1
55,1,0,3,2,0,28058,105,0,1
56,1,1,2,1,0,25977,NA,NA,NA
55,1,1,1,1,0,23479,101,0,1
50,1,1,1,1,0,22474,158,0,1
NA,0,0,4,2,0,26395,63,0,5
57,1,1,1,1,0,24368,82,0,1
49,1,1,2,1,0,24932,111,0,1
50,1,0,3,2,0,27691,43,1,3
48,0,1,1,1,0,20680,86,0,1
50,1,1,1,1,0,24089,60,0,1
38,1,1,1,1,0,20223,50,0,1
47,1,1,1,1,0,20250,43,0,2
54,1,1,1,1,0,20556,46,1,1
50,1,1,2,1,0,25397,86,0,1
42,1,1,1,1,0,23012,41,0,2
48,0,0,3,2,0,26691,59,0,1
46,1,0,3,3,0,29808,41,0,1
42,1,1,3,1,0,25880,103,0,3
49,1,0,2,2,0,27576,45,1,1
NA,1,1,4,1,0,23254,NA,NA,NA
56,1,1,1,1,0,24384,69,0,1
48,1,1,1,1,0,22713,15,1,1
51,1,1,2,1,0,25815,46,1,1
44,1,1,3,1,0,25822,65,0,3
44,1,1,4,1,0,23602,88,0,2
51,1,1,4,1,0,25341,112,0,3
51,1,1,3,1,0,23954,76,0,3
50,1,1,3,1,0,25657,80,0,2
NA,NA,0,3,2,0,26926,75,0,1
49,0,0,4,2,0,28767,88,0,5
48,0,1,1,1,0,24104,82,0,1
43,1,0,4,2,0,27703,108,0,5
46,1,1,4,1,0,24399,33,0,1
44,1,1,1,1,0,23827,58,0,1
52,1,0,4,2,0,27767,48,1,3
46,0,1,2,1,0,20393,51,0,1
61,1,0,3,2,0,27378,NA,NA,NA
48,1,0,1,2,0,28263,43,1,1
46,1,1,2,1,0,22636,29,1,1
46,0,0,2,2,0,28141,41,0,2
51,0,0,4,2,0,28409,104,0,5
45,1,1,1,1,0,25576,NA,NA,NA
33,0,1,1,1,0,23023,690,0,1
40,1,1,3,1,0,22481,84,0,3
51,1,1,4,1,0,21346,83,0,1
45,1,0,3,3,0,29464,44,0,3
53,1,1,2,1,0,24042,84,0,4
46,1,0,3,3,0,29092,113,0,3
39,1,1,3,1,0,21093,86,0,2
NA,0,1,3,1,0,20004,85,0,1
51,1,1,1,1,0,20282,56,0,1
49,1,1,4,1,0,24724,65,0,4
49,1,0,4,2,0,28507,68,0,5
56,1,1,3,1,0,22403,75,0,1
56,1,0,2,3,0,29028,NA,NA,NA
53,1,1,3,1,0,23343,89,0,3
48,0,1,3,1,0,25913,48,0,2
49,1,1,4,1,0,24191,74,0,1
52,1,0,3,3,0,29798,50,1,1
48,0,0,2,2,0,27362,83,0,1
35,1,1,2,1,0,25208,78,0,1
52,1,0,3,2,0,28015,110,0,2
51,1,0,4,2,0,27214,96,0,1
54,1,0,3,2,0,27474,49,1,1
56,0,0,1,3,0,29027,25,1,1
49,1,0,3,2,0,26852,42,1,1
52,1,1,1,1,0,25679,103,0,3
44,1,0,3,3,0,29792,85,0,3
53,1,1,3,1,0,20105,104,0,1
48,0,1,2,1,0,22731,86,0,1
50,1,1,1,1,0,25524,NA,NA,NA
52,0,1,4,1,0,25419,47,1,4
56,1,1,3,1,0,25288,54,1,3
47,1,1,4,1,0,22130,79,0,4
51,1,1,1,1,0,24402,87,0,1
43,1,0,1,3,0,29738,414,0,1
50,1,1,1,1,0,22418,75,0,1
56,1,1,1,1,0,23464,46,1,1
50,1,1,3,1,0,23993,92,0,3
47,1,0,1,3,0,29197,72,0,1
NA,0,1,1,1,0,22467,78,0,1
49,1,1,1,1,0,23391,128,0,3
51,1,1,3,1,0,24229,66,0,2
51,1,1,1,1,0,21485,NA,NA,NA
56,1,1,4,1,0,20592,801,0,5
45,1,1,1,1,0,20550,447,0,1
55,1,1,4,1,0,23009,77,0,3
38,1,1,2,1,0,22747,64,0,1
40,1,0,2,3,0,29295,97,0,1
36,0,0,3,2,0,26573,73,0,3
39,1,0,4,2,0,27871,102,0,3
54,1,1,1,1,0,20598,80,0,1
53,1,1,1,1,0,25142,NA,NA,NA
53,1,1,2,1,0,23653,63,0,1
54,0,1,1,1,0,21831,75,0,1
51,1,1,2,1,0,20187,102,0,1
56,1,1,3,1,0,23003,NA,NA,NA
50,1,1,4,1,0,25991,46,1,3
47,1,0,1,2,0,27526,86,0,3
44,1,1,2,1,0,20488,114,0,1
51,0,1,1,1,0,25722,80,0,1
35,0,1,4,1,0,22191,53,0,5
44,1,1,4,1,0,22311,44,0,3
48,1,1,4,1,0,24029,77,0,4
51,0,1,2,1,0,24333,290,0,1
61,1,1,4,1,0,25588,43,1,3
43,1,1,2,1,0,20709,41,0,1
43,0,0,3,2,0,26340,80,0,3
49,1,0,4,2,0,28802,NA,NA,NA
50,1,0,4,2,0,26399,52,0,4
50,1,1,3,1,0,20885,148,0,3
48,1,1,4,1,0,22416,NA,NA,NA
55,0,0,2,2,0,27229,112,0,1
48,1,1,1,1,0,21727,137,0,1
53,1,1,2,1,0,21245,106,0,1
47,1,1,2,1,0,22151,91,0,1
41,1,0,2,3,0,29075,36,0,1
NA,0,0,4,2,0,26451,46,1,1
62,0,1,1,1,0,22742,NA,NA,NA
38,1,0,4,2,0,28340,34,0,5
46,1,1,2,1,0,21609,57,0,1
43,1,1,1,1,0,22456,64,0,1
43,0,1,4,1,0,20198,92,0,1
56,1,1,3,1,0,23563,99,0,4
49,0,0,1,2,0,26443,62,0,1
49,1,1,1,1,0,23821,38,1,1
46,1,1,2,1,0,21534,42,0,1
50,1,1,2,1,0,25195,NA,NA,NA
49,1,1,3,1,0,24900,NA,NA,NA
44,1,1,3,1,0,21028,105,0,1
55,1,1,1,1,0,24982,60,1,1
37,1,0,3,2,0,26457,91,0,1
44,1,0,1,2,0,27822,44,0,2
47,1,0,1,3,0,29213,49,0,1
48,1,1,2,1,0,24063,NA,NA,NA
44,0,1,2,1,0,23171,NA,NA,NA
38,1,1,1,1,0,25944,91,0,1
NA,NA,1,1,1,0,20506,82,0,1
50,1,1,1,1,0,24165,70,0,1
43,1,1,1,1,0,25984,25,1,1
47,1,0,3,2,0,27146,NA,NA,NA
56,1,0,4,2,0,26207,44,1,4
48,0,1,2,1,0,21775,49,0,2
43,1,1,1,1,0,25784,74,0,2
47,1,1,3,1,0,23227,42,0,2
43,1,1,3,1,0,25174,34,0,1
40,1,1,3,1,0,22948,30,0,2
43,1,1,4,1,0,23593,79,0,3
50,0,1,2,1,0,24890,NA,NA,NA
52,1,1,2,1,0,21172,NA,NA,NA
43,1,1,1,1,0,23825,32,0,1
49,1,1,1,1,0,25727,48,0,2
51,1,1,1,1,0,20638,28,1,2
47,1,0,3,2,0,26858,94,0,1
53,1,1,3,1,0,21057,88,0,1
45,0,1,4,1,0,25296,47,0,3
41,1,1,2,1,0,20632,46,0,1
50,1,1,3,1,0,24916,48,1,2
NA,1,1,4,1,0,26089,45,1,4
46,0,1,3,1,0,22676,85,0,4
62,1,1,2,1,0,21990,54,1,1
46,0,0,3,2,0,26597,58,0,1
37,1,1,3,1,0,22587,130,0,4
45,0,1,1,1,0,20717,37,0,1
42,1,1,4,1,0,21580,101,0,5
53,0,1,4,1,0,23693,46,1,1
64,1,1,1,1,0,20990,487,0,1
56,0,0,3,3,0,29674,80,0,1
57,1,0,3,2,0,27339,55,1,1
NA,NA,0,4,2,0,28924,402,0,5
42,1,0,3,3,0,28993,46,0,1
53,1,1,2,1,0,25283,44,1,1
38,0,1,3,1,0,24799,48,0,1
NA,NA,1,3,1,0,24920,26,1,1
55,1,1,1,1,0,24928,51,1,1
41,1,1,3,1,0,24800,47,0,2
38,1,1,1,1,0,23363,100,0,2
45,1,1,3,1,0,23251,58,0,1
54,0,1,1,1,0,24090,81,0,1
50,1,1,4,1,0,25849,21,1,3
NA,1,1,4,1,0,24064,41,0,1
45,1,1,2,1,0,23918,111,0,2
46,1,1,3,1,0,20292,35,1,2
49,1,0,3,2,0,28584,18,1,2
62,1,1,1,1,0,24874,NA,NA,NA
40,1,1,1,1,0,21169,126,0,3
52,1,1,4,1,0,23805,44,1,3
42,1,1,4,1,0,25511,24,0,3
48,1,1,2,1,0,25915,82,0,4
51,0,0,4,2,0,28893,52,1,3
40,1,1,2,1,0,21096,56,0,2
42,1,1,1,1,0,20341,77,0,1
55,0,0,3,2,0,26843,26,1,4
44,1,0,2,3,0,29691,86,0,1
55,1,1,2,1,0,24147,55,0,1
45,1,1,4,1,0,24431,49,0,3
42,1,1,3,1,0,26099,78,0,1
44,1,1,2,1,0,23396,52,0,2
40,1,1,1,1,0,24562,108,0,1
48,1,1,4,1,0,26149,NA,NA,NA
51,1,0,4,2,0,27354,43,1,4
55,1,0,3,3,0,29141,104,0,3
49,1,0,1,2,0,28344,41,1,1
47,0,1,3,1,0,24998,50,0,2
53,1,1,2,1,0,21094,128,0,1
42,0,1,2,1,0,24671,47,0,1
44,1,1,1,1,0,25023,104,0,1
48,0,0,3,2,0,27525,102,0,4
NA,NA,1,4,1,0,25211,14,1,3
50,1,1,2,1,0,21681,49,1,1
52,1,1,2,1,0,23965,41,0,1
45,1,0,3,2,0,27466,63,0,1
35,1,0,4,2,0,26518,44,0,5
54,1,1,4,1,0,22616,55,0,5
49,1,1,3,1,0,21545,79,0,1
42,1,1,4,1,0,23018,29,0,3
56,1,1,2,1,0,21923,63,1,2
47,1,1,3,1,0,21956,NA,NA,NA
46,1,0,3,2,0,27302,56,0,5
33,1,0,4,2,0,28248,52,0,4
49,1,0,4,2,0,28588,29,1,3
48,1,0,4,2,0,28481,20,1,3
47,1,1,4,1,0,21904,82,0,3
43,1,1,3,1,0,20653,72,0,1
56,1,1,1,1,0,21746,52,1,1
68,1,0,3,2,0,27700,27,1,2
44,1,1,2,1,0,25673,64,0,1
43,0,1,3,1,0,24861,34,0,3
53,0,1,4,1,0,25210,83,0,2
60,0,0,3,3,0,29685,408,0,3
51,1,1,4,1,0,24425,81,0,4
57,1,1,2,1,0,22941,NA,NA,NA
35,1,0,1,2,0,26825,22,0,2
43,1,0,4,2,0,26834,50,0,5
42,1,1,1,1,0,20289,40,0,1
60,1,1,1,1,0,22211,34,1,1
64,1,0,3,2,0,28827,82,0,1
45,1,1,3,1,0,20018,144,0,2
44,0,1,2,1,0,24349,86,0,1
51,1,1,1,1,0,25656,34,0,1
49,1,0,3,2,0,27239,91,0,1
50,1,0,1,2,0,28669,NA,NA,NA
47,0,0,2,2,0,28484,76,0,2
41,1,1,2,1,0,22764,84,0,1
52,1,1,3,1,0,20190,128,0,1
49,1,1,4,1,0,23470,11,1,1
56,1,1,1,1,0,26024,64,0,2
48,1,0,4,2,0,26613,20,1,3
46,1,1,4,1,0,22402,46,0,3
51,1,0,3,2,0,26323,68,0,1
45,1,1,1,1,0,20561,38,0,1
42,1,0,4,2,0,28284,41,0,3
54,1,1,2,1,0,24885,NA,NA,NA
63,1,0,3,3,0,29800,NA,NA,NA
NA,1,0,3,3,0,29807,41,1,3
53,1,1,1,1,0,21951,69,0,1
53,0,0,4,2,0,28787,57,0,4
43,1,0,1,2,0,28519,50,0,1
46,1,1,2,1,0,24035,87,0,1
46,1,1,1,1,0,20892,121,0,1
43,1,1,4,1,0,25491,76,0,5
44,1,1,1,1,0,21533,137,0,1
50,1,1,3,1,0,24336,NA,NA,NA
47,1,1,3,1,0,22851,56,0,1
54,1,1,2,1,0,21519,50,1,1
53,0,1,3,1,0,25479,32,0,3
52,1,0,3,2,0,26716,77,0,3
50,1,0,4,2,0,27646,101,0,4
48,0,1,4,1,0,22929,66,0,4
48,1,0,4,2,0,26950,54,0,5
49,1,1,3,1,0,20507,82,0,1
44,0,1,3,1,0,23040,81,0,2
46,1,0,2,3,0,29657,108,0,1
47,1,0,3,2,0,27043,94,0,1
41,1,1,1,1,0,22205,108,0,1
54,1,0,4,2,0,28445,57,1,5
50,1,1,2,1,0,24539,181,0,1
54,1,1,3,1,0,23221,97,0,1
53,1,0,4,2,0,26633,45,1,5
31,1,1,2,1,0,22620,45,0,1
47,1,1,1,1,0,22485,72,0,1
43,1,0,1,2,0,28030,86,0,1
44,0,1,1,1,0,25965,61,0,3
46,1,0,4,2,0,26551,44,0,5
52,0,0,4,2,0,27119,105,0,4
36,1,0,3,2,0,28408,83,0,1
58,1,1,3,1,0,24908,82,0,3
55,1,0,3,2,0,26558,82,0,4
56,1,0,4,2,0,27316,34,1,1
NA,0,1,3,1,0,22469,105,0,3
38,1,1,3,1,0,22879,85,0,3
40,1,1,1,1,0,20699,97,0,3
59,1,1,4,1,0,20066,32,1,3
49,1,1,2,1,0,25543,43,1,2
48,1,1,4,1,0,21863,54,0,4
59,1,0,4,2,0,26465,80,0,5
51,1,1,1,1,0,24691,81,0,1
38,1,1,4,1,0,25258,47,0,4
56,1,1,1,1,0,21341,131,0,1
NA,1,1,2,1,0,24094,36,1,1
44,0,0,3,2,0,28147,104,0,2
45,0,0,4,2,0,28552,43,0,3
45,1,1,4,1,0,24163,22,1,2
51,1,1,1,1,0,23014,89,0,2
47,1,0,4,2,0,26376,87,0,5
41,1,1,4,1,0,20203,102,0,3
52,1,1,4,1,0,23105,103,0,2
46,0,1,1,1,0,23751,73,0,1
48,1,1,3,1,0,21527,413,0,1
48,1,1,1,1,0,24491,NA,NA,NA
54,1,0,1,2,0,28722,33,1,1
45,0,0,3,2,0,26827,77,0,1
44,0,1,3,1,0,22085,20,1,3
48,1,0,4,2,0,26414,77,0,5
48,1,1,1,1,0,21971,90,0,1
47,1,1,4,1,0,23631,50,0,3
37,1,1,2,1,0,21304,37,0,1
49,1,0,4,2,0,27637,41,1,5
59,1,0,2,3,0,29177,77,0,1
56,0,1,1,1,0,22594,752,0,1
50,0,1,3,1,0,21217,86,0,3
44,0,0,3,2,0,28050,83,0,1
46,1,1,1,1,0,20009,41,0,1
49,1,1,3,1,0,22657,91,0,3
50,1,0,4,2,0,26934,48,1,5
35,1,0,3,3,0,29180,150,0,1
59,1,0,4,2,0,26584,NA,NA,NA
43,0,1,1,1,0,24694,69,0,1
54,0,1,2,1,0,26132,NA,NA,NA
43,1,0,4,2,0,27370,51,0,4
49,0,0,4,2,0,27166,25,1,3
47,1,1,2,1,0,23100,86,0,1
45,1,1,3,1,0,22475,25,0,2
51,0,0,2,3,0,29630,148,0,1
56,1,1,2,1,0,25540,61,0,1
43,0,0,3,2,0,27197,71,0,2
60,1,0,3,2,0,27056,NA,NA,NA
48,1,1,4,1,0,23983,52,0,5
36,1,1,1,1,0,21080,85,0,1
45,1,0,1,3,0,29506,41,0,1
39,1,0,3,3,0,29175,77,0,3
47,0,1,1,1,0,25768,73,0,1
62,1,1,2,1,0,20129,NA,NA,NA
56,1,1,4,1,0,25928,40,1,4
65,1,0,2,3,0,29317,NA,NA,NA
41,1,1,4,1,0,20237,52,0,4
49,1,0,1,2,0,28414,42,1,3
48,0,1,1,1,0,25151,NA,NA,NA
40,0,1,2,1,0,20192,83,0,2
43,1,1,2,1,0,22356,82,0,1
55,0,1,2,1,0,20296,NA,NA,NA
47,1,0,3,3,0,29170,415,0,3
36,1,0,4,2,0,26891,89,0,4
52,1,0,4,2,0,28862,42,1,5
NA,NA,0,1,2,0,28383,43,1,1
40,0,1,3,1,0,25987,66,0,1
45,1,1,3,1,0,23026,104,0,3
37,0,0,1,3,0,29764,203,0,1
33,1,1,1,1,0,21463,48,0,1
44,1,1,2,1,0,22106,48,0,2
37,1,1,4,1,0,21324,106,0,3
60,1,0,4,2,0,27481,48,1,5
38,1,0,1,2,0,28813,22,0,1
42,0,1,1,1,0,25706,55,0,1
51,1,0,4,2,0,27607,22,1,2
45,1,1,4,1,0,20659,53,0,3
50,1,1,2,1,0,20573,64,0,1
49,0,1,1,1,0,22652,88,0,1
41,1,0,3,2,0,27994,76,0,3
42,1,0,4,2,0,28561,34,0,4
57,1,1,2,1,0,25229,NA,NA,NA
50,0,0,1,3,0,29020,NA,NA,NA
52,1,1,4,1,0,23351,48,1,1
55,1,1,1,1,0,21205,65,1,1
NA,1,1,3,1,0,23428,47,1,1
49,0,0,4,2,0,27137,NA,NA,NA
56,1,1,3,1,0,25285,63,1,1
50,1,0,3,3,0,29567,45,1,3
39,1,1,3,1,0,22258,47,0,4
46,1,1,4,1,0,23972,101,0,5
38,1,0,3,2,0,28916,82,0,1
41,1,1,3,1,0,23550,92,0,1
41,0,1,4,1,0,25807,45,0,5
46,1,1,3,1,0,23570,41,0,1
58,1,1,4,1,0,24983,20,1,1
48,0,1,3,1,0,21010,41,1,5
57,1,1,3,1,0,22165,102,0,3
44,1,0,4,2,0,27889,72,0,3
44,1,1,3,1,0,24775,49,0,2
54,1,0,1,2,0,28322,52,1,3
58,1,0,1,2,0,28852,46,1,3
56,0,1,2,1,0,25806,NA,NA,NA
46,1,1,3,1,0,23614,59,0,2
41,1,1,1,1,0,26128,128,0,1
43,0,1,2,1,0,22508,81,0,1
37,1,0,3,2,0,26173,61,0,1
55,0,0,4,2,0,27752,109,0,2
NA,1,1,4,1,0,25008,91,0,4
39,1,1,1,1,0,21417,87,0,2
46,1,0,3,2,0,28081,24,1,3
47,1,0,4,2,0,26514,100,0,4
38,1,0,4,2,0,27211,58,0,5
53,1,1,4,1,0,20326,NA,NA,NA
50,1,1,2,1,0,22436,NA,NA,NA
52,1,1,4,1,0,21249,80,0,2
40,1,1,4,1,0,21370,86,0,4
47,1,0,1,2,0,28341,94,0,3
39,0,1,3,1,0,20940,74,0,2
59,1,1,3,1,0,25179,NA,NA,NA
46,0,0,3,2,0,26482,26,1,2
42,1,1,3,1,0,21881,97,0,1
41,0,1,1,1,0,24538,76,0,1
51,1,0,3,2,0,27532,87,0,1
41,1,0,4,2,0,27442,125,0,5
37,1,0,4,2,0,26994,25,0,5
45,1,0,3,2,0,27852,95,0,1
57,1,0,1,2,0,27496,46,1,1
45,1,1,3,1,0,24416,28,1,1
51,1,1,3,1,0,25512,88,0,2
NA,1,1,2,1,0,25516,45,1,1
55,1,1,2,1,0,22426,NA,NA,NA
51,1,0,4,2,0,28402,53,1,4
40,0,1,2,1,0,21130,96,0,1
51,1,0,3,2,0,26647,45,1,1
52,1,0,2,2,0,27988,53,1,1
52,1,1,3,1,0,26063,32,1,3
52,0,1,4,1,0,25710,100,0,3
45,1,0,2,3,0,29230,526,0,1
55,1,0,3,3,0,29356,110,0,1
46,1,1,1,1,0,21858,NA,NA,NA
47,1,1,4,1,0,21523,NA,NA,NA
48,0,1,4,1,0,24096,23,1,3
42,1,0,3,2,0,26179,31,0,2
35,1,0,4,2,0,27218,31,0,2
43,1,0,3,3,0,29253,39,0,3
58,0,1,1,1,0,25038,NA,NA,NA
51,0,1,2,1,0,21127,92,0,1
49,1,1,3,1,0,22323,38,1,1
52,1,0,3,2,0,26260,101,0,1
NA,1,1,2,1,0,21559,102,0,1
55,1,0,4,2,0,26790,73,0,3
58,1,1,4,1,0,24331,78,0,5
39,1,1,1,1,0,20403,40,0,2
51,1,1,4,1,0,25874,NA,NA,NA
37,0,0,3,3,0,29559,108,0,3
41,1,1,2,1,0,23889,25,0,1
47,1,0,3,2,0,28869,57,0,1
45,1,1,2,1,0,20064,52,0,1
44,1,1,2,1,0,23454,26,1,1
47,0,1,4,1,0,25688,50,0,3
45,1,1,3,1,0,25253,85,0,4
45,1,0,3,2,0,27102,112,0,1
55,1,1,1,1,0,24953,NA,NA,NA
37,1,0,4,2,0,27967,47,0,5
57,1,1,4,1,0,20697,56,1,3
60,1,1,2,1,0,21800,122,0,1
52,1,1,1,1,0,25398,68,0,1
54,1,1,4,1,0,20738,88,0,3
49,0,0,1,2,0,26752,31,1,2
43,1,1,1,1,0,24548,136,0,1
49,1,1,3,1,0,23399,50,0,3
48,1,1,4,1,0,21691,44,1,2
52,1,1,4,1,0,23448,62,0,3
49,1,0,3,2,0,28749,29,1,1
35,1,1,4,1,0,23179,102,0,5
61,1,0,2,3,0,29017,69,0,1
55,0,0,2,2,0,28192,45,1,1
NA,1,1,3,1,0,24257,52,0,3
45,1,0,4,2,0,28704,41,0,5
53,1,1,3,1,0,21896,45,1,2
42,1,1,3,1,0,25577,81,0,1
47,1,1,1,1,0,21291,50,0,1
63,1,1,1,1,0,20070,NA,NA,NA
43,1,1,4,1,0,20814,171,0,5
53,1,1,3,1,0,26125,119,0,3
46,1,1,1,1,0,24338,55,0,1
49,1,1,1,1,0,21353,91,0,1
52,1,1,1,1,0,20436,124,0,1
54,1,0,4,2,0,26265,74,0,3
58,1,1,1,1,0,23796,132,0,1
54,1,0,4,2,0,27821,67,0,1
50,1,1,1,1,0,21104,48,1,2
48,1,0,3,3,0,29653,50,0,3
53,1,0,3,2,0,28357,NA,NA,NA
53,1,1,2,1,0,21262,129,0,1
47,1,1,1,1,0,22655,106,0,1
43,1,1,4,1,0,24409,60,0,3
49,1,1,1,1,0,24876,NA,NA,NA
44,1,1,3,1,0,20619,75,0,2
48,1,1,1,1,0,22673,42,1,2
47,1,1,2,1,0,24533,103,0,1
50,1,0,4,2,0,26466,NA,NA,NA
54,1,1,2,1,0,21516,189,0,1
41,1,1,4,1,0,20947,48,0,2
52,1,1,4,1,0,25197,NA,NA,NA
49,0,1,3,1,0,22450,46,1,2
49,0,1,3,1,0,25609,40,1,3
64,1,0,3,3,0,29543,41,1,3
NA,1,1,2,1,0,23775,103,0,1
55,1,1,3,1,0,25705,51,1,2
57,0,0,3,2,0,26232,NA,NA,NA
54,1,0,3,2,0,27157,45,1,1
41,1,1,1,1,0,20228,94,0,1
44,1,1,3,1,0,21551,162,0,2
46,1,1,3,1,0,23597,92,0,3
49,1,1,4,1,0,23890,NA,NA,NA
49,1,1,1,1,0,20036,29,1,1
43,1,1,4,1,0,20116,43,0,3
47,0,0,3,3,0,28994,67,0,1
44,1,1,4,1,0,20328,23,1,3
48,1,0,4,2,0,26769,40,1,3
43,1,1,3,1,0,23935,24,1,4
55,1,0,1,2,0,26423,92,0,2
54,1,1,3,1,0,21907,75,0,2
44,1,1,4,1,0,22016,63,0,4
45,0,1,3,1,0,24405,112,0,1
54,1,1,3,1,0,25814,NA,NA,NA
60,1,1,4,1,0,23953,59,1,4
43,1,0,3,2,0,26777,23,1,2
56,0,1,4,1,0,23635,120,0,2
55,1,0,3,2,0,27425,85,0,1
57,1,1,1,1,0,23412,NA,NA,NA
44,1,1,4,1,0,23229,86,0,4
36,1,0,3,3,0,29565,57,0,1
52,1,0,4,2,0,28293,41,1,4
49,0,0,3,2,0,28288,101,0,1
49,1,1,1,1,0,20596,91,0,4
41,1,0,3,3,0,29678,21,0,3
53,1,1,4,1,0,23333,49,0,3
38,1,1,1,1,0,23810,44,0,1
NA,1,1,4,1,0,20351,88,0,3
44,1,0,4,2,0,28879,25,1,3
38,1,0,3,3,0,29757,51,0,1
45,1,1,1,1,0,24607,23,1,1
44,1,1,1,1,0,22694,86,0,1
50,1,0,2,2,0,28256,82,0,3
52,1,1,3,1,0,24030,NA,NA,NA
42,1,1,2,1,0,21058,44,0,2
42,1,1,4,1,0,21230,101,0,4
46,1,1,1,1,0,22390,90,0,1
48,1,1,4,1,0,21178,22,1,3
49,1,0,3,2,0,27593,46,1,1
61,1,0,4,2,0,26723,130,0,1
50,1,0,3,3,0,29492,63,0,3
45,1,0,1,2,0,28111,47,0,1
45,1,0,4,2,0,28482,72,0,5
51,1,0,3,2,0,27519,41,1,3
47,1,1,2,1,0,24441,409,0,2
38,1,0,4,2,0,28145,58,0,5
63,1,1,1,1,0,22567,76,0,1
51,1,1,1,1,0,24058,40,1,2
44,1,1,4,1,0,25268,78,0,5
54,1,0,4,2,0,27846,60,1,5
54,1,0,2,2,0,26354,47,1,1
38,1,0,4,2,0,26175,99,0,2
46,0,1,1,1,0,23196,91,0,1
43,0,0,2,2,0,26216,74,0,1
48,1,1,4,1,0,22687,73,0,4
56,1,0,2,2,0,28752,NA,NA,NA
44,0,1,4,1,0,24540,68,0,1
31,1,1,2,1,0,23116,48,0,2
51,1,1,2,1,0,25535,50,1,1
44,1,1,4,1,0,21197,102,0,4
33,0,1,1,1,0,24445,53,0,1
40,1,0,3,3,0,29512,51,0,3
61,1,1,2,1,0,25490,95,0,1
40,1,1,2,1,0,22031,59,0,1
48,1,1,1,1,0,21604,143,0,1
50,1,0,4,2,0,28417,61,0,5
55,1,1,4,1,0,21272,45,1,2
58,1,0,4,2,0,27130,41,1,4
43,0,0,4,2,0,26187,53,0,1
47,1,0,4,2,0,27834,84,0,5
51,1,0,3,3,0,29352,45,1,3
51,1,0,1,3,0,29074,106,0,1
54,0,1,1,1,0,26096,30,1,1
48,0,0,3,3,0,29385,NA,NA,NA
50,1,1,3,1,0,23743,89,0,2
NA,1,0,3,3,0,29456,82,0,1
47,1,1,1,1,0,23863,159,0,1
43,1,0,1,2,0,27333,144,0,1
49,1,0,3,3,0,29460,NA,NA,NA
48,1,1,4,1,0,20606,110,0,4
47,1,1,4,1,0,25818,29,1,3
51,1,1,1,1,0,22366,83,0,2
48,0,1,4,1,0,21019,63,0,4
42,1,0,2,3,0,29089,94,0,1
53,1,1,1,1,0,20408,319,0,1
51,1,1,2,1,0,21980,62,0,1
58,1,1,3,1,0,22758,48,1,1
50,0,1,1,1,0,25860,NA,NA,NA
51,1,1,1,1,0,21655,81,0,1
40,1,1,4,1,0,25891,63,0,4
55,1,1,1,1,0,24200,NA,NA,NA
46,1,1,1,1,0,25758,92,0,1
43,1,0,4,2,0,27632,64,0,1
44,1,0,4,2,0,28658,23,1,5
53,0,1,1,1,0,24156,40,1,2
53,1,1,1,1,0,20891,55,1,1
47,1,1,3,1,0,23203,22,1,2
50,1,1,3,1,0,21472,66,0,1
54,1,0,2,2,0,27913,61,1,1
49,1,0,4,2,0,28871,54,0,4
48,1,1,1,1,0,23150,34,1,1
58,1,1,2,1,0,22727,NA,NA,NA
40,0,0,4,2,0,27325,62,0,4
51,0,1,2,1,0,23041,NA,NA,NA
49,1,1,3,1,0,23858,37,1,1
49,1,1,3,1,0,20791,644,0,1
46,1,0,2,2,0,28830,42,0,1
49,1,0,4,2,0,26682,47,0,4
43,1,1,3,1,0,22004,54,0,1
46,0,0,3,2,0,28135,42,0,3
59,0,1,2,1,0,23162,NA,NA,NA
60,1,1,3,1,0,25046,52,1,2
44,1,1,2,1,0,21810,63,0,3
49,1,1,1,1,0,25905,39,1,2
44,1,1,2,1,0,25266,83,0,1
45,1,1,1,1,0,23696,69,0,1
67,0,0,3,2,0,28596,310,0,1
45,1,0,4,2,0,28490,24,1,4
NA,0,1,1,1,0,24483,32,0,1
48,1,1,1,1,0,20609,81,0,1
43,0,0,2,2,0,27770,66,0,1
55,1,0,3,2,0,27984,47,1,1
45,0,1,3,1,0,21474,103,0,3
45,1,1,4,1,0,23016,98,0,3
52,1,0,3,2,0,28657,59,0,1
47,0,0,4,2,0,26424,104,0,5
NA,0,0,4,2,0,27780,NA,NA,NA
51,0,1,3,1,0,26100,773,0,1
41,1,1,1,1,0,20734,57,0,1
45,1,1,1,1,0,21071,30,0,1
42,0,1,2,1,0,23068,86,0,1
49,1,0,2,3,0,29604,108,0,1
52,1,0,4,2,0,28888,25,1,3
36,1,1,4,1,0,20778,76,0,3
52,0,1,3,1,0,20604,47,1,3
NA,0,0,4,2,0,26348,112,0,5
37,0,0,4,2,0,26228,31,0,3
46,1,1,1,1,0,25326,80,0,1
48,1,1,1,1,0,26137,24,1,1
50,1,1,3,1,0,23698,72,0,3
35,1,0,3,2,0,26567,88,0,1
44,0,1,2,1,0,23629,91,0,4
43,1,1,2,1,0,20914,38,0,1
42,1,0,3,3,0,29687,44,0,3
53,1,1,1,1,0,21049,90,0,1
40,1,0,2,2,0,26988,127,0,1
57,1,1,3,1,0,24451,32,1,1
47,0,1,3,1,0,20321,149,0,1
52,1,1,1,1,0,24085,47,1,2
46,1,0,3,2,0,27729,37,0,1
52,1,0,1,2,0,28882,17,1,1
50,0,1,3,1,0,26147,74,0,2
53,1,1,4,1,0,24991,NA,NA,NA
49,1,0,3,3,0,29611,NA,NA,NA
47,1,1,3,1,0,25310,47,0,2
41,1,1,4,1,0,22662,42,0,4
48,1,1,4,1,0,20946,43,0,3
52,1,1,2,1,0,24127,82,0,1
37,1,0,1,2,0,27054,61,0,2
42,1,0,1,2,0,26540,29,0,2
55,1,0,4,2,0,27960,NA,NA,NA
49,1,1,3,1,0,22118,NA,NA,NA
47,0,1,4,1,0,23181,101,0,2
37,1,1,1,1,0,21552,95,0,1
NA,1,1,1,1,0,22780,81,0,1
NA,NA,1,3,1,0,24528,87,0,2
46,0,0,1,2,0,28354,83,0,1
41,1,1,1,1,0,21159,19,1,1
33,1,1,1,1,0,23747,43,0,1
56,0,0,3,3,0,29731,40,1,3
41,1,1,1,1,0,20704,56,0,1
50,1,0,3,2,0,27099,92,0,1
52,1,0,3,2,0,28702,NA,NA,NA
60,1,1,1,1,0,22149,150,0,1
45,0,1,2,1,0,22819,160,0,1
47,1,0,4,2,0,28627,109,0,5
67,1,1,2,1,0,22715,22,1,1
54,1,0,3,2,0,28439,126,0,1
49,1,0,1,2,0,28679,67,0,1
47,0,1,2,1,0,22917,64,0,1
39,1,1,3,1,0,20073,42,0,2
42,1,1,1,1,0,25648,82,0,1
39,1,0,3,2,0,26788,64,0,2
45,1,1,2,1,0,20673,94,0,1
57,0,1,3,1,0,23244,41,1,3
55,1,1,1,1,0,25320,51,0,1
57,1,0,3,2,0,28067,NA,NA,NA
52,1,1,4,1,0,25062,57,0,1
44,1,0,4,2,0,27951,50,0,5
34,1,0,4,2,0,28864,42,0,1
49,1,1,1,1,0,23063,NA,NA,NA
50,1,0,3,3,0,29384,59,0,3
58,1,0,3,2,0,28236,48,1,2
NA,1,1,3,1,0,22924,90,0,3
37,1,1,4,1,0,20382,73,0,3
49,1,1,3,1,0,23145,60,0,2
48,0,1,1,1,0,22919,25,1,1
52,1,1,1,1,0,25556,48,1,1
49,1,1,1,1,0,23187,128,0,3
50,1,1,1,1,0,21308,68,0,1
53,1,0,4,2,0,27999,47,0,5
35,1,0,1,3,0,29227,61,0,1
58,0,1,2,1,0,25172,NA,NA,NA
60,1,1,2,1,0,23289,NA,NA,NA
52,1,1,2,1,0,25776,25,1,1
44,0,1,4,1,0,20067,NA,NA,NA
38,1,0,4,2,0,27732,75,0,3
52,0,1,3,1,0,21347,114,0,1
56,1,0,3,3,0,29493,101,0,1
49,0,1,3,1,0,22794,62,0,2
43,1,1,2,1,0,24480,43,0,2
41,1,0,3,2,0,26444,60,0,1
62,0,1,4,1,0,24295,68,0,3
54,1,1,3,1,0,25486,42,1,1
51,1,0,4,2,0,26546,69,0,5
52,0,1,2,1,0,25574,51,0,1
31,1,0,4,2,0,28222,89,0,4
57,1,0,4,2,0,28469,49,0,1
49,1,1,1,1,0,23561,114,0,3
46,1,0,2,2,0,27058,107,0,2
49,1,1,1,1,0,20011,37,1,1
50,1,1,1,1,0,21829,85,0,1
48,1,1,4,1,0,22513,45,0,3
NA,NA,1,4,1,0,21298,57,0,4
45,1,1,4,1,0,23780,98,0,2
42,0,1,3,1,0,20595,52,0,3
53,1,1,1,1,0,21180,46,1,2
50,0,1,4,1,0,22362,24,1,3
41,1,1,1,1,0,25971,67,0,1
30,0,1,3,1,0,23719,84,0,2
NA,1,1,3,1,0,21762,NA,NA,NA
43,1,1,1,1,0,24376,78,0,1
32,0,0,3,3,0,29228,98,0,1
39,1,0,4,2,0,26550,138,0,5
45,1,1,1,1,0,24716,82,0,1
39,1,1,2,1,0,22224,66,0,1
49,1,1,2,1,0,23058,84,0,1
38,1,1,4,1,0,25548,48,0,1
46,1,1,3,1,0,24848,83,0,1
51,1,0,4,2,0,27357,48,1,4
56,1,0,4,2,0,28329,121,0,4
36,1,1,1,1,0,20101,28,0,2
50,0,1,2,1,0,21868,413,0,2
41,0,1,4,1,0,20718,62,0,3
56,1,1,1,1,0,24534,27,1,1
58,1,0,3,2,0,28850,148,0,1
48,1,1,1,1,0,21888,64,0,1
51,1,0,2,2,0,28598,134,0,1
57,1,1,4,1,0,25883,79,0,2
36,1,0,4,2,0,26893,57,0,3
41,0,1,4,1,0,21876,43,0,2
48,1,1,3,1,0,21811,114,0,1
52,0,1,1,1,0,24619,70,0,1
38,1,1,3,1,0,20471,55,0,4
45,1,0,2,3,0,29094,91,0,1
54,1,1,4,1,0,21524,43,1,2
58,1,1,1,1,0,24904,NA,NA,NA
44,1,1,4,1,0,25233,41,0,3
41,1,1,4,1,0,23128,49,0,1
49,1,1,2,1,0,20941,40,1,1
58,1,1,3,1,0,23877,NA,NA,NA
NA,0,1,2,1,0,24938,23,1,2
50,1,1,3,1,0,24139,106,0,1
51,1,1,3,1,0,20666,83,0,2
51,1,0,2,2,0,27957,56,0,1
47,0,1,2,1,0,23134,81,0,1
58,1,0,3,2,0,26380,82,0,1
51,1,1,4,1,0,24361,54,0,1
42,1,1,2,1,0,25035,83,0,1
46,0,1,2,1,0,20664,46,0,1
42,1,1,3,1,0,23430,62,0,3
45,1,0,4,2,0,27376,42,0,5
51,1,1,1,1,0,23216,103,0,1
46,1,1,2,1,0,22036,141,0,1
52,1,1,1,1,0,22968,40,1,1
42,1,0,4,2,0,26945,85,0,4
44,0,0,3,3,0,29270,95,0,3
49,1,1,1,1,0,24968,136,0,1
48,1,0,3,2,0,26404,44,0,2
47,0,0,3,3,0,29113,43,0,3
43,1,1,1,1,0,25353,60,0,1
52,1,1,4,1,0,25741,33,1,3
57,1,0,4,2,0,27572,81,0,5
43,1,0,4,2,0,26277,42,0,4
46,1,1,4,1,0,20078,120,0,4
51,1,0,1,2,0,27937,23,1,1
35,0,0,1,3,0,29597,63,0,1
47,1,1,4,1,0,21438,173,0,2
41,1,0,4,2,0,28748,101,0,2
50,1,1,1,1,0,25121,NA,NA,NA
38,1,1,3,1,0,22665,128,0,1
45,1,1,1,1,0,24148,48,0,2
43,0,1,1,1,0,21653,84,0,1
45,1,1,2,1,0,20109,NA,NA,NA
54,1,1,2,1,0,23224,88,0,1
40,1,0,3,2,0,27030,50,0,1
48,1,1,1,1,0,20392,44,0,1
48,1,1,2,1,0,22349,39,1,1
50,1,1,3,1,0,25218,41,1,1
58,1,1,3,1,0,22661,53,1,1
45,1,1,3,1,0,24894,94,0,1
41,1,1,4,1,0,21948,50,0,2
48,1,0,2,2,0,28137,49,0,1
46,0,1,4,1,0,23939,43,0,4
49,1,1,3,1,0,21224,49,0,1
53,1,1,2,1,0,23127,46,0,1
52,1,1,3,1,0,20210,55,1,3
57,1,0,3,2,0,26183,31,1,3
53,1,1,1,1,0,24016,83,0,1
63,1,0,3,2,0,27282,96,0,1
50,1,1,4,1,0,21553,NA,NA,NA
47,1,0,3,3,0,29333,42,0,3
47,0,0,4,2,0,28068,42,0,4
47,0,1,3,1,0,21744,123,0,3
49,1,0,3,2,0,28035,37,1,1
54,0,0,4,2,0,28371,43,1,5
36,0,1,2,1,0,24204,71,0,1
45,1,0,3,2,0,26928,84,0,1
38,1,1,4,1,0,22499,40,0,3
45,0,0,4,2,0,28870,48,0,1
56,1,0,4,2,0,26396,NA,NA,NA
53,1,0,2,2,0,28701,99,0,2
31,1,0,4,2,0,26729,82,0,5
42,1,1,3,1,0,25375,51,0,3
42,1,1,1,1,0,25591,20,1,1
48,1,1,2,1,0,24699,82,0,1
41,1,0,1,2,0,27388,43,0,1
49,1,1,4,1,0,26118,81,0,3
47,1,1,1,1,0,24584,45,0,1
45,1,0,2,2,0,27979,41,0,2
57,1,1,1,1,0,22109,42,0,4
39,1,0,3,3,0,29007,40,0,3
49,1,1,2,1,0,21751,57,0,1
45,1,1,1,1,0,23716,101,0,1
45,0,0,3,2,0,27718,78,0,1
41,1,0,4,3,0,29745,100,0,3
62,1,1,4,1,0,25513,24,1,4
62,1,1,2,1,0,23607,76,1,1
47,1,1,4,1,0,23355,103,0,3
45,0,0,4,2,0,27237,80,0,5
53,1,1,4,1,0,20343,41,1,4
NA,NA,1,3,1,0,21932,100,0,5
50,1,1,1,1,0,25653,32,1,1
53,1,0,3,2,0,27908,84,0,2
50,1,1,4,1,0,21097,44,1,4
53,1,0,1,2,0,28758,35,1,1
55,1,1,2,1,0,26023,34,1,1
50,0,1,4,1,0,23900,60,0,2
56,1,1,2,1,0,23906,82,0,1
57,1,1,4,1,0,20346,109,0,3
61,1,0,3,3,0,29315,113,0,3
43,0,0,1,3,0,29223,106,0,1
49,1,1,2,1,0,23786,42,1,2
65,0,1,2,1,0,23584,46,1,1
54,1,1,4,1,0,20173,17,1,3
50,1,1,2,1,0,23690,64,0,3
41,1,1,4,1,0,24077,40,0,3
46,0,1,2,1,0,22076,51,0,2
44,1,1,3,1,0,21564,99,0,1
48,1,1,4,1,0,23022,47,0,4
49,1,0,3,2,0,28462,54,0,2
40,0,0,3,2,0,27505,41,0,1
49,1,1,3,1,0,23822,67,0,2
48,1,0,2,3,0,29580,NA,NA,NA
48,1,1,2,1,0,24685,102,0,3
48,1,1,3,1,0,22087,85,0,1
60,0,1,3,1,0,22913,86,0,1
47,0,1,4,1,0,22910,69,0,4
44,1,0,3,3,0,29014,47,0,3
41,1,0,2,2,0,28934,47,0,1
41,0,0,4,2,0,27190,46,0,1
47,1,1,3,1,0,22139,42,0,2
48,1,0,3,2,0,28543,NA,NA,NA
48,1,1,1,1,0,22006,87,0,1
56,1,1,4,1,0,20565,57,1,3
46,1,0,3,2,0,27642,40,0,2
53,1,1,2,1,0,22075,805,0,3
46,1,0,3,2,0,28299,110,0,4
48,1,1,1,1,0,20483,92,0,1
54,0,1,1,1,0,24379,41,1,1
49,0,1,3,1,0,21077,64,0,2
51,1,0,3,2,0,26696,57,0,1
37,0,0,3,2,0,27462,400,0,1
49,1,1,1,1,0,21786,90,0,1
56,0,0,1,3,0,29079,74,0,1
38,1,1,1,1,0,23344,93,0,1
51,0,1,3,1,0,25314,144,0,2
44,1,1,4,1,0,22517,80,0,1
41,1,1,1,1,0,24334,39,0,1
34,1,1,2,1,0,22830,124,0,1
46,1,0,1,2,0,28232,156,0,3
46,1,0,4,2,0,26559,123,0,1
56,1,1,4,1,0,25311,95,0,2
48,1,0,1,2,0,27059,42,1,2
54,1,1,2,1,0,23876,155,0,1
43,1,1,1,1,0,22983,50,0,1
NA,NA,0,3,2,0,28219,41,0,1
44,1,1,2,1,0,23820,70,0,1
45,1,0,4,2,0,28969,38,0,3
40,1,1,2,1,0,23511,66,0,2
50,1,1,3,1,0,22943,174,0,3
40,1,0,4,2,0,28944,41,0,5
47,0,0,4,2,0,28051,49,0,5
51,1,0,3,2,0,27419,51,1,2
43,1,0,4,2,0,26205,41,0,4
42,1,1,2,1,0,20095,141,0,1
49,1,1,4,1,0,23282,77,0,2
45,1,0,2,2,0,27566,93,0,2
68,0,0,3,2,0,27175,104,1,1
NA,1,0,4,2,0,27025,44,0,5
45,1,0,1,3,0,29539,36,0,1
45,1,1,4,1,0,25828,46,0,2
43,1,0,2,3,0,29626,409,0,1
51,1,0,2,3,0,29252,30,1,1
61,1,1,3,1,0,22564,48,1,2
47,1,1,2,1,0,22120,125,0,2
48,1,0,3,3,0,29450,24,0,3
42,1,0,4,2,0,28094,52,0,1
51,0,0,4,2,0,27548,100,0,5
48,1,0,4,2,0,26454,101,0,5
45,1,1,4,1,0,22597,77,0,3
38,0,0,4,2,0,27977,49,0,4
51,0,0,4,2,0,26817,51,1,5
