"age","female","metro","member","location","pilot","ID","last","cash","sat","fr1","fr2","ltmem","mamt1","mamt2","rind"
41,1,1,4,1,1,10001,51,0,5,1,1,1,204,346,0
52,1,1,4,1,1,10002,40,1,3,1,1,1,139,259,0
49,1,1,1,1,1,10003,45,1,1,2,2,0,216,243,0
45,1,1,3,1,1,10005,109,0,2,1,3,1,474,464,0
44,0,1,3,1,1,10007,48,0,2,2,1,1,199,300,0
54,1,1,3,1,1,10008,52,1,2,2,2,1,412,383,0
NA,1,1,2,1,1,10015,102,0,1,3,3,0,401,489,0
44,1,1,4,1,1,10019,42,0,3,1,1,1,159,198,0
46,1,1,2,1,1,10022,51,0,1,2,2,0,228,282,0
43,0,1,3,1,1,10023,101,0,3,1,1,1,397,434,0
44,1,1,1,1,1,10024,84,0,1,3,3,0,421,400,0
46,1,1,3,1,1,10025,61,0,1,1,1,1,633,665,0
47,1,1,3,1,1,10026,42,0,3,1,1,1,163,193,0
44,1,1,3,1,1,10027,49,0,1,3,3,1,218,265,0
56,1,1,1,1,1,10028,86,0,1,2,3,0,714,627,0
39,1,1,2,1,1,10030,83,0,1,3,3,0,383,386,0
44,0,1,3,1,1,10031,207,0,1,3,3,1,738,748,0
49,1,1,1,1,1,10032,140,0,1,1,1,0,555,571,0
42,1,1,4,1,1,10033,92,0,2,3,3,1,358,475,0
38,0,1,3,1,1,10034,103,0,5,3,3,1,420,419,0
50,1,1,2,1,1,10035,51,1,1,2,2,0,227,242,0
60,1,1,2,1,1,10037,83,1,1,3,3,0,291,440,0
43,1,1,1,1,1,10039,84,0,1,3,3,0,408,438,0
44,1,1,2,1,1,10042,90,0,1,3,3,0,502,492,0
56,1,1,1,1,1,10043,NA,NA,NA,NA,NA,0,0,0,NA
47,1,1,4,1,1,10044,61,0,2,3,2,1,233,294,0
47,0,1,1,1,1,10046,90,0,1,3,3,0,412,435,0
45,0,1,2,1,1,10047,54,0,1,2,3,0,496,508,0
40,1,1,4,1,1,10048,63,0,3,1,2,1,811,792,0
48,1,1,1,1,1,10050,34,1,1,1,2,0,735,664,0
43,0,1,1,1,1,10051,100,0,1,1,3,0,466,523,0
52,1,1,4,1,1,10052,93,0,2,2,2,1,312,375,0
32,1,1,1,1,1,10054,86,0,1,3,3,0,423,420,0
47,1,1,2,1,1,10055,49,0,1,1,1,0,212,259,0
62,1,1,4,1,1,10056,43,1,5,2,3,1,121,174,0
44,0,1,1,1,1,10058,101,0,1,2,3,0,1116,1007,0
53,1,1,4,1,1,10059,41,1,5,1,1,1,145,278,0
51,1,1,2,1,1,10060,80,0,1,2,1,0,337,532,0
56,1,1,1,1,1,10061,78,0,1,1,NA,0,63,0,0
57,1,1,4,1,1,10063,22,1,5,1,NA,1,13,0,0
53,1,1,1,1,1,10065,28,1,2,2,2,0,136,178,0
40,1,1,2,1,1,10069,156,0,2,2,3,0,584,537,0
50,1,1,3,1,1,10071,31,0,1,1,NA,1,24,0,0
NA,NA,1,3,1,1,10072,105,0,3,1,1,1,765,637,0
53,1,1,3,1,1,10074,43,1,1,1,1,1,159,196,0
45,1,1,2,1,1,10075,97,0,1,3,3,0,437,439,0
51,1,1,3,1,1,10076,77,0,3,1,2,1,290,344,0
45,1,1,2,1,1,10077,63,0,3,3,3,0,293,245,0
52,1,1,2,1,1,10079,101,0,1,2,2,0,409,406,0
53,1,1,2,1,1,10080,NA,NA,NA,NA,NA,0,0,0,NA
46,1,1,1,1,1,10081,45,0,2,1,1,0,223,281,0
48,1,1,3,1,1,10082,36,1,1,1,2,1,148,244,0
49,1,1,1,1,1,10083,52,0,1,3,3,0,955,901,0
47,1,1,4,1,1,10084,64,0,3,1,2,1,233,271,0
49,1,1,4,1,1,10086,56,0,3,1,2,1,192,287,0
49,1,1,4,1,1,10087,74,0,4,2,2,1,266,292,0
59,1,1,4,1,1,10088,40,1,4,1,1,1,120,162,0
50,1,1,1,1,1,10089,59,0,1,3,3,0,281,297,0
56,1,1,3,1,1,10090,60,1,3,1,1,1,202,235,0
52,1,1,4,1,1,10092,NA,NA,NA,NA,NA,1,0,0,NA
NA,NA,1,3,1,1,10093,105,0,3,2,3,1,397,394,0
42,1,1,4,1,1,10096,53,0,3,1,1,1,207,258,0
54,1,1,3,1,1,10097,33,1,1,1,1,1,119,165,0
50,1,1,3,1,1,10098,48,1,1,3,3,1,190,310,0
46,1,1,2,1,1,10099,43,0,1,1,1,0,196,198,0
60,1,1,1,1,1,10103,84,0,1,1,NA,0,133,0,0
NA,NA,1,3,1,1,10104,95,0,1,3,3,1,365,397,0
63,0,1,4,1,1,10106,37,1,3,1,NA,1,90,0,0
57,1,1,2,1,1,10108,62,0,2,1,NA,0,66,0,0
42,1,1,1,1,1,10113,134,0,1,2,2,0,1018,972,0
44,1,1,2,1,1,10114,58,0,1,3,3,0,268,287,0
40,1,1,1,1,1,10119,71,0,1,2,2,0,358,436,0
46,1,1,1,1,1,10120,75,0,1,2,3,0,898,825,0
60,1,1,1,1,1,10121,87,0,1,2,3,0,335,343,0
38,0,1,4,1,1,10122,31,0,1,1,1,1,118,163,0
42,1,1,2,1,1,10124,27,0,1,1,1,0,128,267,0
57,1,1,1,1,1,10125,NA,NA,NA,NA,NA,0,0,0,NA
48,1,1,4,1,1,10126,35,1,3,3,2,1,138,267,0
55,1,1,1,1,1,10127,40,1,1,3,3,0,488,465,0
43,1,1,1,1,1,10128,66,0,1,3,3,0,864,871,0
59,1,1,1,1,1,10133,141,0,1,3,3,0,921,815,0
49,0,1,1,1,1,10134,62,0,1,3,3,0,288,273,0
48,1,1,1,1,1,10135,81,0,1,3,3,0,379,433,0
51,1,1,4,1,1,10136,NA,NA,NA,NA,NA,1,0,0,NA
46,0,1,3,1,1,10137,109,0,4,1,2,1,419,399,0
60,1,1,3,1,1,10138,NA,NA,NA,NA,NA,1,0,0,NA
43,1,1,2,1,1,10140,109,0,1,1,1,0,521,475,0
57,0,1,4,1,1,10141,51,1,3,1,1,1,145,242,0
51,0,1,4,1,1,10145,41,1,4,1,1,1,136,274,0
45,1,1,4,1,1,10146,68,0,3,2,3,1,267,250,0
39,1,1,3,1,1,10148,108,0,3,2,3,1,471,463,0
47,0,1,1,1,1,10150,105,0,1,3,3,0,489,517,0
60,1,1,3,1,1,10152,45,1,2,1,NA,1,27,0,0
36,1,1,3,1,1,10153,147,0,1,2,3,1,829,786,0
48,1,1,3,1,1,10154,43,1,3,1,1,1,165,170,0
45,1,1,3,1,1,10156,NA,NA,NA,NA,NA,1,0,0,NA
48,1,1,4,1,1,10157,41,1,2,1,1,1,153,222,0
43,1,1,2,1,1,10158,46,0,1,1,1,0,206,243,0
50,1,1,4,1,1,10159,103,0,3,1,1,1,346,348,0
52,0,1,3,1,1,10160,NA,NA,NA,NA,NA,1,0,0,NA
67,1,1,2,1,1,10161,71,0,1,1,NA,0,37,0,0
45,1,1,3,1,1,10163,28,1,1,1,1,1,117,118,0
47,1,1,1,1,1,10165,73,0,1,1,NA,0,67,0,0
43,1,1,4,1,1,10166,36,0,3,2,NA,1,31,0,0
48,0,1,2,1,1,10167,122,0,2,3,3,0,617,572,0
61,1,1,3,1,1,10168,61,0,2,1,NA,1,35,0,0
47,1,1,4,1,1,10172,40,1,5,3,3,1,165,221,0
51,1,1,4,1,1,10174,48,1,1,2,3,1,176,156,0
42,1,1,2,1,1,10175,106,0,1,2,2,0,478,458,0
54,1,1,2,1,1,10176,NA,NA,NA,NA,NA,0,0,0,NA
47,1,1,1,1,1,10177,49,0,1,3,3,0,787,756,0
52,1,1,1,1,1,10178,49,1,1,1,1,0,563,529,0
42,0,1,1,1,1,10179,47,0,1,1,1,0,228,274,0
50,1,1,1,1,1,10180,97,0,1,2,2,0,648,560,0
48,1,1,4,1,1,10181,154,0,1,3,3,1,449,480,0
44,1,1,1,1,1,10182,24,1,2,2,2,0,139,208,0
43,1,1,1,1,1,10183,82,0,1,1,2,0,406,429,0
44,1,1,1,1,1,10184,NA,NA,NA,NA,NA,0,0,0,NA
51,1,1,4,1,1,10185,56,0,2,1,1,1,197,251,0
52,1,1,1,1,1,10186,57,0,1,3,3,0,878,830,0
64,1,1,2,1,1,10189,NA,NA,NA,NA,NA,0,0,0,NA
35,0,1,2,1,1,10191,41,0,1,2,3,0,187,246,0
35,0,1,2,1,1,10193,114,0,1,1,1,0,511,539,0
46,0,1,3,1,1,10194,39,0,1,2,NA,1,33,0,0
45,1,1,1,1,1,10195,146,0,1,1,3,0,686,599,0
42,1,1,3,1,1,10199,34,0,1,1,2,1,146,207,0
48,1,1,4,1,1,10204,106,0,1,1,2,1,372,356,0
45,1,1,2,1,1,10206,67,0,1,1,1,0,731,702,0
45,1,1,3,1,1,10208,97,0,3,2,2,1,803,704,0
56,0,1,1,1,1,10209,92,0,1,3,3,0,371,400,0
57,1,1,4,1,1,10211,102,0,3,3,3,1,310,322,0
40,1,1,1,1,1,10214,88,0,1,2,2,0,443,440,0
34,1,1,4,1,1,10215,22,0,3,1,1,1,92,311,0
51,0,1,2,1,1,10217,136,0,2,2,2,0,795,726,0
45,1,1,3,1,1,10218,47,0,2,2,2,1,203,223,0
58,0,1,2,1,1,10219,31,1,2,1,NA,0,22,0,0
55,1,1,3,1,1,10220,99,0,2,3,3,1,351,420,0
47,0,1,3,1,1,10221,64,0,2,1,2,1,248,312,0
44,1,1,4,1,1,10224,153,0,5,1,1,1,1086,1015,0
49,1,1,3,1,1,10225,32,0,4,1,NA,1,25,0,0
52,0,1,4,1,1,10227,92,0,3,2,2,1,299,397,0
46,0,1,1,1,1,10229,46,0,1,3,3,0,217,282,0
50,1,1,2,1,1,10230,67,0,2,1,NA,0,56,0,0
53,1,1,3,1,1,10231,50,1,2,2,2,1,196,248,0
46,1,1,1,1,1,10234,96,0,1,2,3,0,465,501,0
45,1,1,3,1,1,10235,42,0,2,2,3,1,180,246,0
41,1,1,4,1,1,10236,44,0,4,2,2,1,181,281,0
51,1,1,3,1,1,10240,30,0,2,1,NA,1,23,0,0
49,1,1,3,1,1,10241,49,0,3,3,3,1,205,205,0
55,0,1,1,1,1,10244,16,1,1,1,NA,0,13,0,0
43,1,1,1,1,1,10246,165,0,1,1,2,0,813,774,0
47,1,1,2,1,1,10248,50,0,1,2,2,0,224,261,0
43,0,1,4,1,1,10249,55,0,3,1,1,1,199,230,0
39,1,1,1,1,1,10251,51,0,2,1,2,0,254,252,0
47,0,1,3,1,1,10252,87,0,2,1,1,1,326,368,0
56,1,1,2,1,1,10254,88,0,1,1,1,0,323,369,0
45,1,1,4,1,1,10255,43,0,5,2,2,1,170,213,0
NA,1,1,1,1,1,10259,121,0,1,2,2,0,958,869,0
53,0,1,1,1,1,10260,119,0,2,2,2,0,1112,982,0
51,1,1,4,1,1,10261,105,0,5,1,2,1,350,363,0
55,1,1,1,1,1,10262,67,0,1,1,NA,0,82,0,0
55,1,1,2,1,1,10263,112,0,1,2,3,0,605,537,0
51,1,1,2,1,1,10265,91,0,1,2,1,0,498,493,0
50,1,1,1,1,1,10266,46,1,1,3,3,0,223,295,0
47,1,1,2,1,1,10267,954,0,3,3,3,0,408,463,0
52,0,1,2,1,1,10268,107,0,1,1,2,0,558,584,0
48,0,1,3,1,1,10270,61,0,2,1,1,1,236,343,0
50,1,1,1,1,1,10271,67,0,2,2,3,0,310,339,0
38,1,1,2,1,1,10274,42,0,1,1,1,0,199,269,0
48,1,1,3,1,1,10275,79,0,2,1,2,1,1257,1139,0
43,1,1,3,1,1,10276,147,0,4,2,3,1,548,518,0
45,0,1,3,1,1,10278,422,0,3,2,1,1,166,225,0
46,1,1,3,1,1,10279,55,0,1,1,1,1,219,294,0
51,1,1,3,1,1,10280,95,0,1,1,1,1,453,494,0
54,1,1,2,1,1,10281,58,1,1,3,3,0,232,287,0
49,1,1,2,1,1,10283,84,0,1,2,2,0,357,386,0
52,1,1,3,1,1,10285,401,0,2,2,1,1,154,238,0
37,1,1,2,1,1,10287,81,0,1,1,2,0,367,438,0
55,1,1,3,1,1,10288,100,0,1,2,3,1,353,377,0
45,1,1,4,1,1,10290,101,0,3,1,1,1,1267,1066,0
48,1,1,4,1,1,10291,NA,NA,NA,NA,NA,1,0,0,NA
51,1,1,1,1,1,10293,112,0,1,1,1,0,951,830,0
46,1,1,1,1,1,10294,31,1,1,3,3,0,162,185,0
44,1,1,3,1,1,10295,8,1,5,2,3,1,52,90,0
42,1,1,3,1,1,10297,59,0,1,3,3,1,262,250,0
47,1,1,1,1,1,10298,670,0,1,1,1,0,304,307,0
57,1,1,4,1,1,10299,78,0,4,2,2,1,249,257,0
56,1,1,4,1,1,10301,120,0,3,2,3,1,686,623,0
51,1,1,3,1,1,10303,124,0,1,2,2,1,724,743,0
46,1,1,4,1,1,10304,80,0,4,1,NA,1,58,0,0
46,1,1,4,1,1,10305,48,0,3,3,3,1,186,239,0
43,1,1,1,1,1,10306,98,0,4,1,2,0,950,794,0
52,1,1,3,1,1,10309,91,0,1,3,3,1,340,358,0
50,0,1,2,1,1,10310,34,0,1,1,NA,0,27,0,0
NA,NA,1,2,1,1,10314,42,0,1,1,1,0,161,285,0
48,0,1,1,1,1,10315,98,0,1,3,3,0,454,564,0
35,1,1,2,1,1,10316,46,0,1,2,2,0,222,305,0
53,1,1,2,1,1,10317,38,1,4,1,2,0,171,235,0
55,1,1,3,1,1,10318,102,0,3,2,2,1,371,384,0
53,0,1,4,1,1,10319,54,1,2,1,1,1,168,191,0
46,1,1,2,1,1,10320,94,0,1,3,2,0,506,456,0
52,1,1,1,1,1,10323,84,0,1,1,1,0,363,408,0
NA,NA,1,3,1,1,10324,35,0,2,1,1,1,144,201,0
47,0,1,4,1,1,10327,89,0,3,2,2,1,319,337,0
55,0,1,2,1,1,10330,NA,NA,NA,NA,NA,0,0,0,NA
49,1,1,4,1,1,10332,93,0,5,1,NA,1,109,0,0
40,1,1,4,1,1,10333,42,0,1,2,2,1,178,173,0
37,1,1,2,1,1,10334,46,0,2,3,3,0,224,349,0
46,1,1,1,1,1,10335,91,0,1,1,1,0,433,384,0
44,1,1,2,1,1,10336,45,0,3,1,1,0,199,206,0
NA,0,1,3,1,1,10337,28,0,1,2,2,1,115,274,0
57,1,1,4,1,1,10339,21,1,3,2,2,1,83,248,0
46,0,1,3,1,1,10342,47,0,2,1,1,1,182,239,0
46,1,1,2,1,1,10344,96,0,2,1,1,0,416,432,0
47,1,1,3,1,1,10345,173,0,2,2,3,1,818,755,0
58,1,1,3,1,1,10348,NA,NA,NA,NA,NA,1,0,0,NA
49,1,1,4,1,1,10349,37,1,2,2,1,1,146,246,0
NA,0,1,1,1,1,10350,NA,NA,NA,NA,NA,0,0,0,NA
57,1,1,4,1,1,10352,NA,NA,NA,NA,NA,1,0,0,NA
48,1,1,4,1,1,10353,93,0,3,2,2,1,617,568,0
53,1,1,2,1,1,10354,64,0,1,1,1,0,254,338,0
46,1,1,4,1,1,10355,35,1,2,1,1,1,130,183,0
46,1,1,3,1,1,10356,67,0,1,3,3,1,773,768,0
44,1,1,4,1,1,10357,82,0,1,2,2,1,735,699,0
49,1,1,3,1,1,10358,110,0,4,1,2,1,572,545,0
37,1,1,4,1,1,10359,44,0,5,2,3,1,175,269,0
47,0,1,3,1,1,10360,41,0,5,2,2,1,161,236,0
45,1,1,3,1,1,10361,80,0,1,3,2,1,334,328,0
52,1,1,2,1,1,10362,114,0,1,3,3,0,518,490,0
57,1,1,2,1,1,10366,NA,NA,NA,NA,NA,0,0,0,NA
45,1,1,1,1,1,10368,164,0,4,1,2,0,560,544,0
55,1,1,4,1,1,10369,49,1,3,3,3,1,619,598,0
49,0,1,4,1,1,10370,47,0,3,1,1,1,155,250,0
56,1,1,4,1,1,10372,89,0,4,1,1,1,388,397,0
49,1,1,3,1,1,10373,NA,NA,NA,NA,NA,1,0,0,NA
46,1,1,1,1,1,10379,56,0,1,2,3,0,680,602,0
45,1,1,2,1,1,10380,90,0,3,1,2,0,408,359,0
48,1,1,1,1,1,10381,174,0,1,1,2,0,538,451,0
55,1,1,3,1,1,10383,56,1,1,1,2,1,195,191,0
43,1,1,1,1,1,10384,70,0,1,3,2,0,348,435,0
57,1,1,4,1,1,10385,57,1,4,3,3,1,181,207,0
48,1,1,1,1,1,10386,41,1,1,1,1,0,186,182,0
37,1,1,2,1,1,10387,45,0,1,1,2,0,211,274,0
42,1,1,3,1,1,10388,806,0,2,3,3,1,333,404,0
58,1,1,1,1,1,10389,43,1,1,1,1,0,168,279,0
46,1,1,4,1,1,10391,137,0,3,1,1,1,541,561,0
45,0,1,3,1,1,10394,64,0,2,2,3,1,255,278,0
41,1,1,1,1,1,10395,56,0,1,3,3,0,590,580,0
51,1,1,4,1,1,10398,31,1,3,2,2,1,124,147,0
56,1,1,1,1,1,10399,97,0,4,1,3,0,397,433,0
49,1,1,2,1,1,10401,106,0,1,3,2,0,448,446,0
49,1,1,3,1,1,10402,107,0,3,1,1,1,669,593,0
50,0,1,4,1,1,10404,92,0,1,1,3,1,306,323,0
41,1,1,1,1,1,10406,91,0,1,3,3,0,451,446,0
46,0,1,2,1,1,10407,286,0,1,1,1,0,966,894,0
45,0,1,1,1,1,10409,69,0,1,2,3,0,338,391,0
46,0,1,4,1,1,10413,44,0,3,1,1,1,150,218,0
40,0,1,2,1,1,10415,99,0,1,1,1,0,737,617,0
44,0,1,2,1,1,10416,40,0,1,3,3,0,184,219,0
47,1,1,4,1,1,10417,48,0,3,1,3,1,176,258,0
50,1,1,1,1,1,10418,76,0,1,1,2,0,337,424,0
43,0,1,1,1,1,10419,99,0,1,2,3,0,469,483,0
46,1,1,4,1,1,10420,58,0,5,3,3,1,225,311,0
45,1,1,1,1,1,10421,42,0,1,1,1,0,202,277,0
53,1,1,1,1,1,10422,61,0,1,2,1,0,274,257,0
53,1,1,3,1,1,10423,86,0,1,2,3,1,324,372,0
43,1,1,2,1,1,10425,448,0,1,2,3,0,204,253,0
57,0,1,1,1,1,10426,53,1,1,2,2,0,216,338,0
50,1,1,3,1,1,10427,46,1,1,3,3,1,185,292,0
54,1,1,2,1,1,10428,37,0,2,1,NA,0,30,0,0
48,0,1,2,1,1,10429,172,0,3,3,3,0,872,787,0
58,1,1,1,1,1,10430,52,1,1,3,3,0,215,289,0
NA,1,1,4,1,1,10433,99,0,1,2,2,1,389,371,0
63,1,1,3,1,1,10434,44,1,1,1,NA,1,24,0,0
44,1,1,4,1,1,10435,82,0,3,2,3,1,310,336,0
52,0,1,1,1,1,10437,45,1,1,2,2,0,196,227,0
47,1,1,1,1,1,10438,82,0,1,3,3,0,389,399,0
45,1,1,2,1,1,10440,55,0,1,1,1,0,246,253,0
48,1,1,3,1,1,10441,668,0,1,1,1,1,253,332,0
38,1,1,4,1,1,10442,56,0,4,1,2,1,213,265,0
53,0,1,3,1,1,10443,90,0,1,3,3,1,328,333,0
55,1,1,2,1,1,10446,91,0,3,1,1,0,545,532,0
49,1,1,3,1,1,10449,41,0,3,1,NA,1,31,0,0
49,0,1,4,1,1,10451,44,1,3,1,2,1,145,187,0
51,0,1,1,1,1,10452,76,0,4,1,1,0,333,344,0
56,1,1,2,1,1,10453,42,1,1,3,3,0,168,264,0
46,1,1,4,1,1,10455,41,0,2,1,1,1,159,199,0
37,0,1,3,1,1,10456,64,0,2,2,2,1,274,276,0
36,0,1,4,1,1,10461,56,0,3,2,3,1,220,360,0
42,0,1,1,1,1,10463,85,0,1,2,2,0,418,374,0
54,1,1,3,1,1,10465,43,0,2,2,NA,1,32,0,0
52,1,1,3,1,1,10466,49,1,2,2,2,1,739,676,0
45,1,1,1,1,1,10467,102,0,1,2,2,0,483,484,0
51,0,1,4,1,1,10470,NA,NA,NA,NA,NA,1,0,0,NA
43,1,1,1,1,1,10472,26,1,1,1,1,0,128,146,0
57,1,1,4,1,1,10473,16,1,5,1,NA,1,60,0,0
44,0,1,1,1,1,10474,79,0,1,1,NA,0,128,0,0
49,1,1,3,1,1,10475,102,0,1,3,3,1,396,353,0
51,1,1,3,1,1,10476,26,1,1,1,1,1,110,148,0
46,1,1,4,1,1,10477,102,0,5,1,1,1,371,366,0
47,0,1,2,1,1,10479,57,0,1,3,2,0,246,282,0
46,1,1,2,1,1,10480,NA,NA,NA,NA,NA,0,0,0,NA
49,1,1,3,1,1,10482,79,0,1,1,NA,1,67,0,0
54,1,1,3,1,1,10484,NA,NA,NA,NA,NA,1,0,0,NA
45,1,1,2,1,1,10485,44,0,1,1,NA,0,119,0,0
51,1,1,2,1,1,10486,51,1,1,3,3,0,221,211,0
50,1,1,1,1,1,10487,22,0,2,1,NA,0,20,0,0
45,1,1,1,1,1,10489,83,0,1,3,3,0,391,410,0
52,1,1,3,1,1,10490,127,0,1,1,2,1,445,467,0
54,1,1,2,1,1,10491,84,0,1,3,3,0,787,753,0
40,0,1,2,1,1,10493,55,0,1,1,1,0,237,265,0
54,1,1,2,1,1,10494,68,0,1,1,1,0,509,448,0
52,1,1,2,1,1,10496,84,0,1,2,3,0,906,783,0
NA,1,1,1,1,1,10497,102,0,1,2,3,0,483,476,0
45,0,1,3,1,1,10499,53,0,2,2,2,1,216,233,0
38,1,1,2,1,1,10500,39,0,1,2,2,0,1366,1165,0
47,1,1,1,1,1,10501,62,0,1,2,2,0,673,590,0
47,1,1,1,1,1,10502,63,0,1,3,3,0,301,418,0
44,1,1,3,1,1,10503,15,1,2,2,2,1,78,204,0
40,1,1,4,1,1,10504,104,0,4,1,1,1,398,422,0
46,0,1,1,1,1,10508,NA,NA,NA,NA,NA,0,0,0,NA
50,0,1,4,1,1,10510,84,0,1,1,1,1,281,299,0
43,1,1,2,1,1,10511,76,0,2,1,2,0,699,663,0
51,1,1,2,1,1,10513,61,0,3,1,1,0,252,265,0
57,1,1,2,1,1,10514,96,0,3,1,1,0,351,339,0
42,0,1,4,1,1,10515,73,0,3,1,2,1,261,333,0
52,1,1,3,1,1,10516,91,0,1,1,3,1,1025,868,0
52,1,1,3,1,1,10517,104,0,2,2,3,1,396,421,0
52,1,1,1,1,1,10518,31,0,1,1,NA,0,30,0,0
51,1,1,2,1,1,10520,79,0,1,1,NA,0,154,0,0
42,1,1,1,1,1,10521,63,0,1,3,3,0,326,320,0
48,1,1,3,1,1,10523,154,0,3,1,1,1,780,769,0
44,0,1,4,1,1,10525,100,0,2,1,1,1,354,400,0
45,1,1,2,1,1,10526,72,0,1,1,2,0,1430,1205,0
49,1,1,1,1,1,10527,73,0,3,2,3,0,343,374,0
48,0,1,4,1,1,10528,61,0,4,1,3,1,211,241,0
40,1,1,1,1,1,10529,82,0,3,1,1,0,396,405,0
53,1,1,1,1,1,10530,68,0,1,3,3,0,301,340,0
53,1,1,3,1,1,10531,32,0,1,1,NA,1,24,0,0
45,1,1,1,1,1,10533,83,0,1,1,2,0,387,367,0
46,1,1,1,1,1,10536,NA,NA,NA,NA,NA,0,0,0,NA
55,1,1,4,1,1,10537,34,1,2,1,NA,1,22,0,0
44,1,1,1,1,1,10538,85,0,2,3,3,0,1677,1493,0
57,0,1,4,1,1,10542,NA,NA,NA,NA,NA,1,0,0,NA
49,1,1,3,1,1,10543,433,0,3,3,3,1,173,246,0
NA,1,1,2,1,1,10544,107,0,1,3,3,0,418,381,0
47,1,1,3,1,1,10545,NA,NA,NA,NA,NA,1,0,0,NA
50,1,1,1,1,1,10546,50,0,1,3,3,0,246,358,0
53,1,1,4,1,1,10548,59,1,2,3,3,1,203,227,0
41,0,1,3,1,1,10549,41,0,1,3,2,1,172,174,0
47,1,1,4,1,1,10551,105,0,4,1,2,1,373,397,0
60,1,1,2,1,1,10552,NA,NA,NA,NA,NA,0,0,0,NA
37,1,1,3,1,1,10557,43,0,3,3,3,1,704,698,0
58,1,1,3,1,1,10562,48,0,5,2,NA,1,33,0,0
36,0,1,2,1,1,10563,91,0,1,3,2,0,902,780,0
49,1,1,2,1,1,10564,108,0,2,1,2,0,461,507,0
NA,NA,1,2,1,1,10566,81,0,1,3,3,0,790,709,0
46,1,1,1,1,1,10567,105,0,1,2,3,0,508,569,0
55,1,1,3,1,1,10568,53,1,1,1,1,1,182,361,0
59,0,1,2,1,1,10569,NA,NA,NA,NA,NA,0,0,0,NA
53,1,1,4,1,1,10571,52,1,5,1,2,1,173,310,0
57,1,1,4,1,1,10572,43,0,1,1,NA,1,25,0,0
55,1,1,2,1,1,10574,107,0,4,2,2,0,407,412,0
49,1,1,4,1,1,10575,56,0,3,3,3,1,206,230,0
49,1,1,1,1,1,10576,96,0,2,1,1,0,437,418,0
47,1,1,2,1,1,10578,98,0,1,1,2,0,426,428,0
NA,1,1,3,1,1,10582,45,1,2,1,2,1,175,292,0
43,1,1,1,1,1,10584,82,0,1,1,1,0,397,477,0
50,0,1,1,1,1,10585,35,1,1,2,2,0,161,163,0
53,0,1,2,1,1,10587,38,1,1,1,1,0,145,273,0
43,1,1,1,1,1,10588,96,0,1,2,3,0,478,447,0
49,1,1,4,1,1,10594,61,0,4,2,2,1,222,226,0
48,1,1,3,1,1,10597,42,1,2,1,1,1,165,231,0
52,1,1,2,1,1,10599,NA,NA,NA,NA,NA,0,0,0,NA
49,0,1,1,1,1,10601,57,0,1,3,2,0,269,277,0
54,1,1,4,1,1,10602,48,1,4,2,3,1,160,256,0
42,1,1,1,1,1,10605,104,0,1,2,2,0,517,565,0
37,0,1,2,1,1,10607,70,0,2,1,NA,0,61,0,0
59,1,1,2,1,1,10608,NA,NA,NA,NA,NA,0,0,0,NA
50,1,1,1,1,1,10611,97,0,1,2,2,0,536,549,0
49,1,1,4,1,1,10612,108,0,5,1,1,1,370,359,0
49,0,1,2,1,1,10613,49,0,1,1,2,0,206,302,0
53,0,1,1,1,1,10616,NA,NA,NA,NA,NA,0,0,0,NA
51,0,1,2,1,1,10620,103,0,1,1,1,0,408,443,0
49,0,1,4,1,1,10622,42,1,4,1,1,1,136,178,0
53,1,1,2,1,1,10623,212,0,2,1,1,0,516,556,0
44,1,1,2,1,1,10624,37,0,1,3,3,0,173,226,0
44,1,1,1,1,1,10625,65,0,3,1,1,0,532,710,0
46,1,1,2,1,1,10626,21,1,1,3,3,0,114,147,0
55,1,1,4,1,1,10627,69,0,3,1,1,1,222,256,0
39,1,1,1,1,1,10629,136,0,1,2,2,0,1693,1486,0
41,1,1,4,1,1,10631,105,0,5,3,3,1,404,455,0
47,0,1,3,1,1,10633,46,0,3,1,1,1,172,196,0
59,0,1,2,1,1,10634,107,0,1,1,1,0,355,327,0
50,1,1,3,1,1,10635,NA,NA,NA,NA,NA,1,0,0,NA
43,1,1,3,1,1,10636,82,0,2,2,3,1,350,322,0
52,1,1,4,1,1,10637,62,0,4,2,2,1,215,236,0
34,1,1,2,1,1,10641,65,0,1,1,3,0,810,722,0
46,1,1,3,1,1,10642,63,0,1,2,3,1,266,381,0
45,1,1,1,1,1,10643,74,0,1,1,1,0,618,660,0
38,1,1,1,1,1,10644,109,0,1,2,3,0,535,549,0
50,1,1,4,1,1,10646,57,0,1,1,2,1,197,208,0
47,1,1,4,1,1,10647,103,0,4,1,1,1,366,354,0
45,1,1,2,1,1,10648,62,0,1,3,3,0,297,337,0
38,1,1,3,1,1,10650,71,0,4,3,2,1,302,294,0
53,1,1,1,1,1,10651,59,1,1,1,1,0,256,343,0
53,1,1,3,1,1,10652,65,0,3,1,NA,1,46,0,0
48,1,1,1,1,1,10654,33,1,1,1,1,0,937,830,0
54,1,1,3,1,1,10657,45,1,1,1,2,1,164,192,0
51,0,1,1,1,1,10658,96,0,2,3,3,0,419,456,0
55,0,1,3,1,1,10660,41,1,3,2,2,1,146,281,0
51,1,1,4,1,1,10661,52,1,3,1,1,1,181,223,0
47,1,1,1,1,1,10663,132,0,1,1,1,0,1168,1040,0
57,1,1,1,1,1,10667,102,0,1,2,2,0,411,437,0
46,1,1,4,1,1,10669,139,0,5,1,1,1,765,803,0
60,1,1,3,1,1,10670,146,0,1,2,3,1,573,573,0
57,0,1,2,1,1,10671,44,1,2,1,1,0,149,181,0
42,1,1,4,1,1,10672,48,0,3,3,3,1,198,208,0
56,1,1,2,1,1,10676,NA,NA,NA,NA,NA,0,0,0,NA
42,1,1,3,1,1,10681,42,0,2,1,1,1,172,216,0
39,1,1,4,1,1,10683,47,0,4,3,2,1,204,256,0
44,0,1,1,1,1,10684,40,0,1,1,1,0,194,326,0
57,1,1,2,1,1,10685,80,0,3,1,1,0,295,311,0
43,1,1,1,1,1,10686,59,0,1,1,1,0,282,311,0
51,1,1,1,1,1,10687,33,0,1,1,NA,0,32,0,0
37,1,1,3,1,1,10688,37,0,1,3,3,1,167,185,0
34,0,1,4,1,1,10689,80,0,4,2,2,1,305,329,0
56,1,1,4,1,1,10692,50,1,3,3,2,1,165,252,0
48,1,1,4,1,1,10695,46,0,3,2,3,1,171,220,0
43,1,1,2,1,1,10696,59,0,2,1,2,0,263,360,0
53,1,1,4,1,1,10700,NA,NA,NA,NA,NA,1,0,0,NA
45,1,1,2,1,1,10701,84,0,1,2,2,0,379,448,0
48,1,1,4,1,1,10702,107,0,3,3,3,1,387,453,0
32,1,1,1,1,1,10703,43,0,3,1,1,0,222,270,0
44,1,1,1,1,1,10705,36,0,1,1,2,0,1006,860,0
58,1,1,1,1,1,10707,64,0,1,1,NA,0,51,0,0
56,1,1,3,1,1,10708,31,1,3,1,NA,1,21,0,0
53,0,1,3,1,1,10712,94,0,1,2,1,1,334,455,0
44,0,1,1,1,1,10713,84,0,1,1,2,0,400,413,0
49,0,1,1,1,1,10714,48,0,1,1,1,0,221,294,0
50,1,1,2,1,1,10715,83,0,1,2,3,0,348,365,0
41,1,1,2,1,1,10719,61,0,1,2,NA,0,57,0,0
51,1,1,3,1,1,10721,81,0,2,2,2,1,313,314,0
37,1,1,2,1,1,10722,48,0,1,1,2,0,223,327,0
50,1,1,2,1,1,10725,57,0,2,2,2,0,251,284,0
46,0,1,2,1,1,10727,53,0,1,2,3,0,241,389,0
54,1,1,2,1,1,10728,157,0,1,2,3,0,932,811,0
49,1,1,4,1,1,10730,56,0,3,2,2,1,598,570,0
49,1,1,1,1,1,10731,48,0,1,2,3,0,1388,1302,0
43,0,1,2,1,1,10732,55,0,1,2,3,0,604,534,0
51,1,1,4,1,1,10733,NA,NA,NA,NA,NA,1,0,0,NA
51,1,1,4,1,1,10735,87,0,3,3,3,1,299,396,0
41,1,1,1,1,1,10736,51,0,1,3,3,0,265,266,0
47,1,1,3,1,1,10737,91,0,2,2,3,1,783,799,0
44,1,1,1,1,1,10739,40,0,1,2,3,0,203,225,0
55,1,1,1,1,1,10740,150,0,1,1,3,0,803,775,0
54,1,1,1,1,1,10742,43,1,1,3,3,0,199,213,0
45,0,1,1,1,1,10743,42,0,1,2,2,0,202,212,0
48,1,1,3,1,1,10744,NA,NA,NA,NA,NA,1,0,0,NA
42,1,1,4,1,1,10745,41,0,5,3,3,1,173,219,0
49,1,1,3,1,1,10747,149,0,1,3,3,1,1277,1087,0
50,1,1,4,1,1,10748,51,1,3,1,1,1,177,213,0
61,1,1,3,1,1,10749,NA,NA,NA,NA,NA,1,0,0,NA
49,1,1,3,1,1,10750,106,0,2,2,2,1,427,456,0
36,1,1,1,1,1,10751,48,0,2,1,1,0,237,316,0
49,1,1,1,1,1,10753,103,0,1,1,1,0,1766,1460,0
39,1,1,3,1,1,10755,82,0,1,2,3,1,896,787,0
53,1,1,4,1,1,10756,112,0,3,1,1,1,643,586,0
51,0,1,1,1,1,10757,34,1,1,3,3,0,746,743,0
46,1,1,4,1,1,10758,69,0,2,1,1,1,250,226,0
58,0,1,1,1,1,10759,NA,NA,NA,NA,NA,0,0,0,NA
57,1,1,3,1,1,10760,52,1,2,2,2,1,469,432,0
33,1,1,4,1,1,10762,105,0,3,2,2,1,411,400,0
57,0,1,1,1,1,10763,74,0,2,1,NA,0,56,0,0
42,1,1,1,1,1,10764,117,0,4,2,2,0,623,565,0
54,1,1,2,1,1,10765,56,0,1,1,NA,0,117,0,0
61,0,1,2,1,1,10766,39,1,2,1,1,0,120,152,0
39,1,1,4,1,1,10767,50,0,3,2,3,1,213,300,0
43,1,1,4,1,1,10769,42,0,1,2,3,1,174,214,0
56,1,1,2,1,1,10770,81,0,1,1,1,0,323,376,0
59,1,1,4,1,1,10771,NA,NA,NA,NA,NA,1,0,0,NA
56,1,1,2,1,1,10772,69,1,1,1,3,0,686,656,0
47,0,1,4,1,1,10773,108,0,4,1,1,1,383,441,0
52,1,1,1,1,1,10774,42,1,1,1,1,0,190,195,0
49,0,1,2,1,1,10776,62,0,2,2,3,0,269,330,0
42,1,1,3,1,1,10779,80,0,2,2,2,1,344,433,0
38,1,1,4,1,1,10780,103,0,5,1,1,1,396,477,0
55,1,1,1,1,1,10781,61,1,1,2,2,0,845,833,0
33,0,1,2,1,1,10782,146,0,1,2,2,0,1060,932,0
52,0,1,4,1,1,10785,47,1,4,2,2,1,171,247,0
62,0,1,1,1,1,10786,28,1,1,1,NA,0,99,0,0
51,0,1,4,1,1,10787,403,0,5,1,1,1,122,197,0
54,1,1,2,1,1,10788,50,1,1,2,1,0,206,226,0
41,1,1,1,1,1,10789,83,0,2,2,2,0,414,442,0
44,1,1,2,1,1,10790,104,0,1,1,3,0,456,420,0
51,1,1,2,1,1,10792,41,1,1,1,1,0,180,290,0
46,1,1,2,1,1,10793,75,0,1,2,3,0,348,329,0
44,1,1,3,1,1,10794,78,0,2,1,1,1,328,446,0
47,1,1,4,1,1,10795,149,0,4,1,2,1,396,432,0
51,1,1,4,1,1,10796,54,0,5,1,1,1,197,241,0
43,1,1,1,1,1,10797,NA,NA,NA,NA,NA,0,0,0,NA
51,0,1,1,1,1,10798,91,0,1,3,3,0,938,808,0
47,0,1,1,1,1,10799,66,0,1,2,2,0,1084,942,0
48,0,1,4,1,1,10800,49,0,3,2,1,1,178,259,0
54,1,1,1,1,1,10801,46,1,1,1,1,0,196,265,0
59,1,1,1,1,1,10802,46,1,1,1,3,0,178,214,0
46,1,1,3,1,1,10807,65,0,2,3,3,1,263,275,0
43,0,1,4,1,1,10808,40,0,3,1,2,1,149,213,0
52,1,1,4,1,1,10809,218,0,3,2,2,1,522,480,0
51,1,1,2,1,1,10811,43,1,1,2,2,0,184,224,0
56,1,1,3,1,1,10812,23,1,2,1,1,1,80,196,0
43,1,1,1,1,1,10815,71,0,1,1,3,0,344,308,0
56,1,1,4,1,1,10816,NA,NA,NA,NA,NA,1,0,0,NA
54,1,1,2,1,1,10817,100,0,3,2,2,0,399,415,0
45,0,1,3,1,1,10818,30,0,2,1,NA,1,22,0,0
56,1,1,2,1,1,10820,165,0,1,3,3,0,774,671,0
53,1,1,2,1,1,10821,27,1,1,1,1,0,110,227,0
41,1,1,1,1,1,10822,40,0,1,2,3,0,205,185,0
43,1,1,4,1,1,10823,103,0,3,1,1,1,389,473,0
40,1,1,4,1,1,10825,74,0,3,3,3,1,289,304,0
61,1,1,2,1,1,10826,105,0,1,2,2,0,353,397,0
47,1,1,3,1,1,10828,87,0,1,3,3,1,351,393,0
56,1,1,4,1,1,10829,55,1,3,2,2,1,174,195,0
58,1,1,1,1,1,10830,60,0,3,2,NA,0,50,0,0
50,0,1,3,1,1,10831,78,0,3,1,NA,1,56,0,0
48,1,1,1,1,1,10832,86,0,1,1,2,0,394,414,0
55,1,1,3,1,1,10837,63,1,1,1,1,1,215,356,0
49,1,1,4,1,1,10838,56,0,2,1,1,1,200,278,0
39,1,1,2,1,1,10840,58,0,1,3,3,0,910,771,0
52,1,1,3,1,1,10845,156,0,3,2,2,1,743,693,0
42,1,1,4,1,1,10846,31,0,5,1,3,1,750,720,0
42,1,1,4,1,1,10847,102,0,4,1,3,1,383,456,0
52,0,1,4,1,1,10849,57,0,2,1,2,1,178,243,0
44,1,1,3,1,1,10851,44,0,2,1,1,1,180,281,0
46,1,1,3,1,1,10852,72,0,3,3,3,1,877,794,0
45,1,1,2,1,1,10854,83,0,1,1,3,0,358,532,0
39,1,1,3,1,1,10855,22,0,2,2,2,1,111,243,0
46,1,1,2,1,1,10857,111,0,1,1,1,0,471,419,0
34,1,1,1,1,1,10859,101,0,1,1,1,0,500,495,0
39,1,1,1,1,1,10860,NA,NA,NA,NA,NA,0,0,0,NA
47,1,1,3,1,1,10861,61,0,1,2,2,1,743,605,0
46,1,1,1,1,1,10863,87,0,1,2,2,0,421,434,0
50,1,1,3,1,1,10864,NA,NA,NA,NA,NA,1,0,0,NA
51,1,1,4,1,1,10865,49,1,3,1,2,1,168,177,0
55,1,1,3,1,1,10866,78,0,1,3,3,1,283,306,0
49,0,1,2,1,1,10868,NA,NA,NA,NA,NA,0,0,0,NA
54,1,1,2,1,1,10869,63,1,1,3,3,0,261,363,0
38,0,1,4,1,1,10871,100,0,1,1,2,1,369,431,0
54,1,1,1,1,1,10872,61,0,1,3,NA,0,56,0,0
40,1,1,3,1,1,10873,52,0,3,1,2,1,223,228,0
46,1,1,4,1,1,10874,54,0,3,1,1,1,203,257,0
50,1,1,1,1,1,10875,135,0,1,1,1,0,1387,1183,0
44,1,1,4,1,1,10876,62,0,2,1,2,1,230,253,0
57,1,1,1,1,1,10880,NA,NA,NA,NA,NA,0,0,0,NA
49,0,1,1,1,1,10881,80,0,1,3,3,0,376,388,0
52,1,1,1,1,1,10882,93,0,1,3,3,0,428,417,0
52,1,1,4,1,1,10883,34,1,3,1,2,1,115,219,0
46,0,1,2,1,1,10884,64,0,1,1,1,0,267,284,0
38,1,1,4,1,1,10886,46,0,3,1,NA,1,65,0,0
43,0,1,4,1,1,10887,70,0,4,1,1,1,247,240,0
46,0,1,4,1,1,10888,48,0,3,3,3,1,180,184,0
38,1,1,4,1,1,10893,45,0,3,2,1,1,185,316,0
50,1,1,3,1,1,10895,26,1,5,1,2,1,99,176,0
43,1,1,2,1,1,10896,63,0,1,3,3,0,289,282,0
35,0,1,2,1,1,10897,30,0,1,1,NA,0,26,0,0
50,1,1,1,1,1,10902,19,1,1,1,NA,0,12,0,0
33,1,1,3,1,1,10903,88,0,3,3,3,1,376,427,0
58,1,1,1,1,1,10904,83,0,1,3,3,0,792,684,0
63,1,1,1,1,1,10905,78,0,1,1,NA,0,53,0,0
40,1,1,4,1,1,10910,101,0,4,1,1,1,379,505,0
46,0,1,1,1,1,10911,67,0,1,1,1,0,314,354,0
44,0,1,1,1,1,10916,81,0,1,3,3,0,391,437,0
70,0,1,1,1,1,10917,93,1,1,2,2,0,238,339,0
54,1,1,4,1,1,10918,102,0,4,1,1,1,318,308,0
51,0,1,2,1,1,10920,96,0,2,2,2,0,390,382,0
41,1,1,3,1,1,10922,55,0,5,3,3,1,241,230,0
42,1,1,4,1,1,10923,74,0,4,1,3,1,288,395,0
NA,1,1,4,1,1,10924,60,0,3,2,2,1,241,248,0
42,1,1,2,1,1,10925,148,0,1,2,3,0,629,567,0
50,0,1,1,1,1,10926,122,0,3,3,3,0,651,580,0
48,1,1,4,1,1,10927,40,1,3,1,2,1,143,178,0
48,1,1,2,1,1,10928,60,0,1,3,3,0,275,295,0
52,1,1,3,1,1,10931,46,1,3,3,3,1,180,209,0
43,1,1,4,1,1,10933,43,0,3,1,1,1,168,263,0
45,1,1,1,1,1,10934,94,0,1,2,3,0,461,456,0
55,1,1,1,1,1,10935,707,0,1,2,3,0,297,340,0
54,1,1,3,1,1,10936,72,0,3,1,1,1,249,265,0
42,0,1,3,1,1,10939,76,0,3,1,2,1,301,321,0
43,1,1,1,1,1,10944,48,0,2,1,1,0,236,335,0
45,1,1,3,1,1,10945,NA,NA,NA,NA,NA,1,0,0,NA
35,1,1,1,1,1,10948,54,0,1,3,3,0,289,296,0
48,0,1,1,1,1,10950,71,0,1,3,3,0,332,400,0
46,1,1,4,1,1,10952,51,0,1,2,1,1,202,253,0
54,1,1,4,1,1,10954,40,1,4,2,2,1,144,252,0
55,1,1,4,1,1,10955,46,0,4,1,NA,1,53,0,0
59,1,1,1,1,1,10956,37,1,3,2,2,0,154,224,0
40,1,1,1,1,1,10957,40,0,1,3,3,0,996,886,0
43,1,1,1,1,1,10958,46,0,1,3,3,0,235,230,0
47,1,1,1,1,1,10959,90,0,1,2,1,0,419,413,0
57,1,1,2,1,1,10962,89,0,1,1,1,0,322,292,0
51,0,1,3,1,1,10963,158,0,3,3,2,1,600,540,0
46,1,1,2,1,1,10964,119,0,1,3,3,0,650,548,0
NA,1,1,3,1,1,10966,49,0,4,1,1,1,191,270,0
46,1,1,2,1,1,10967,72,0,1,1,1,0,324,302,0
41,0,1,1,1,1,10969,100,0,1,1,3,0,467,503,0
35,1,1,2,1,1,10970,39,0,1,1,2,0,186,209,0
54,1,1,1,1,1,10971,77,0,2,3,3,0,336,348,0
47,1,1,1,1,1,10973,38,1,2,3,3,0,204,249,0
55,0,1,4,1,1,10974,48,1,3,1,1,1,141,204,0
58,1,1,1,1,1,10975,118,0,1,1,1,0,662,590,0
63,1,1,3,1,1,10976,NA,NA,NA,NA,NA,1,0,0,NA
51,1,1,4,1,1,10977,80,0,4,1,NA,1,53,0,0
51,1,1,2,1,1,10978,146,0,2,1,2,0,471,551,0
46,0,1,3,1,1,10981,252,0,2,1,2,1,811,731,0
49,0,1,3,1,1,10983,24,1,2,1,1,1,94,199,0
53,1,1,4,1,1,10985,106,0,5,1,1,1,338,427,0
56,0,1,1,1,1,10986,55,1,1,2,3,0,554,513,0
51,1,1,4,1,1,10987,101,0,4,2,3,1,349,345,0
47,0,1,2,1,1,10988,82,0,1,1,2,0,337,438,0
44,1,1,2,1,1,10991,809,0,2,1,2,0,347,370,0
51,0,1,3,1,1,10994,67,0,3,2,3,1,244,289,0
46,1,1,2,1,1,10997,91,0,1,2,3,0,872,715,0
49,1,1,4,1,1,10998,31,1,3,1,2,1,110,212,0
38,1,1,4,1,1,11000,25,0,3,1,2,1,101,104,0
40,1,1,1,1,1,11001,44,0,1,1,2,0,235,258,0
37,1,1,3,1,1,11004,99,0,1,3,3,1,419,459,0
44,1,1,1,1,1,11005,57,0,1,2,2,0,934,852,0
46,0,1,2,1,1,11008,67,0,1,1,2,0,280,331,0
46,1,1,2,1,1,11009,100,0,1,3,3,0,450,458,0
41,1,1,3,1,1,11011,48,0,1,1,1,1,207,263,0
49,1,1,3,1,1,11012,31,0,4,1,NA,1,26,0,0
47,1,1,2,1,1,11013,28,1,1,1,3,0,131,137,0
46,0,1,4,1,1,11014,102,0,5,1,1,1,729,631,0
55,1,1,3,1,1,11015,NA,NA,NA,NA,NA,1,0,0,NA
45,1,1,1,1,1,11016,125,0,1,3,3,0,914,789,0
47,0,1,3,1,1,11018,30,1,3,1,1,1,114,218,0
NA,NA,1,3,1,1,11021,83,0,2,3,3,1,320,385,0
61,1,1,2,1,1,11022,30,1,1,1,NA,0,20,0,0
55,0,1,2,1,1,11025,90,0,2,1,2,0,329,346,0
NA,NA,1,4,1,1,11026,49,1,1,1,2,1,184,189,0
53,0,1,1,1,1,11029,23,1,2,1,2,0,101,135,0
49,0,1,2,1,1,11030,55,0,1,2,2,0,1255,1022,0
45,1,1,1,1,1,11034,56,0,1,3,3,0,285,295,0
48,1,1,4,1,1,11035,53,0,1,1,1,1,194,287,0
58,0,1,4,1,1,11036,NA,NA,NA,NA,NA,1,0,0,NA
36,1,1,3,1,1,11037,22,0,1,2,3,1,114,196,0
55,1,1,4,1,1,11038,111,0,4,1,1,1,339,331,0
44,0,1,1,1,1,11039,40,0,1,1,1,0,182,297,0
47,1,1,3,1,1,11041,73,0,1,3,3,1,1320,1176,0
53,1,1,1,1,1,11042,51,1,2,1,1,0,216,217,0
38,1,1,4,1,1,11044,40,0,1,1,2,1,160,229,0
47,1,1,4,1,1,11045,32,1,3,1,1,1,120,159,0
50,1,1,4,1,1,11046,34,0,4,1,NA,1,24,0,0
46,1,1,2,1,1,11050,48,0,2,2,2,0,239,238,0
45,1,1,2,1,1,11051,100,0,1,2,2,0,455,428,0
48,1,1,2,1,1,11055,77,0,1,1,1,0,325,373,0
51,1,1,2,1,1,11056,53,0,1,2,2,0,634,664,0
40,1,1,1,1,1,11060,102,0,1,3,3,0,1364,1183,0
41,1,1,2,1,1,11061,62,0,2,1,2,0,571,537,0
57,1,1,4,1,1,11062,34,1,3,1,2,1,108,204,0
62,1,1,1,1,1,11064,85,1,1,2,2,0,318,404,0
45,1,1,1,1,1,11065,48,0,1,1,1,0,228,268,0
44,1,1,1,1,1,11067,52,0,1,1,1,0,255,319,0
49,1,1,2,1,1,11068,77,0,1,3,3,0,849,845,0
50,1,1,3,1,1,11069,48,1,1,3,3,1,199,189,0
46,1,1,4,1,1,11072,59,0,4,1,3,1,416,442,0
48,1,1,2,1,1,11073,110,0,2,2,2,0,540,566,0
44,1,1,3,1,1,11074,52,0,4,1,1,1,219,273,0
50,0,1,4,1,1,11076,77,0,5,2,2,1,509,521,0
46,1,1,2,1,1,11082,41,0,1,2,3,0,190,263,0
41,0,1,2,1,1,11083,27,0,1,1,2,0,882,819,0
43,1,1,3,1,1,11084,68,0,2,3,3,1,844,796,0
37,0,1,3,1,1,11085,103,0,4,1,1,1,416,426,0
49,1,1,3,1,1,11086,NA,NA,NA,NA,NA,1,0,0,NA
45,0,1,2,1,1,11088,91,0,1,2,3,0,412,524,0
54,1,1,3,1,1,11089,306,0,4,1,NA,1,21,0,0
47,0,1,2,1,1,11090,94,0,1,1,NA,0,124,0,0
46,1,1,3,1,1,11091,61,0,3,3,3,1,254,258,0
51,1,1,1,1,1,11092,24,1,1,2,2,0,129,184,0
54,1,1,1,1,1,11095,143,0,2,2,2,0,1055,902,0
43,1,1,1,1,1,11098,68,0,1,2,2,0,592,581,0
NA,1,1,1,1,1,11100,57,0,3,1,1,0,223,328,0
54,1,1,4,1,1,11101,89,0,3,1,2,1,357,407,0
57,1,1,3,1,1,11103,40,0,2,1,NA,1,26,0,0
57,0,1,2,1,1,11105,87,0,1,2,2,0,312,393,0
41,1,1,3,1,1,11106,77,0,1,1,1,1,319,365,0
53,1,1,2,1,1,11107,42,1,2,2,3,0,184,296,0
54,1,1,2,1,1,11108,106,0,1,3,3,0,419,369,0
58,1,1,2,1,1,11109,83,0,3,1,NA,0,58,0,0
41,1,1,4,1,1,11110,82,0,3,2,3,1,318,320,0
52,1,1,2,1,1,11111,81,0,1,3,3,0,339,394,0
46,1,1,3,1,1,11114,87,0,1,3,3,1,355,360,0
47,1,1,4,1,1,11115,37,1,2,1,1,1,145,275,0
50,1,1,2,1,1,11116,85,0,1,3,3,0,368,420,0
49,1,1,4,1,1,11117,102,0,5,1,1,1,350,419,0
37,1,1,3,1,1,11118,48,0,1,1,1,1,214,227,0
49,1,1,4,1,1,11119,54,0,1,1,3,1,192,210,0
39,1,1,4,1,1,11120,65,0,3,1,1,1,577,564,0
40,1,1,1,1,1,11123,52,0,1,2,2,0,263,286,0
55,1,1,1,1,1,11125,106,0,1,1,3,0,432,393,0
46,1,1,1,1,1,11126,135,0,1,3,3,0,946,905,0
33,1,1,1,1,1,11128,51,0,2,3,3,0,265,381,0
46,0,1,3,1,1,11129,23,1,1,1,1,1,91,191,0
52,1,1,4,1,1,11131,56,1,4,1,2,1,180,290,0
43,0,1,2,1,1,11132,NA,NA,NA,NA,NA,0,0,0,NA
36,1,1,1,1,1,11134,49,0,1,2,2,0,1000,867,0
50,1,1,1,1,1,11135,70,0,3,2,3,0,901,834,0
43,0,1,2,1,1,11139,59,0,1,1,2,0,247,289,0
NA,0,1,3,1,1,11140,70,0,2,3,3,1,266,308,0
42,0,1,2,1,1,11142,36,0,1,1,2,0,154,220,0
50,1,1,2,1,1,11145,157,0,3,3,3,0,933,826,0
49,0,1,1,1,1,11147,203,0,1,1,1,0,616,534,0
53,0,1,3,1,1,11148,96,0,4,2,3,1,342,366,0
53,1,1,2,1,1,11150,77,0,1,1,2,0,456,524,0
46,1,1,1,1,1,11151,46,0,1,1,2,0,222,223,0
45,1,1,3,1,1,11152,NA,NA,NA,NA,NA,1,0,0,NA
50,0,1,1,1,1,11153,41,1,1,1,1,0,177,201,0
55,1,1,2,1,1,11156,NA,NA,NA,NA,NA,0,0,0,NA
53,1,1,3,1,1,11158,NA,NA,NA,NA,NA,1,0,0,NA
42,1,1,4,1,1,11160,37,0,1,1,1,1,143,290,0
38,1,1,3,1,1,11162,56,0,3,2,3,1,245,256,0
62,1,1,1,1,1,11163,90,0,2,1,2,0,312,400,0
53,1,1,1,1,1,11164,NA,NA,NA,NA,NA,0,0,0,NA
34,1,1,2,1,1,11167,67,0,1,2,2,0,318,381,0
49,1,1,4,1,1,11170,31,0,3,1,NA,1,23,0,0
42,1,1,3,1,1,11171,104,0,2,2,2,1,432,549,0
41,1,1,3,1,1,11173,32,0,3,3,2,1,153,183,0
44,1,1,2,1,1,11174,103,0,2,1,1,0,450,408,0
44,1,1,4,1,1,11175,105,0,5,1,1,1,389,385,0
56,1,1,2,1,1,11177,77,0,1,1,1,0,827,699,0
50,1,1,1,1,1,11181,25,1,2,3,3,0,126,315,0
35,1,1,3,1,1,11185,51,0,2,3,3,1,219,248,0
50,1,1,3,1,1,11186,115,0,3,1,1,1,482,455,0
40,1,1,2,1,1,11187,105,0,1,1,1,0,464,481,0
47,0,1,1,1,1,11189,37,1,1,2,3,0,175,217,0
46,1,1,4,1,1,11190,91,0,5,1,2,1,337,454,0
46,1,1,4,1,1,11191,52,0,3,1,1,1,190,294,0
49,1,1,2,1,1,11192,98,0,1,2,2,0,414,415,0
48,1,1,2,1,1,11193,NA,NA,NA,NA,NA,0,0,0,NA
56,1,1,1,1,1,11194,24,1,1,3,3,0,123,303,0
NA,NA,1,3,1,1,11196,40,0,2,1,1,1,170,324,0
38,1,1,1,1,1,11199,99,0,1,3,3,0,498,457,0
47,0,1,1,1,1,11200,NA,NA,NA,NA,NA,0,0,0,NA
44,1,1,1,1,1,11201,100,0,2,2,3,0,492,422,0
NA,NA,1,4,1,1,11203,46,1,1,1,2,1,182,218,0
37,1,1,3,1,1,11206,24,0,2,2,3,1,115,258,0
46,1,1,3,1,1,11207,144,0,3,3,3,1,849,828,0
42,0,1,2,1,1,11209,32,0,1,1,2,0,138,162,0
59,1,1,4,1,1,11210,27,1,3,1,1,1,81,204,0
42,1,1,3,1,1,11211,45,0,2,1,1,1,188,251,0
55,1,1,3,1,1,11215,52,0,3,1,NA,1,35,0,0
42,1,1,3,1,1,11219,44,0,5,1,3,1,182,246,0
46,1,1,2,1,1,11221,79,0,1,3,3,0,357,359,0
34,0,1,1,1,1,11222,111,0,1,1,1,0,828,849,0
49,1,1,3,1,1,11223,805,0,2,3,3,1,311,284,0
42,0,1,2,1,1,11225,62,0,3,1,1,0,271,312,0
52,1,1,1,1,1,11228,51,1,1,3,3,0,231,293,0
48,1,1,2,1,1,11229,89,0,1,2,3,0,384,371,0
56,1,1,1,1,1,11231,75,0,1,2,2,0,913,817,0
47,1,1,2,1,1,11232,40,1,1,1,1,0,178,245,0
35,1,1,3,1,1,11233,55,0,2,1,1,1,236,373,0
40,1,1,3,1,1,11234,46,0,2,1,NA,1,39,0,0
49,0,1,3,1,1,11235,120,0,2,1,1,1,877,780,0
45,1,1,4,1,1,11239,65,0,1,2,2,1,255,279,0
55,1,1,2,1,1,11241,82,0,1,2,3,0,767,701,0
45,1,1,4,1,1,11246,97,0,2,1,1,1,359,337,0
40,1,1,4,1,1,11247,102,0,3,1,1,1,384,441,0
39,1,1,4,1,1,11248,40,0,4,1,1,1,161,187,0
56,1,1,2,1,1,11250,NA,NA,NA,NA,NA,0,0,0,NA
54,0,1,1,1,1,11251,93,0,1,2,3,0,395,409,0
49,1,1,2,1,1,11254,78,0,1,2,1,0,344,352,0
41,1,1,3,1,1,11257,50,0,4,1,2,1,216,223,0
47,1,1,2,1,1,11260,17,0,1,1,NA,0,16,0,0
44,1,1,1,1,1,11261,103,0,2,3,3,0,499,463,0
49,1,1,1,1,1,11263,60,0,1,2,3,0,283,319,0
43,1,1,1,1,1,11264,42,0,1,2,3,0,225,250,0
56,1,1,4,1,1,11271,NA,NA,NA,NA,NA,1,0,0,NA
46,1,1,3,1,1,11275,51,0,2,1,1,1,216,208,0
47,0,1,2,1,1,11277,104,0,1,2,2,0,486,510,0
40,1,1,1,1,1,11278,102,0,1,2,3,0,517,455,0
39,1,1,2,1,1,11280,100,0,1,3,3,0,462,455,0
41,1,1,1,1,1,11281,106,0,1,2,2,0,1065,923,0
45,1,1,1,1,1,11286,NA,NA,NA,NA,NA,0,0,0,NA
47,1,1,1,1,1,11288,41,0,1,1,1,0,195,223,0
57,1,1,4,1,1,11289,55,1,2,2,2,1,169,323,0
NA,NA,1,2,1,1,11290,NA,NA,NA,NA,NA,0,0,0,NA
46,1,1,1,1,1,11293,70,0,2,1,3,0,327,307,0
43,1,1,3,1,1,11294,111,0,1,2,3,1,459,492,0
51,0,1,2,1,1,11295,68,0,1,1,1,0,269,318,0
51,0,1,4,1,1,11296,55,0,3,1,1,1,182,363,0
55,1,1,3,1,1,11297,33,1,3,1,NA,1,23,0,0
48,1,1,4,1,1,11300,88,0,5,2,3,1,318,301,0
57,1,1,1,1,1,11303,NA,NA,NA,NA,NA,0,0,0,NA
35,1,1,1,1,1,11305,41,0,1,2,1,0,217,243,0
42,1,1,3,1,1,11306,52,0,3,1,1,1,213,238,0
51,0,1,4,1,1,11307,87,0,4,2,3,1,296,369,0
44,1,1,4,1,1,11309,102,0,3,1,1,1,373,351,0
45,1,1,2,1,1,11311,47,0,1,2,2,0,217,254,0
51,1,1,1,1,1,11312,112,0,1,3,3,0,1140,990,0
62,1,1,4,1,1,11314,60,1,3,2,3,1,155,180,0
46,1,1,3,1,1,11315,89,0,1,3,3,1,361,399,0
47,1,1,3,1,1,11317,106,0,4,2,2,1,423,426,0
46,1,1,4,1,1,11318,33,1,5,1,1,1,123,212,0
50,1,1,3,1,1,11319,73,0,3,1,1,1,270,316,0
51,1,1,1,1,1,11320,41,1,1,2,2,0,200,226,0
53,1,1,2,1,1,11322,36,1,2,1,1,0,158,247,0
59,1,1,1,1,1,11323,75,1,2,2,3,0,762,702,0
49,1,1,2,1,1,11325,81,0,1,3,3,0,353,343,0
59,1,1,4,1,1,11327,56,0,4,1,NA,1,31,0,0
43,1,1,1,1,1,11328,41,0,1,1,1,0,200,230,0
40,1,1,1,1,1,11329,86,0,1,2,3,0,436,473,0
NA,1,1,2,1,1,11330,22,0,2,1,1,0,89,194,0
51,1,1,4,1,1,11331,108,0,4,3,3,1,379,438,0
NA,1,1,2,1,1,11332,83,0,1,2,3,0,335,391,0
52,1,1,1,1,1,11334,633,0,1,1,1,0,271,329,0
46,0,1,2,1,1,11335,52,0,1,3,3,0,883,805,0
64,1,1,3,1,1,11336,32,1,2,1,NA,1,17,0,0
42,0,1,1,1,1,11338,89,0,1,3,3,0,800,848,0
45,1,1,4,1,1,11340,71,0,4,1,1,1,262,307,0
48,1,1,1,1,1,11344,23,1,2,1,1,0,109,182,0
50,0,1,1,1,1,11345,36,1,1,3,3,0,172,257,0
45,1,1,2,1,1,11348,108,0,1,2,2,0,476,430,0
49,1,1,2,1,1,11349,NA,NA,NA,NA,NA,0,0,0,NA
44,1,1,4,1,1,11350,102,0,5,1,2,1,371,382,0
43,1,1,3,1,1,11355,43,0,4,2,1,1,191,236,0
50,1,1,2,1,1,11356,818,0,1,1,1,0,330,345,0
49,1,1,1,1,1,11357,61,0,1,1,NA,0,56,0,0
53,1,1,2,1,1,11358,77,0,2,3,3,0,320,353,0
47,1,1,1,1,1,11359,NA,NA,NA,NA,NA,0,0,0,NA
46,1,1,2,1,1,11360,125,0,1,3,3,0,579,630,0
40,1,1,3,1,1,11362,59,0,3,1,2,1,833,760,0
63,1,1,2,1,1,11363,49,1,1,1,NA,0,64,0,0
55,0,1,1,1,1,11367,36,0,1,2,NA,0,30,0,0
55,1,1,3,1,1,11371,86,0,2,3,3,1,314,307,0
59,1,1,3,1,1,11372,80,0,1,1,NA,1,98,0,0
60,1,1,3,1,1,11374,48,0,3,1,NA,1,71,0,0
54,1,1,4,1,1,11376,32,1,2,1,1,1,109,182,0
50,1,1,1,1,1,11378,104,0,3,1,1,0,473,497,0
46,1,1,3,1,1,11379,45,0,3,1,1,1,471,539,0
40,1,1,3,1,1,11381,54,0,3,1,2,1,228,348,0
61,1,1,1,1,1,11382,NA,NA,NA,NA,NA,0,0,0,NA
38,1,1,1,1,1,11383,21,0,1,1,1,0,103,202,0
47,1,1,4,1,1,11384,73,0,3,1,NA,1,65,0,0
51,1,1,1,1,1,11385,54,0,1,3,2,0,616,561,0
46,1,1,3,1,1,11386,89,0,1,3,3,1,363,357,0
54,1,1,4,1,1,11387,32,1,3,1,NA,1,20,0,0
51,0,1,1,1,1,11388,106,0,1,2,2,0,972,1017,0
42,1,1,1,1,1,11389,61,0,1,3,3,0,553,510,0
38,1,1,2,1,1,11390,49,0,3,2,2,0,239,272,0
46,0,1,1,1,1,11391,47,0,1,1,1,0,215,214,0
34,0,1,1,1,1,11392,87,0,2,1,1,0,428,490,0
50,1,1,4,1,1,11393,43,1,3,1,2,1,151,180,0
40,1,1,2,1,1,11394,186,0,1,1,1,0,899,860,0
31,1,1,2,1,1,11395,155,0,1,1,2,0,667,610,0
42,1,1,4,1,1,11397,108,0,2,3,3,1,413,453,0
55,1,1,4,1,1,11399,88,0,4,1,NA,1,54,0,0
44,0,1,4,1,1,11400,70,0,2,1,1,1,253,248,0
50,1,1,2,1,1,11401,102,0,3,2,3,0,428,443,0
53,1,1,3,1,1,11403,46,0,2,2,NA,1,35,0,0
45,0,1,3,1,1,11404,42,0,4,1,2,1,165,190,0
36,1,1,3,1,1,11405,87,0,2,1,1,1,366,338,0
43,0,1,1,1,1,11407,27,0,3,1,2,0,139,222,0
49,1,1,2,1,1,11408,54,0,1,2,3,0,996,831,0
44,1,1,2,1,1,11411,106,0,2,1,1,0,458,480,0
61,1,1,2,1,1,11412,68,1,3,1,2,0,236,363,0
53,1,1,2,1,1,11413,51,1,1,3,3,0,522,587,0
44,1,1,3,1,1,11414,45,0,2,1,1,1,196,337,0
45,1,1,1,1,1,11416,45,0,1,2,2,0,229,247,0
42,1,1,1,1,1,11418,62,0,1,1,1,0,306,311,0
55,1,1,3,1,1,11419,80,0,1,3,NA,1,57,0,0
55,0,1,4,1,1,11420,NA,NA,NA,NA,NA,1,0,0,NA
44,1,1,1,1,1,11423,52,0,2,3,3,0,255,309,0
53,1,1,3,1,1,11426,87,0,3,1,1,1,312,323,0
41,0,1,1,1,1,11427,56,0,4,1,1,0,264,292,0
42,1,1,4,1,1,11428,178,0,1,1,1,1,1296,1126,0
47,1,1,3,1,1,11429,51,0,4,3,2,1,216,229,0
41,1,1,2,1,1,11430,44,0,2,1,1,0,213,290,0
49,0,1,3,1,1,11431,83,0,1,1,2,1,328,335,0
57,1,1,4,1,1,11432,44,1,5,2,3,1,138,238,0
53,1,1,1,1,1,11433,93,0,1,2,3,0,412,403,0
57,1,1,1,1,1,11434,125,0,1,3,3,0,490,422,0
55,1,1,1,1,1,11435,77,0,4,1,NA,0,65,0,0
48,1,1,1,1,1,11436,78,0,1,2,2,0,364,416,0
39,1,1,4,1,1,11440,75,0,1,2,2,1,302,295,0
47,1,1,1,1,1,11443,84,0,1,2,3,0,405,423,0
40,1,1,3,1,1,11444,73,0,3,1,3,1,302,348,0
52,1,1,1,1,1,11445,103,0,1,2,3,0,457,549,0
41,0,1,2,1,1,11446,46,0,1,2,3,0,207,241,0
48,1,1,1,1,1,11448,64,0,1,3,3,0,746,694,0
55,0,1,3,1,1,11452,105,0,4,1,1,1,346,388,0
43,1,1,3,1,1,11454,54,0,3,2,3,1,227,295,0
39,1,1,4,1,1,11456,91,0,5,2,2,1,350,402,0
52,1,1,4,1,1,11457,59,0,3,1,1,1,195,233,0
47,1,1,3,1,1,11458,105,0,3,3,3,1,670,602,0
43,1,1,3,1,1,11460,48,0,3,1,1,1,195,274,0
44,1,1,4,1,1,11461,44,0,3,1,2,1,163,227,0
52,0,1,1,1,1,11462,54,1,1,1,1,0,222,329,0
40,1,1,3,1,1,11464,53,0,2,1,1,1,215,239,0
60,1,1,4,1,1,11465,NA,NA,NA,NA,NA,1,0,0,NA
43,1,1,1,1,1,11467,77,0,1,3,3,0,1861,1549,0
38,0,1,3,1,1,11468,88,0,1,1,1,1,359,322,0
51,1,1,3,1,1,11470,29,1,2,2,3,1,119,213,0
NA,0,1,3,1,1,11471,58,0,1,3,3,1,220,263,0
46,1,1,3,1,1,11476,38,0,1,2,3,1,163,309,0
54,1,1,4,1,1,11477,128,0,3,2,2,1,647,638,0
35,1,1,4,1,1,11478,103,0,3,1,1,1,389,412,0
53,1,1,3,1,1,11479,NA,NA,NA,NA,NA,1,0,0,NA
52,1,1,1,1,1,11480,51,1,1,1,1,0,228,235,0
50,1,1,3,1,1,11481,87,0,2,2,2,1,335,411,0
61,0,1,2,1,1,11482,89,0,1,1,1,0,279,297,0
43,0,1,2,1,1,11483,57,0,1,1,2,0,249,284,0
56,1,1,2,1,1,11484,159,0,3,3,3,0,1000,855,0
47,1,1,3,1,1,11488,46,0,1,3,3,1,197,227,0
54,0,1,4,1,1,11489,43,1,1,1,1,1,123,235,0
45,1,1,1,1,1,11490,53,0,3,1,1,0,254,329,0
52,1,1,3,1,1,11491,NA,NA,NA,NA,NA,1,0,0,NA
48,1,1,3,1,1,11492,80,0,2,3,3,1,321,336,0
42,1,1,2,1,1,11497,85,0,1,3,3,0,390,385,0
46,0,1,4,1,1,11498,52,0,1,3,3,1,196,238,0
51,1,1,4,1,1,11501,75,0,3,3,3,1,269,247,0
49,1,1,2,1,1,11503,105,0,1,1,2,0,442,546,0
50,1,1,4,1,1,11504,104,0,5,2,3,1,366,422,0
46,1,1,2,1,1,11505,40,0,1,2,2,0,188,215,0
47,1,1,1,1,1,11507,45,0,1,1,2,0,987,848,0
58,1,1,3,1,1,11508,56,1,3,1,1,1,180,316,0
47,1,1,2,1,1,11509,79,0,1,1,2,0,355,357,0
49,1,1,3,1,1,11510,46,1,2,2,2,1,190,239,0
47,1,1,3,1,1,11511,86,0,5,2,3,1,345,389,0
50,0,1,1,1,1,11514,67,0,1,1,1,0,928,817,0
51,1,1,4,1,1,11515,95,0,2,2,3,1,323,308,0
47,1,1,2,1,1,11517,95,0,2,1,3,0,405,370,0
54,1,1,1,1,1,11518,118,0,1,2,2,0,488,468,0
54,1,1,3,1,1,11520,67,0,5,1,NA,1,47,0,0
39,1,1,1,1,1,11521,85,0,1,3,3,0,420,382,0
41,1,1,3,1,1,11522,207,0,2,3,2,1,487,463,0
45,1,1,1,1,1,11525,50,0,2,3,3,0,639,575,0
52,1,1,2,1,1,11526,43,1,1,2,2,0,189,238,0
45,1,1,2,1,1,11528,50,0,1,3,3,0,235,238,0
47,1,1,3,1,1,11530,51,0,3,1,2,1,198,301,0
60,1,1,2,1,1,11531,NA,NA,NA,NA,NA,0,0,0,NA
52,1,1,1,1,1,11532,49,1,1,2,2,0,232,279,0
48,0,1,3,1,1,11535,NA,NA,NA,NA,NA,1,0,0,NA
33,0,1,3,1,1,11536,51,0,2,1,1,1,202,227,0
37,0,1,3,1,1,11538,34,0,3,1,2,1,146,188,0
44,1,1,3,1,1,11539,104,0,2,1,1,1,419,412,0
43,1,1,1,1,1,11540,101,0,1,1,1,0,485,503,0
53,1,1,1,1,1,11541,76,0,3,1,1,0,327,295,0
54,1,1,4,1,1,11542,22,1,2,3,3,1,88,110,0
47,0,1,1,1,1,11543,91,0,1,3,3,0,415,410,0
59,1,1,2,1,1,11544,63,1,1,3,3,0,237,218,0
50,1,1,2,1,1,11546,100,0,1,1,NA,0,105,0,0
48,1,1,3,1,1,11547,134,0,1,3,3,1,531,501,0
53,1,1,1,1,1,11548,107,0,1,3,2,0,470,463,0
39,1,1,2,1,1,11554,64,0,1,3,3,0,299,353,0
40,1,1,1,1,1,11555,257,0,1,2,3,0,732,657,0
44,1,1,3,1,1,11556,88,0,1,3,3,1,360,430,0
52,1,1,2,1,1,11560,101,0,1,1,1,0,399,420,0
51,0,1,4,1,1,11562,83,0,5,1,1,1,274,408,0
43,1,1,1,1,1,11563,97,0,1,3,3,0,471,483,0
45,1,1,4,1,1,11567,NA,NA,NA,NA,NA,1,0,0,NA
49,0,1,4,1,1,11569,103,0,3,1,1,1,574,551,0
46,1,1,4,1,1,11570,101,0,4,1,1,1,361,425,0
46,0,1,4,1,1,11571,45,0,4,1,2,1,151,252,0
37,1,1,4,1,1,11574,43,0,4,1,2,1,172,222,0
42,1,1,2,1,1,11576,33,0,1,3,3,0,896,741,0
57,1,1,4,1,1,11577,50,1,1,1,1,1,146,190,0
55,1,1,1,1,1,11578,22,1,1,1,2,0,94,253,0
54,1,1,4,1,1,11579,53,1,3,1,1,1,170,173,0
52,1,1,1,1,1,11581,190,0,1,3,2,0,1395,1198,0
45,1,1,1,1,1,11583,40,0,1,3,3,0,846,777,0
57,1,1,1,1,1,11585,526,0,1,2,3,0,215,375,0
49,1,1,1,1,1,11587,58,0,1,2,3,0,909,954,0
44,1,1,3,1,1,11588,26,1,5,1,1,1,110,185,0
53,1,1,1,1,1,11589,110,0,1,3,2,0,931,863,0
51,1,1,1,1,1,11592,NA,NA,NA,NA,NA,0,0,0,NA
41,0,1,3,1,1,11594,406,0,4,3,3,1,164,200,0
48,1,1,2,1,1,11595,58,0,1,3,2,0,259,306,0
51,1,1,2,1,1,11596,83,0,1,2,3,0,345,325,0
63,1,1,4,1,1,11597,75,0,1,1,NA,1,35,0,0
51,1,1,3,1,1,11599,113,0,2,1,1,1,413,475,0
45,0,1,2,1,1,11600,194,0,1,3,3,0,893,780,0
42,0,1,1,1,1,11601,46,0,1,1,1,0,222,319,0
48,1,1,2,1,1,11603,59,0,1,2,2,0,265,494,0
54,1,1,3,1,1,11605,65,0,3,1,1,1,719,737,0
54,0,1,4,1,1,11611,13,1,2,1,1,1,35,130,0
45,1,1,3,1,1,11613,51,0,4,2,2,1,223,241,0
42,1,1,3,1,1,11615,90,0,3,1,1,1,372,372,0
42,1,1,4,1,1,11616,106,0,4,1,3,1,396,403,0
44,0,1,4,1,1,11617,47,0,3,2,2,1,187,262,0
46,1,1,1,1,1,11618,NA,NA,NA,NA,NA,0,0,0,NA
53,0,1,4,1,1,11619,NA,NA,NA,NA,NA,1,0,0,NA
65,1,1,4,1,1,11620,59,1,3,1,1,1,130,168,0
47,1,1,3,1,1,11621,54,0,1,3,3,1,231,231,0
50,1,1,2,1,1,11626,143,0,1,1,1,0,837,805,0
49,1,1,4,1,1,11627,32,1,1,3,3,1,132,224,0
41,1,1,1,1,1,11628,44,0,1,1,2,0,221,318,0
53,0,1,3,1,1,11630,82,0,1,1,NA,1,57,0,0
42,1,1,3,1,1,11631,81,0,1,3,3,1,1323,1190,0
53,0,1,1,1,1,11632,52,1,2,2,1,0,226,338,0
47,1,1,1,1,1,11633,NA,NA,NA,NA,NA,0,0,0,NA
NA,NA,1,1,1,1,11634,60,0,1,2,2,0,470,398,0
52,1,1,1,1,1,11635,108,0,1,3,2,0,999,907,0
NA,1,1,4,1,1,11638,51,0,3,3,3,1,204,245,0
43,0,1,1,1,1,11639,57,0,1,3,3,0,1739,1435,0
53,1,1,3,1,1,11640,60,0,2,1,1,1,223,241,0
49,1,1,2,1,1,11641,81,0,1,3,3,0,347,389,0
47,1,1,1,1,1,11642,43,0,1,1,1,0,235,309,0
46,1,1,3,1,1,11643,39,0,2,2,2,1,173,195,0
53,1,1,2,1,1,11645,186,0,1,1,3,0,571,587,0
52,0,1,3,1,1,11646,503,0,3,1,NA,1,34,0,0
59,1,1,2,1,1,11648,96,0,1,3,3,0,630,569,0
42,1,1,1,1,1,11649,154,0,2,2,3,0,773,658,0
41,1,1,4,1,1,11650,52,0,2,2,3,1,209,245,0
39,1,1,4,1,1,11651,70,0,3,1,1,1,265,385,0
43,1,1,3,1,1,11652,76,0,3,3,3,1,324,400,0
43,1,1,4,1,1,11656,41,0,2,3,3,1,175,261,0
50,0,1,4,1,1,11659,61,0,4,1,1,1,205,286,0
63,0,1,4,1,1,11660,33,1,3,1,NA,1,14,0,0
47,1,1,4,1,1,11663,NA,NA,NA,NA,NA,1,0,0,NA
56,1,1,1,1,1,11664,68,1,1,3,2,0,292,320,0
44,1,1,1,1,1,11665,69,0,1,3,3,0,887,864,0
42,0,1,2,1,1,11666,67,0,1,2,3,0,302,332,0
53,1,1,1,1,1,11667,94,0,1,1,1,0,404,484,0
40,0,1,2,1,1,11668,84,0,1,3,3,0,379,445,0
53,1,1,3,1,1,11670,51,1,3,1,1,1,187,198,0
41,1,1,3,1,1,11673,102,0,1,3,3,1,425,404,0
42,1,1,2,1,1,11674,59,0,1,1,1,0,509,518,0
45,1,1,3,1,1,11675,NA,NA,NA,NA,NA,1,0,0,NA
47,0,1,1,1,1,11676,80,0,1,1,1,0,368,339,0
46,1,1,1,1,1,11677,75,0,1,1,NA,0,71,0,0
43,1,1,2,1,1,11679,166,0,1,2,2,0,726,651,0
50,1,1,4,1,1,11680,31,1,4,1,2,1,116,194,0
39,1,1,4,1,1,11683,62,0,4,1,1,1,243,276,0
49,0,1,2,1,1,11684,NA,NA,NA,NA,NA,0,0,0,NA
NA,1,1,2,1,1,11685,67,0,1,1,2,0,260,375,0
47,0,1,4,1,1,11686,45,0,4,1,2,1,163,280,0
NA,1,1,2,1,1,11687,41,0,1,3,3,0,166,222,0
43,0,1,3,1,1,11692,63,0,1,3,3,1,264,353,0
47,0,1,2,1,1,11693,87,0,1,2,3,0,370,454,0
49,1,1,2,1,1,11695,88,0,1,2,2,0,379,457,0
49,1,1,2,1,1,11696,50,0,1,2,3,0,1179,1042,0
47,1,1,1,1,1,11698,44,0,4,2,2,0,219,253,0
46,1,1,3,1,1,11699,26,1,2,2,2,1,114,200,0
51,0,1,1,1,1,11700,33,1,1,1,2,0,139,163,0
55,0,1,3,1,1,11701,82,0,1,2,3,1,285,358,0
43,1,1,4,1,1,11702,NA,NA,NA,NA,NA,1,0,0,NA
49,0,1,4,1,1,11703,208,0,5,1,2,1,684,671,0
48,1,1,2,1,1,11705,91,0,1,2,3,0,845,784,0
54,1,1,1,1,1,11708,100,0,1,1,1,0,428,459,0
44,1,1,1,1,1,11709,90,0,1,3,3,0,443,459,0
37,1,1,2,1,1,11710,44,0,1,3,3,0,210,252,0
49,1,1,1,1,1,11713,80,0,1,1,2,0,1222,1075,0
51,0,1,1,1,1,11715,86,0,1,2,1,0,387,394,0
60,0,1,2,1,1,11716,33,1,3,3,NA,0,22,0,0
59,0,1,3,1,1,11717,NA,NA,NA,NA,NA,1,0,0,NA
50,1,1,2,1,1,11719,51,0,1,2,2,0,221,256,0
37,1,1,4,1,1,11720,73,0,1,3,3,1,448,549,0
47,1,1,4,1,1,11721,32,1,3,1,1,1,119,261,0
55,1,1,1,1,1,11722,61,1,1,2,2,0,261,332,0
48,1,1,3,1,1,11723,43,0,2,1,NA,1,33,0,0
49,1,1,2,1,1,11724,103,0,1,1,2,0,429,437,0
NA,1,1,1,1,1,11725,28,1,1,3,3,0,118,205,0
34,1,1,3,1,1,11726,135,0,1,3,3,1,597,674,0
56,1,1,3,1,1,11730,104,0,1,1,1,1,358,379,0
52,1,1,2,1,1,11732,123,0,1,3,3,0,675,641,0
48,1,1,1,1,1,11733,242,0,1,3,2,0,527,532,0
43,1,1,1,1,1,11736,79,0,1,3,3,0,384,361,0
48,1,1,3,1,1,11737,36,0,1,1,NA,1,31,0,0
48,1,1,3,1,1,11738,57,0,1,3,3,1,653,679,0
59,1,1,3,1,1,11740,65,1,3,1,1,1,200,240,0
40,0,1,4,1,1,11741,43,0,1,1,1,1,157,289,0
59,1,1,3,1,1,11742,39,1,2,1,1,1,128,279,0
44,0,1,2,1,1,11743,51,0,1,2,2,0,891,808,0
52,0,1,3,1,1,11747,58,0,2,3,3,1,220,388,0
47,0,1,1,1,1,11749,21,1,2,1,1,0,108,133,0
48,1,1,3,1,1,11752,98,0,3,3,3,1,385,391,0
55,1,1,1,1,1,11753,53,0,3,1,NA,0,45,0,0
50,1,1,3,1,1,11755,42,1,3,1,1,1,464,481,0
54,0,1,3,1,1,11756,39,1,1,3,3,1,142,212,0
41,1,1,4,1,1,11757,45,0,2,1,1,1,172,259,0
55,0,1,3,1,1,11759,52,1,3,1,1,1,174,182,0
48,1,1,2,1,1,11761,39,0,1,1,NA,0,162,0,0
57,1,1,1,1,1,11763,57,1,1,2,3,0,255,398,0
44,1,1,1,1,1,11764,91,0,1,3,3,0,443,463,0
37,0,1,3,1,1,11766,61,0,2,1,1,1,248,250,0
53,1,1,2,1,1,11770,NA,NA,NA,NA,NA,0,0,0,NA
55,1,1,2,1,1,11771,51,1,2,2,2,0,218,252,0
53,1,1,1,1,1,11772,63,0,1,3,3,0,511,466,0
NA,0,1,1,1,1,11777,34,1,1,3,3,0,137,209,0
48,1,1,3,1,1,11783,46,0,3,2,2,1,791,761,0
39,1,1,3,1,1,11784,38,0,2,1,1,1,178,216,0
48,1,1,3,1,1,11785,195,0,1,3,3,1,729,685,0
NA,NA,1,1,1,1,11787,129,0,1,2,3,0,777,749,0
62,1,1,4,1,1,11788,31,1,4,1,NA,1,16,0,0
48,1,1,1,1,1,11791,95,0,1,2,3,0,441,480,0
42,1,1,2,1,1,11794,100,0,1,2,3,0,459,451,0
47,0,1,4,1,1,11796,66,0,2,1,2,1,230,297,0
60,1,1,2,1,1,11797,23,1,1,2,2,0,92,172,0
44,1,1,1,1,1,11799,90,0,1,2,2,0,443,488,0
41,1,1,3,1,1,11802,95,0,1,1,1,1,396,409,0
45,1,1,3,1,1,11803,107,0,1,3,3,1,431,492,0
48,0,1,1,1,1,11804,77,0,1,2,2,0,786,720,0
33,1,1,3,1,1,11805,43,0,3,2,3,1,199,284,0
47,1,1,2,1,1,11807,53,0,1,2,3,0,239,250,0
44,0,1,3,1,1,11808,42,0,3,1,1,1,169,258,0
41,1,1,2,1,1,11812,89,0,1,2,3,0,419,379,0
49,0,1,3,1,1,11813,121,0,4,3,3,1,815,728,0
47,1,1,1,1,1,11814,52,0,1,3,3,0,920,847,0
51,1,1,4,1,1,11815,85,0,4,1,3,1,289,321,0
34,1,1,2,1,1,11816,101,0,1,2,3,0,468,538,0
57,1,1,1,1,1,11819,91,0,1,2,2,0,376,408,0
45,1,1,1,1,1,11820,91,0,1,2,3,0,443,405,0
43,1,1,2,1,1,11821,58,0,3,2,2,0,269,334,0
62,1,1,3,1,1,11822,NA,NA,NA,NA,NA,1,0,0,NA
52,1,1,3,1,1,11823,42,1,4,3,3,1,168,190,0
46,0,1,1,1,1,11824,55,0,2,2,2,0,255,302,0
45,1,1,3,1,1,11825,32,0,2,1,1,1,138,278,0
38,1,1,1,1,1,11826,41,0,2,1,1,0,198,249,0
39,0,1,1,1,1,11828,42,0,2,1,1,0,208,271,0
52,1,1,2,1,1,11830,98,0,1,2,2,0,402,425,0
54,1,1,2,1,1,11833,88,0,1,3,3,0,349,394,0
39,0,1,4,1,1,11835,43,0,2,2,3,1,169,225,0
41,1,1,1,1,1,11837,79,0,1,3,2,0,388,459,0
51,1,1,1,1,1,11838,NA,NA,NA,NA,NA,0,0,0,NA
42,1,1,2,1,1,11839,57,0,1,1,1,0,582,596,0
41,1,1,1,1,1,11842,125,0,1,2,3,0,715,635,0
43,1,1,2,1,1,11845,72,0,2,2,3,0,333,443,0
56,1,1,3,1,1,11848,85,0,3,2,2,1,289,275,0
49,1,1,3,1,1,11849,57,0,2,2,2,1,227,225,0
45,1,1,1,1,1,11850,89,0,1,2,3,0,428,456,0
55,1,1,2,1,1,11853,44,0,1,1,NA,0,110,0,0
NA,NA,1,2,1,1,11855,47,1,2,1,1,0,182,285,0
44,1,1,2,1,1,11856,95,0,1,3,3,0,426,451,0
55,1,1,4,1,1,11857,NA,NA,NA,NA,NA,1,0,0,NA
47,1,1,4,1,1,11859,26,1,3,2,3,1,110,167,0
50,1,1,2,1,1,11860,50,0,1,1,NA,0,42,0,0
49,1,1,1,1,1,11861,51,0,1,3,2,0,252,301,0
49,1,1,1,1,1,11866,120,0,1,3,3,0,529,530,0
50,0,1,4,1,1,11867,39,0,2,1,NA,1,26,0,0
48,1,1,2,1,1,11871,68,0,1,2,NA,0,59,0,0
58,1,1,1,1,1,11873,NA,NA,NA,NA,NA,0,0,0,NA
NA,1,1,3,1,1,11874,34,0,3,1,2,1,133,166,0
42,1,1,1,1,1,11875,100,0,1,1,1,0,488,459,0
49,1,1,4,1,1,11877,16,1,4,1,1,1,70,104,0
63,1,1,4,1,1,11878,20,1,2,3,3,1,61,171,0
45,1,1,2,1,1,11879,143,0,1,1,2,0,844,752,0
56,1,1,3,1,1,11880,83,0,2,1,1,1,290,276,0
56,0,1,1,1,1,11883,65,1,1,1,1,0,259,252,0
48,1,1,3,1,1,11885,NA,NA,NA,NA,NA,1,0,0,NA
44,1,1,3,1,1,11886,45,0,2,1,3,1,188,216,0
38,1,1,2,1,1,11887,83,0,1,2,3,0,393,373,0
42,1,1,3,1,1,11892,65,0,2,2,3,1,487,494,0
48,1,1,3,1,1,11893,109,0,2,2,2,1,943,854,0
64,1,1,4,1,1,11894,51,1,3,2,NA,1,58,0,0
54,1,1,1,1,1,11895,34,1,1,2,2,0,491,648,0
39,1,1,2,1,1,11897,102,0,1,1,1,0,457,429,0
54,0,1,3,1,1,11898,48,1,3,1,1,1,162,215,0
53,1,1,1,1,1,11899,91,0,1,2,1,0,402,436,0
57,0,1,1,1,1,11900,70,1,1,3,3,0,462,480,0
58,1,1,1,1,1,11901,82,0,1,1,NA,0,65,0,0
50,1,1,3,1,1,11903,44,1,4,1,1,1,173,296,0
47,1,1,3,1,1,11906,52,0,2,1,1,1,218,357,0
41,1,1,3,1,1,11908,229,0,3,1,1,1,516,436,0
44,0,1,4,1,1,11909,47,0,1,1,1,1,165,186,0
35,1,1,3,1,1,11910,122,0,1,1,1,1,585,541,0
55,0,1,2,1,1,11911,112,0,1,1,NA,0,77,0,0
59,0,1,2,1,1,11912,43,1,2,3,3,0,153,263,0
48,1,1,3,1,1,11913,87,0,3,2,2,1,342,378,0
46,1,1,4,1,1,11914,52,0,5,2,3,1,1111,962,0
48,1,1,1,1,1,11916,80,0,1,3,3,0,380,370,0
51,0,1,3,1,1,11918,22,1,2,2,2,1,102,152,0
46,0,1,3,1,1,11920,105,0,3,1,1,1,406,388,0
59,1,1,4,1,1,11921,49,0,4,1,NA,1,27,0,0
48,1,1,1,1,1,11922,88,0,1,1,1,0,416,455,0
60,1,1,4,1,1,11924,NA,NA,NA,NA,NA,1,0,0,NA
38,1,1,4,1,1,11925,53,0,4,1,1,1,208,225,0
42,1,1,3,1,1,11926,NA,NA,NA,NA,NA,1,0,0,NA
42,1,1,2,1,1,11928,71,0,1,3,3,0,925,819,0
47,1,1,1,1,1,11929,85,0,2,3,3,0,406,412,0
53,1,1,2,1,1,11930,108,0,1,1,1,0,430,569,0
50,1,1,1,1,1,11931,75,0,1,2,3,0,658,711,0
49,0,1,1,1,1,11933,85,0,1,2,2,0,870,749,0
57,1,1,3,1,1,11936,72,0,1,1,NA,1,46,0,0
43,1,1,2,1,1,11937,107,0,4,1,1,0,473,541,0
60,1,1,1,1,1,11938,36,1,1,2,2,0,1364,1197,0
54,1,1,2,1,1,11941,NA,NA,NA,NA,NA,0,0,0,NA
42,1,1,1,1,1,11942,76,0,1,2,2,0,374,424,0
43,1,1,4,1,1,11943,51,0,3,1,1,1,195,222,0
52,1,1,1,1,1,11945,91,0,1,2,1,0,747,704,0
32,1,1,4,1,1,11946,37,0,3,2,NA,1,33,0,0
45,1,1,2,1,1,11949,66,0,1,1,1,0,285,309,0
55,1,1,2,1,1,11952,69,0,2,1,1,0,263,295,0
46,1,1,1,1,1,11953,79,0,1,1,1,0,971,853,0
52,1,1,2,1,1,11954,25,1,1,1,1,0,103,138,0
44,1,1,2,1,1,11955,40,0,1,2,3,0,192,334,0
52,1,1,3,1,1,11957,82,0,3,2,3,1,304,328,0
46,1,1,3,1,1,11958,61,0,2,1,2,1,258,346,0
44,0,1,2,1,1,11960,90,0,1,3,3,0,393,408,0
54,1,1,3,1,1,11961,39,1,3,1,3,1,138,286,0
38,1,1,4,1,1,11962,49,0,4,2,1,1,198,193,0
43,1,1,3,1,1,11964,791,0,1,3,3,1,324,394,0
47,1,1,3,1,1,11965,61,0,3,1,1,1,247,279,0
58,0,1,1,1,1,11966,NA,NA,NA,NA,NA,0,0,0,NA
47,0,1,2,1,1,11967,59,0,2,2,3,0,263,294,0
70,1,1,4,1,1,11968,37,1,5,3,NA,1,13,0,0
34,0,1,2,1,1,11970,90,0,1,2,1,0,960,868,0
42,1,1,1,1,1,11973,41,0,1,1,2,0,197,210,0
51,0,1,4,1,1,11974,43,1,3,3,3,1,152,179,0
50,1,1,4,1,1,11975,84,0,5,1,1,1,284,296,0
50,1,1,1,1,1,11976,NA,NA,NA,NA,NA,0,0,0,NA
52,0,1,4,1,1,11978,80,0,5,1,1,1,263,318,0
42,1,1,4,1,1,11979,37,0,3,1,1,1,144,239,0
41,1,1,1,1,1,11981,43,0,1,2,2,0,225,247,0
41,1,1,1,1,1,11982,47,0,2,3,3,0,245,358,0
48,0,1,2,1,1,11983,105,0,4,2,3,0,449,422,0
36,1,1,1,1,1,11984,90,0,1,2,2,0,458,402,0
43,1,1,2,1,1,11985,34,0,1,3,3,0,171,196,0
52,1,1,3,1,1,11986,113,0,3,1,2,1,739,657,0
43,1,1,2,1,1,11987,83,0,1,3,3,0,371,348,0
41,0,1,1,1,1,11988,61,0,1,2,3,0,298,358,0
46,1,1,3,1,1,11989,109,0,1,3,3,1,650,554,0
52,1,1,3,1,1,11991,109,0,1,2,2,1,746,669,0
44,1,1,3,1,1,11994,42,0,1,2,2,1,183,236,0
38,0,1,1,1,1,11996,57,0,1,3,3,0,1704,1424,0
58,1,1,2,1,1,11997,41,1,2,1,1,0,148,254,0
46,0,1,2,1,1,11998,68,0,1,3,3,0,299,448,0
55,1,1,1,1,1,11999,86,0,1,1,2,0,359,419,0
45,1,1,3,1,1,12003,74,0,2,1,2,1,294,324,0
48,1,1,2,1,1,12005,144,0,2,2,1,0,857,724,0
49,0,1,1,1,1,12007,466,0,1,3,3,0,207,253,0
51,1,1,2,1,1,12009,52,1,1,3,3,0,226,218,0
53,0,1,2,1,1,12010,134,0,1,1,1,0,770,657,0
48,1,1,4,1,1,12012,187,0,5,3,3,1,410,451,0
46,1,1,3,1,1,12013,9,1,1,2,2,1,52,139,0
53,1,1,2,1,1,12014,135,0,4,3,3,0,753,686,0
46,1,1,1,1,1,12017,196,0,1,3,3,0,794,789,0
58,1,1,4,1,1,12018,61,1,3,1,2,1,174,222,0
48,1,1,3,1,1,12020,81,0,2,3,3,1,337,348,0
45,1,1,4,1,1,12023,42,0,5,2,3,1,167,199,0
42,1,1,1,1,1,12024,78,0,1,2,2,0,944,829,0
47,1,1,1,1,1,12025,83,0,1,2,2,0,387,367,0
51,1,1,2,1,1,12029,45,1,1,3,3,0,198,235,0
42,1,1,1,1,1,12030,81,0,1,3,3,0,402,391,0
66,0,1,4,1,1,12032,NA,NA,NA,NA,NA,1,0,0,NA
43,0,1,4,1,1,12033,156,0,4,2,3,1,862,823,0
44,1,1,1,1,1,12035,37,0,2,2,NA,0,38,0,0
51,1,1,3,1,1,12037,81,0,4,1,NA,1,113,0,0
56,1,1,1,1,1,12039,60,0,1,2,NA,0,51,0,0
38,0,1,1,1,1,12042,107,0,2,3,3,0,526,522,0
50,1,1,3,1,1,12043,44,1,2,3,3,1,180,225,0
54,0,1,2,1,1,12047,NA,NA,NA,NA,NA,0,0,0,NA
43,1,1,4,1,1,12051,NA,NA,NA,NA,NA,1,0,0,NA
45,1,1,1,1,1,12052,421,0,1,1,1,0,196,226,0
53,1,1,1,1,1,12053,57,0,3,1,NA,0,51,0,0
54,1,1,3,1,1,12054,83,0,3,2,3,1,479,504,0
52,1,1,2,1,1,12055,95,0,1,1,2,0,382,417,0
42,0,1,3,1,1,12056,54,0,1,2,2,1,226,311,0
49,1,1,1,1,1,12057,45,1,1,2,2,0,226,396,0
39,1,1,2,1,1,12058,83,0,1,1,1,0,372,380,0
43,1,1,3,1,1,12061,126,0,1,2,2,1,871,803,0
48,1,1,1,1,1,12063,77,0,1,1,1,0,367,326,0
57,1,1,1,1,1,12064,87,0,1,2,3,0,356,430,0
42,1,1,3,1,1,12065,40,0,3,1,1,1,166,279,0
59,1,1,2,1,1,12066,110,0,1,2,3,0,387,335,0
47,1,1,2,1,1,12067,51,0,1,3,3,0,237,245,0
36,1,1,4,1,1,12068,9,0,3,1,1,1,38,200,0
54,1,1,3,1,1,12069,30,1,2,1,1,1,110,131,0
46,1,1,2,1,1,12071,99,0,1,2,2,0,1539,1382,0
48,1,1,4,1,1,12072,102,0,5,1,1,1,361,347,0
42,1,1,3,1,1,12073,86,0,1,2,2,1,360,354,0
32,1,1,4,1,1,12074,54,0,3,1,1,1,206,215,0
65,1,1,4,1,1,12077,105,0,5,1,2,1,218,253,0
48,1,1,3,1,1,12078,94,0,1,3,3,1,795,728,0
48,1,1,3,1,1,12079,85,0,1,3,3,1,350,366,0
55,0,1,4,1,1,12081,63,1,3,2,2,1,197,257,0
51,1,1,3,1,1,12082,29,1,2,3,3,1,129,171,0
41,1,1,4,1,1,12084,105,0,3,2,3,1,402,397,0
37,1,1,1,1,1,12086,75,0,4,1,2,0,368,393,0
53,1,1,4,1,1,12088,105,0,3,1,1,1,337,485,0
45,1,1,2,1,1,12090,152,0,1,1,2,0,941,835,0
52,1,1,1,1,1,12091,48,1,1,1,1,0,218,311,0
57,1,1,4,1,1,12093,99,0,4,1,3,1,294,302,0
48,1,1,1,1,1,12096,48,0,1,1,1,0,227,402,0
43,1,1,3,1,1,12097,113,0,1,2,2,1,801,795,0
52,1,1,1,1,1,12098,41,1,1,3,3,0,496,518,0
40,0,1,4,1,1,12099,90,0,1,2,3,1,342,365,0
54,1,1,1,1,1,12100,95,0,1,3,NA,0,134,0,0
50,1,1,3,1,1,12101,86,0,4,1,2,1,579,517,0
46,1,1,3,1,1,12102,31,1,2,3,3,1,139,205,0
62,1,1,4,1,1,12103,NA,NA,NA,NA,NA,1,0,0,NA
37,0,1,3,1,1,12105,43,0,3,1,1,1,170,235,0
49,1,1,4,1,1,12107,21,1,3,1,3,1,75,199,0
49,1,1,3,1,1,12108,85,0,1,1,1,1,629,594,0
51,1,1,1,1,1,12110,NA,NA,NA,NA,NA,0,0,0,NA
43,1,1,4,1,1,12111,88,0,3,2,2,1,335,352,0
44,1,1,2,1,1,12112,77,0,1,2,3,0,351,361,0
49,0,1,2,1,1,12117,99,0,1,2,3,0,835,771,0
45,1,1,4,1,1,12119,108,0,4,1,2,1,385,465,0
61,0,1,2,1,1,12122,NA,NA,NA,NA,NA,0,0,0,NA
45,1,1,3,1,1,12123,43,0,2,1,2,1,191,197,0
50,1,1,4,1,1,12127,31,0,5,1,NA,1,22,0,0
51,1,1,1,1,1,12128,75,0,1,2,3,0,692,648,0
46,1,1,4,1,1,12129,51,0,1,3,3,1,192,283,0
46,1,1,3,1,1,12131,22,0,4,1,NA,1,19,0,0
52,1,1,3,1,1,12132,NA,NA,NA,NA,NA,1,0,0,NA
45,1,1,2,1,1,12135,45,0,1,1,2,0,217,223,0
47,1,1,2,1,1,12137,80,0,1,1,1,0,347,447,0
51,1,1,3,1,1,12138,44,1,2,2,2,1,172,244,0
51,1,1,2,1,1,12140,100,0,1,3,3,0,426,468,0
52,1,1,2,1,1,12141,43,0,1,1,NA,0,34,0,0
47,0,1,1,1,1,12144,81,0,1,3,3,0,374,412,0
46,1,1,2,1,1,12148,83,0,3,3,3,0,382,403,0
55,1,1,3,1,1,12150,94,0,3,2,3,1,333,309,0
53,1,1,1,1,1,12152,148,0,2,3,3,0,936,871,0
41,1,1,2,1,1,12154,109,0,1,1,1,0,486,570,0
34,0,1,2,1,1,12157,160,0,1,2,1,0,958,853,0
58,1,1,1,1,1,12158,107,0,1,3,3,0,423,374,0
52,1,1,1,1,1,12159,43,1,2,1,1,0,198,259,0
57,1,1,4,1,1,12161,NA,NA,NA,NA,NA,1,0,0,NA
42,1,1,1,1,1,12162,40,0,1,1,1,0,957,825,0
50,1,1,4,1,1,12163,66,0,2,1,NA,1,46,0,0
42,0,1,2,1,1,12164,92,0,1,2,2,0,412,417,0
45,1,1,1,1,1,12167,94,0,1,3,3,0,466,452,0
51,1,1,4,1,1,12168,NA,NA,NA,NA,NA,1,0,0,NA
40,0,1,1,1,1,12170,43,0,2,2,2,0,222,326,0
45,1,1,4,1,1,12171,108,0,1,2,2,1,409,361,0
52,0,1,3,1,1,12173,40,1,2,1,1,1,891,852,0
48,1,1,3,1,1,12175,NA,NA,NA,NA,NA,1,0,0,NA
55,1,1,2,1,1,12176,93,0,4,3,3,0,359,447,0
43,1,1,2,1,1,12178,45,0,1,3,3,0,905,813,0
41,0,1,1,1,1,12179,187,0,1,2,2,0,610,567,0
40,1,1,3,1,1,12180,72,0,2,2,3,1,839,714,0
51,1,1,1,1,1,12182,14,1,1,1,1,0,73,160,0
31,1,1,4,1,1,12183,86,0,4,1,1,1,322,306,0
51,1,1,4,1,1,12184,42,0,2,1,NA,1,28,0,0
44,1,1,1,1,1,12185,88,0,2,2,3,0,426,463,0
44,1,1,1,1,1,12186,32,0,1,1,NA,0,32,0,0
62,1,1,3,1,1,12188,NA,NA,NA,NA,NA,1,0,0,NA
57,1,1,2,1,1,12192,42,1,1,3,3,0,734,660,0
53,1,1,4,1,1,12193,43,1,3,1,1,1,143,209,0
63,1,1,1,1,1,12194,48,1,1,1,1,0,642,707,0
44,1,1,3,1,1,12196,166,0,2,3,3,1,711,697,0
52,1,1,3,1,1,12201,42,1,1,1,2,1,1351,1224,0
45,1,1,2,1,1,12203,87,0,1,3,3,0,590,538,0
43,1,1,3,1,1,12204,34,0,2,2,NA,1,31,0,0
48,1,1,3,1,1,12206,36,0,2,1,NA,1,29,0,0
50,1,1,2,1,1,12208,81,0,1,1,1,0,344,378,0
NA,0,1,4,1,1,12209,67,0,3,1,1,1,248,303,0
51,0,1,2,1,1,12210,77,0,1,1,NA,0,66,0,0
50,1,1,3,1,1,12212,93,0,3,3,3,1,357,329,0
51,1,1,1,1,1,12213,35,1,2,3,3,0,1327,1143,0
50,1,1,4,1,1,12216,NA,NA,NA,NA,NA,1,0,0,NA
60,1,1,1,1,1,12219,NA,NA,NA,NA,NA,0,0,0,NA
52,0,1,3,1,1,12220,66,0,4,2,2,1,246,237,0
NA,NA,1,1,1,1,12221,NA,NA,NA,NA,NA,0,0,0,NA
47,1,1,2,1,1,12222,96,0,1,2,2,0,861,804,0
55,1,1,1,1,1,12223,42,0,1,1,NA,0,36,0,0
44,1,1,4,1,1,12225,81,0,2,2,2,1,310,296,0
55,1,1,3,1,1,12226,78,0,1,1,NA,1,54,0,0
44,1,1,3,1,1,12228,44,0,1,1,1,1,188,310,0
56,1,1,1,1,1,12229,49,1,1,1,1,0,208,274,0
47,1,1,2,1,1,12230,28,0,1,1,NA,0,26,0,0
49,0,1,4,1,1,12231,20,1,3,1,1,1,60,180,0
54,1,1,1,1,1,12232,99,0,3,2,NA,0,98,0,0
46,1,1,4,1,1,12234,40,0,5,1,2,1,151,275,0
42,1,1,1,1,1,12235,75,0,1,3,2,0,380,349,0
51,1,1,1,1,1,12236,66,0,1,1,NA,0,59,0,0
59,1,1,1,1,1,12237,109,0,1,2,2,0,780,710,0
45,1,1,1,1,1,12238,20,1,1,3,3,0,116,234,0
49,1,1,3,1,1,12239,14,1,1,3,3,1,80,158,0
54,0,1,3,1,1,12241,NA,NA,NA,NA,NA,1,0,0,NA
52,1,1,3,1,1,12242,NA,NA,NA,NA,NA,1,0,0,NA
NA,1,1,2,1,1,12243,59,0,3,1,NA,0,45,0,0
49,1,1,3,1,1,12245,NA,NA,NA,NA,NA,1,0,0,NA
37,1,1,2,1,1,12247,34,0,1,3,3,0,172,237,0
51,1,1,2,1,1,12249,45,1,3,1,2,0,192,222,0
48,0,1,1,1,1,12250,37,1,1,2,1,0,1461,1240,0
64,1,1,4,1,1,12251,33,1,1,1,NA,1,16,0,0
46,1,1,4,1,1,12252,117,0,5,2,2,1,425,396,0
49,1,1,4,1,1,12253,79,0,4,1,1,1,275,248,0
51,1,1,3,1,1,12254,27,1,2,2,2,1,463,424,0
46,1,1,3,1,1,12255,84,0,2,3,3,1,343,417,0
49,0,1,3,1,1,12256,49,0,3,1,1,1,193,262,0
47,1,1,4,1,1,12259,21,1,4,1,1,1,87,205,0
48,1,1,2,1,1,12260,178,0,1,3,3,0,852,787,0
56,1,1,3,1,1,12263,47,1,2,3,3,1,594,643,0
50,1,1,1,1,1,12267,65,0,1,1,2,0,1548,1318,0
42,1,1,4,1,1,12269,48,0,3,1,1,1,180,232,0
37,1,1,1,1,1,12270,99,0,1,2,3,0,483,508,0
46,1,1,4,1,1,12271,100,0,4,2,2,1,372,354,0
45,1,1,1,1,1,12273,NA,NA,NA,NA,NA,0,0,0,NA
51,1,1,2,1,1,12274,108,0,1,1,3,0,724,738,0
49,1,1,1,1,1,12280,96,0,1,1,1,0,457,504,0
50,1,1,1,1,1,12281,80,0,1,2,2,0,1115,1040,0
47,1,1,4,1,1,12284,98,0,1,1,1,1,351,334,0
46,1,1,1,1,1,12286,95,0,1,1,2,0,457,451,0
50,1,1,4,1,1,12287,105,0,5,1,1,1,353,408,0
57,0,1,2,1,1,12288,NA,NA,NA,NA,NA,0,0,0,NA
51,1,1,2,1,1,12290,84,0,1,1,1,0,342,323,0
54,1,1,2,1,1,12291,104,0,1,2,3,0,417,431,0
38,1,1,3,1,1,12292,37,0,1,1,1,1,164,201,0
49,1,1,1,1,1,12293,NA,NA,NA,NA,NA,0,0,0,NA
51,1,1,1,1,1,12295,157,0,2,1,1,0,642,668,0
43,1,1,4,1,1,12296,73,0,4,1,1,1,272,298,0
60,1,1,4,1,1,12297,NA,NA,NA,NA,NA,1,0,0,NA
42,0,1,1,1,1,12298,71,0,1,2,2,0,345,347,0
59,0,1,3,1,1,12299,NA,NA,NA,NA,NA,1,0,0,NA
66,1,1,2,1,1,12301,41,1,1,3,NA,0,25,0,0
49,0,1,3,1,1,12304,37,1,3,1,2,1,133,207,0
48,1,1,2,1,1,12306,49,0,1,1,2,0,208,242,0
48,1,1,3,1,1,12307,22,1,3,3,3,1,114,201,0
52,0,1,2,1,1,12308,93,0,1,1,2,0,364,417,0
48,1,1,3,1,1,12312,104,0,1,3,3,1,426,474,0
45,1,1,2,1,1,12315,47,0,2,1,1,0,208,218,0
57,1,1,1,1,1,12316,NA,NA,NA,NA,NA,0,0,0,NA
48,1,1,3,1,1,12317,133,0,3,3,3,1,463,609,0
48,0,1,3,1,1,12318,98,0,2,2,2,1,382,401,0
52,1,1,3,1,1,12319,70,0,2,1,1,1,254,263,0
49,1,1,1,1,1,12321,85,0,1,3,3,0,396,421,0
49,1,1,3,1,1,12325,50,0,1,3,3,1,1237,1039,0
50,1,1,1,1,1,12327,74,0,1,3,3,0,946,858,0
48,1,1,3,1,1,12329,56,0,3,1,2,1,223,228,0
51,1,1,4,1,1,12330,73,0,5,3,3,1,412,476,0
49,0,1,1,1,1,12331,84,0,1,1,2,0,371,442,0
63,1,1,3,1,1,12332,101,0,3,3,3,1,285,299,0
51,0,1,1,1,1,12333,40,1,1,2,2,0,186,198,0
52,0,1,1,1,1,12334,102,0,2,1,2,0,431,424,0
NA,NA,1,4,1,1,12335,211,0,4,1,2,1,598,543,0
54,1,1,2,1,1,12336,70,0,1,2,3,0,746,693,0
45,1,1,3,1,1,12337,405,0,3,2,3,1,169,160,0
37,1,1,4,1,1,12339,107,0,4,1,2,1,405,451,0
45,1,1,2,1,1,12342,40,0,3,1,3,0,177,210,0
51,1,1,1,1,1,12347,96,0,1,3,3,0,440,506,0
47,1,1,1,1,1,12348,161,0,1,3,3,0,805,740,0
42,1,1,2,1,1,12352,52,0,1,3,3,0,950,782,0
46,1,1,2,1,1,12353,59,0,1,3,3,0,1060,908,0
53,0,1,3,1,1,12354,86,0,2,1,3,1,296,345,0
58,1,1,2,1,1,12355,51,0,2,1,NA,0,36,0,0
52,0,1,4,1,1,12358,104,0,1,1,3,1,333,334,0
66,1,1,2,1,1,12360,NA,NA,NA,NA,NA,0,0,0,NA
52,1,1,3,1,1,12361,49,1,5,1,2,1,179,217,0
42,1,1,3,1,1,12364,82,0,2,2,2,1,350,426,0
37,1,1,2,1,1,12365,86,0,1,2,3,0,404,451,0
46,1,1,1,1,1,12367,91,0,1,2,3,0,437,442,0
41,1,1,4,1,1,12368,106,0,5,1,1,1,399,388,0
56,0,1,4,1,1,12370,NA,NA,NA,NA,NA,1,0,0,NA
38,1,1,2,1,1,12371,102,0,2,2,2,0,476,438,0
50,1,1,2,1,1,12372,44,1,1,2,2,0,1451,1421,0
51,0,1,1,1,1,12373,105,0,1,1,1,0,450,433,0
55,1,1,4,1,1,12375,23,1,3,2,3,1,95,145,0
46,0,1,2,1,1,12376,46,0,2,1,1,0,198,277,0
50,1,1,1,1,1,12377,55,0,3,1,2,0,248,287,0
49,1,1,3,1,1,12378,42,1,1,1,2,1,166,345,0
46,1,1,1,1,1,12380,42,0,1,3,3,0,213,270,0
44,0,1,1,1,1,12381,48,0,1,2,3,0,228,334,0
44,1,1,3,1,1,12382,41,0,2,2,2,1,182,208,0
44,0,1,2,1,1,12383,83,0,1,1,2,0,353,387,0
46,1,1,4,1,1,12385,68,0,3,2,3,1,258,273,0
50,1,1,1,1,1,12389,56,0,1,1,NA,0,85,0,0
48,0,1,3,1,1,12391,72,0,2,1,1,1,272,275,0
46,1,1,4,1,1,12392,48,0,5,1,1,1,181,248,0
38,1,1,2,1,1,12393,84,0,1,3,3,0,400,423,0
46,1,1,2,1,1,12394,NA,NA,NA,NA,NA,0,0,0,NA
46,0,1,3,1,1,12395,88,0,1,1,3,1,605,579,0
46,1,1,1,1,1,12397,43,0,2,1,1,0,205,264,0
58,1,1,3,1,1,12398,64,0,1,1,NA,1,41,0,0
51,0,1,1,1,1,12401,58,0,1,1,1,0,251,285,0
53,1,1,1,1,1,12404,44,1,1,2,2,0,213,275,0
50,0,1,1,1,1,12405,51,0,1,1,1,0,224,269,0
41,1,1,1,1,1,12406,35,0,1,2,1,0,191,268,0
44,1,1,1,1,1,12408,102,0,1,2,2,0,491,468,0
42,1,1,2,1,1,12409,59,0,1,1,2,0,262,366,0
55,1,1,1,1,1,12410,49,1,1,3,3,0,827,831,0
45,1,1,4,1,1,12411,41,0,2,1,1,1,149,271,0
52,1,1,1,1,1,12412,70,0,1,2,2,0,318,374,0
43,0,1,1,1,1,12413,60,0,1,3,3,0,304,305,0
49,1,1,3,1,1,12414,211,0,3,1,2,1,863,791,0
52,1,1,3,1,1,12415,30,1,3,2,2,1,128,161,0
52,1,1,4,1,1,12419,103,0,3,1,2,1,339,427,0
47,1,1,3,1,1,12421,75,0,3,3,3,1,309,358,0
53,1,1,1,1,1,12422,75,0,1,1,2,0,323,318,0
48,1,1,1,1,1,12423,89,0,1,2,1,0,865,812,0
46,1,1,2,1,1,12424,53,0,3,1,1,0,239,318,0
47,1,1,2,1,1,12425,59,0,2,1,1,0,631,657,0
50,1,1,1,1,1,12427,104,0,1,2,2,0,717,668,0
48,0,1,3,1,1,12428,31,1,1,1,1,1,120,270,0
43,1,1,3,1,1,12429,77,0,1,1,2,1,838,727,0
45,1,1,1,1,1,12432,51,0,2,1,1,0,248,342,0
61,1,1,3,1,1,12433,NA,NA,NA,NA,NA,1,0,0,NA
56,1,1,3,1,1,12434,124,0,1,2,3,1,491,472,0
43,1,1,2,1,1,12435,57,0,3,1,1,0,263,321,0
48,1,1,1,1,1,12438,154,0,1,3,3,0,625,645,0
53,1,1,3,1,1,12439,50,1,1,3,3,1,187,323,0
53,1,1,3,1,1,12440,NA,NA,NA,NA,NA,1,0,0,NA
51,1,1,1,1,1,12441,95,0,1,2,3,0,656,617,0
53,1,1,1,1,1,12442,39,1,1,2,2,0,190,401,0
50,1,1,1,1,1,12443,69,0,1,1,1,0,683,706,0
57,1,1,4,1,1,12444,58,1,5,3,3,1,435,419,0
55,1,1,4,1,1,12446,76,0,5,1,1,1,634,564,0
55,1,1,3,1,1,12447,82,0,2,1,1,1,286,322,0
48,1,1,1,1,1,12448,86,0,1,1,1,0,394,360,0
45,1,1,4,1,1,12449,151,0,3,1,2,1,441,472,0
41,0,1,2,1,1,12451,80,0,1,3,3,0,806,763,0
51,1,1,3,1,1,12455,NA,NA,NA,NA,NA,1,0,0,NA
47,1,1,1,1,1,12457,87,0,1,3,3,0,418,412,0
48,1,1,1,1,1,12458,75,0,1,3,3,0,357,317,0
NA,NA,1,2,1,1,12460,102,0,1,2,2,0,381,397,0
53,1,1,3,1,1,12461,31,1,2,2,2,1,132,304,0
NA,1,1,2,1,1,12463,149,0,1,3,3,0,486,442,0
45,1,1,2,1,1,12464,127,0,1,3,2,0,1415,1262,0
47,0,1,1,1,1,12465,83,0,1,1,1,0,377,387,0
57,0,1,2,1,1,12468,98,0,1,2,3,0,349,376,0
47,0,1,1,1,1,12471,612,0,3,2,1,0,276,305,0
47,1,1,1,1,1,12473,99,0,1,1,1,0,466,474,0
43,1,1,2,1,1,12476,28,0,3,2,2,0,900,794,0
45,1,1,2,1,1,12477,61,0,1,3,3,0,285,261,0
43,1,1,2,1,1,12478,68,0,1,3,3,0,314,328,0
47,1,1,1,1,1,12479,49,0,1,2,3,0,249,296,0
NA,NA,1,1,1,1,12482,92,0,1,3,3,0,354,461,0
50,0,1,4,1,1,12486,74,0,4,1,2,1,244,359,0
NA,1,1,4,1,1,12488,56,0,3,1,1,1,210,234,0
49,1,1,3,1,1,12491,21,1,5,1,2,1,90,123,0
43,1,1,3,1,1,12493,80,0,4,1,1,1,332,344,0
NA,1,1,4,1,1,12495,30,0,4,1,1,1,123,135,0
48,0,1,4,1,1,12497,50,0,3,3,3,1,176,237,0
56,1,1,4,1,1,12498,96,0,2,2,2,1,295,316,0
NA,0,1,3,1,1,12500,92,0,4,1,1,1,597,610,0
47,1,1,3,1,1,12501,100,0,2,2,2,1,396,362,0
50,1,1,4,1,1,12502,64,0,3,3,3,1,230,234,0
45,1,1,3,1,1,12503,78,0,1,2,3,1,323,329,0
61,1,1,2,1,1,12504,NA,NA,NA,NA,NA,0,0,0,NA
49,1,1,2,1,1,12505,177,0,1,3,3,0,485,585,0
49,1,1,2,1,1,12506,64,0,1,3,3,0,996,905,0
49,1,1,3,1,1,12507,72,0,1,1,2,1,273,277,0
48,1,1,1,1,1,12511,54,0,1,1,1,0,251,292,0
48,1,1,3,1,1,12512,80,0,2,1,1,1,309,363,0
37,1,1,4,1,1,12514,40,0,4,1,1,1,156,223,0
56,1,1,1,1,1,12515,172,0,1,3,3,0,484,495,0
51,0,1,2,1,1,12519,67,0,1,1,NA,0,67,0,0
47,0,1,4,1,1,12520,103,0,4,2,2,1,360,371,0
44,1,1,3,1,1,12521,85,0,4,2,2,1,349,454,0
49,1,1,1,1,1,12525,52,0,1,1,2,0,243,277,0
40,1,1,1,1,1,12526,105,0,1,3,3,0,520,545,0
49,0,1,4,1,1,12527,107,0,3,2,3,1,380,409,0
46,1,1,3,1,1,12528,32,1,2,3,3,1,145,241,0
42,1,1,3,1,1,12529,51,0,1,3,3,1,230,369,0
51,1,1,2,1,1,12533,64,0,1,1,2,0,267,260,0
33,1,1,1,1,1,12534,151,0,1,3,3,0,1058,888,0
54,0,1,3,1,1,12536,121,0,1,3,3,1,619,584,0
47,1,1,1,1,1,12537,106,0,1,2,3,0,946,850,0
50,0,1,2,1,1,12539,61,0,1,2,2,0,810,728,0
49,1,1,1,1,1,12540,56,0,1,2,3,0,266,319,0
56,0,1,1,1,1,12541,91,0,1,2,1,0,367,537,0
40,0,1,2,1,1,12542,44,0,1,1,2,0,195,221,0
48,0,1,1,1,1,12544,41,1,1,2,3,0,198,221,0
56,1,1,3,1,1,12546,51,1,3,1,2,1,622,577,0
50,1,1,3,1,1,12547,35,1,1,3,3,1,154,182,0
53,1,1,2,1,1,12550,NA,NA,NA,NA,NA,0,0,0,NA
51,1,1,2,1,1,12551,73,0,4,1,NA,0,71,0,0
62,0,1,3,1,1,12553,47,1,3,2,3,1,652,583,0
NA,1,1,4,1,1,12557,NA,NA,NA,NA,NA,1,0,0,NA
38,1,1,1,1,1,12560,83,0,1,1,1,0,408,470,0
51,1,1,3,1,1,12561,111,0,5,1,3,1,405,420,0
54,1,1,2,1,1,12563,62,0,1,3,NA,0,50,0,0
33,0,1,1,1,1,12566,36,0,1,2,2,0,187,234,0
56,1,1,1,1,1,12568,71,0,1,2,3,0,297,334,0
40,1,1,1,1,1,12569,87,0,1,1,1,0,964,817,0
47,0,1,3,1,1,12570,68,0,3,1,1,1,270,430,0
52,1,1,1,1,1,12572,NA,NA,NA,NA,NA,0,0,0,NA
62,1,1,3,1,1,12573,27,1,2,1,2,1,79,196,0
42,1,1,1,1,1,12574,41,0,2,1,1,0,198,236,0
46,1,1,4,1,1,12576,39,0,5,1,2,1,148,165,0
40,1,1,1,1,1,12578,27,0,1,1,NA,0,84,0,0
39,0,1,1,1,1,12579,67,0,4,2,2,0,320,345,0
51,0,1,2,1,1,12582,77,0,1,3,3,0,322,356,0
45,1,1,1,1,1,12584,60,0,1,2,3,0,310,342,0
44,0,1,3,1,1,12585,70,0,1,2,1,1,449,425,0
56,1,1,1,1,1,12592,95,0,1,3,3,0,395,392,0
52,1,1,2,1,1,12593,68,0,2,1,2,0,275,288,0
57,0,1,1,1,1,12595,NA,NA,NA,NA,NA,0,0,0,NA
51,1,1,2,1,1,12596,97,0,1,3,3,0,1034,987,0
34,1,1,2,1,1,12599,1075,0,1,2,3,0,486,488,0
33,1,1,1,1,1,12601,39,0,1,2,3,0,657,596,0
60,1,1,4,1,1,12602,163,0,5,1,3,1,375,396,0
41,1,1,4,1,1,12603,47,0,1,1,1,1,182,254,0
38,1,1,1,1,1,12604,95,0,1,3,3,0,485,501,0
48,1,1,1,1,1,12605,212,0,1,1,2,0,513,518,0
47,1,1,4,1,1,12607,58,0,3,2,2,1,224,281,0
56,1,1,3,1,1,12608,NA,NA,NA,NA,NA,1,0,0,NA
58,1,1,3,1,1,12609,126,0,3,3,3,1,762,726,0
49,1,1,3,1,1,12610,475,0,1,2,2,1,187,249,0
39,1,1,4,1,1,12611,36,0,4,2,2,1,758,753,0
42,1,1,3,1,1,12614,53,0,2,2,2,1,238,264,0
48,1,1,4,1,1,12615,87,0,5,2,2,1,316,401,0
44,1,1,3,1,1,12617,22,1,4,1,1,1,108,219,0
55,0,1,3,1,1,12619,NA,NA,NA,NA,NA,1,0,0,NA
61,0,1,2,1,1,12623,59,0,1,1,NA,0,62,0,0
46,1,1,3,1,1,12624,40,0,1,1,1,1,166,243,0
44,0,1,3,1,1,12625,26,1,1,1,1,1,105,110,0
49,1,1,1,1,1,12626,218,0,1,1,2,0,918,780,0
51,1,1,4,1,1,12627,36,1,1,1,2,1,127,189,0
51,1,1,1,1,1,12628,118,0,1,2,NA,0,116,0,0
45,1,1,1,1,1,12630,49,0,1,2,2,0,250,296,0
51,0,1,2,1,1,12631,40,1,1,2,3,0,794,707,0
46,1,1,3,1,1,12644,NA,NA,NA,NA,NA,1,0,0,NA
NA,NA,1,1,1,1,12645,9,1,1,2,3,0,621,576,0
NA,0,1,4,1,1,12646,50,0,3,1,1,1,184,219,0
55,0,1,4,1,1,12647,141,0,5,1,2,1,619,540,0
39,0,1,4,1,1,12649,96,0,3,1,1,1,991,874,0
52,1,1,1,1,1,12650,94,0,1,1,1,0,1166,971,0
53,1,1,2,1,1,12653,39,1,1,3,2,0,165,183,0
39,1,1,4,1,1,12654,168,0,3,3,3,1,514,466,0
47,1,1,2,1,1,12664,30,1,1,2,2,0,148,222,0
48,1,1,1,1,1,12667,95,0,1,1,1,0,434,476,0
45,0,1,1,1,1,12668,82,0,1,1,1,0,386,377,0
57,0,1,3,1,1,12669,141,0,3,2,2,1,791,682,0
47,1,1,3,1,1,12670,107,0,4,1,1,1,423,483,0
48,1,1,1,1,1,12671,28,1,1,2,3,0,146,228,0
45,1,1,2,1,1,12672,98,0,2,1,1,0,430,407,0
48,1,1,2,1,1,12677,91,0,1,2,3,0,394,384,0
56,0,1,2,1,1,12679,67,1,2,1,1,0,242,283,0
31,0,1,4,1,1,12680,81,0,2,1,1,1,441,508,0
43,1,1,3,1,1,12681,84,0,1,3,3,1,353,394,0
57,1,1,3,1,1,12682,NA,NA,NA,NA,NA,1,0,0,NA
56,1,1,1,1,1,12683,NA,NA,NA,NA,NA,0,0,0,NA
42,1,1,1,1,1,12684,204,0,2,2,2,0,581,591,0
48,1,1,2,1,1,12685,86,0,1,2,3,0,381,391,0
52,0,1,4,1,1,12686,60,0,4,2,2,1,205,239,0
34,0,1,1,1,1,12688,43,0,1,3,2,0,573,540,0
46,1,1,1,1,1,12690,37,1,1,2,3,0,555,520,0
50,1,1,1,1,1,12691,40,0,2,1,NA,0,37,0,0
48,1,1,1,1,1,12692,40,1,1,3,3,0,197,239,0
50,1,1,3,1,1,12693,NA,NA,NA,NA,NA,1,0,0,NA
49,1,1,3,1,1,12695,40,1,2,1,1,1,162,301,0
50,1,1,1,1,1,12699,82,0,1,2,2,0,386,496,0
56,1,1,3,1,1,12701,82,0,1,1,2,1,269,331,0
53,1,1,2,1,1,12702,105,0,1,2,3,0,422,408,0
40,1,1,2,1,1,12704,33,0,1,1,2,0,160,220,0
50,1,1,1,1,1,12706,105,0,1,2,2,0,481,485,0
40,1,1,2,1,1,12708,164,0,1,3,3,0,730,767,0
49,1,1,3,1,1,12714,59,0,4,1,3,1,232,276,0
44,1,1,2,1,1,12716,88,0,1,3,3,0,397,325,0
45,1,1,3,1,1,12717,411,0,3,2,3,1,171,190,0
40,1,1,1,1,1,12718,62,0,1,2,3,0,317,378,0
40,1,1,1,1,1,12720,218,0,1,2,2,0,697,622,0
50,0,1,4,1,1,12721,NA,NA,NA,NA,NA,1,0,0,NA
48,1,1,1,1,1,12724,123,0,1,2,2,0,566,597,0
37,1,1,3,1,1,12726,51,0,5,2,2,1,234,221,0
45,0,1,1,1,1,12728,92,0,1,1,1,0,418,390,0
51,1,1,1,1,1,12729,88,0,1,2,3,0,403,500,0
45,1,1,4,1,1,12734,48,0,4,2,3,1,724,693,0
49,1,1,1,1,1,12736,67,0,2,1,NA,0,60,0,0
54,1,1,1,1,1,12737,73,0,4,2,2,0,326,308,0
38,0,1,4,1,1,12739,63,0,2,1,2,1,235,234,0
53,1,1,4,1,1,12740,60,0,3,2,NA,1,41,0,0
42,1,1,4,1,1,12741,113,0,2,2,3,1,435,415,0
48,1,1,1,1,1,12744,64,0,2,1,1,0,298,361,0
51,1,1,4,1,1,12745,235,0,2,2,1,1,457,406,0
49,1,1,3,1,1,12746,59,0,1,1,1,1,238,294,0
53,1,1,4,1,1,12749,NA,NA,NA,NA,NA,1,0,0,NA
45,1,1,1,1,1,12751,90,0,1,1,2,0,426,584,0
52,0,1,1,1,1,12753,52,1,2,3,3,0,241,265,0
45,1,1,2,1,1,12754,108,0,1,1,1,0,467,433,0
52,0,1,2,1,1,12755,91,0,2,2,3,0,819,761,0
48,0,1,4,1,1,12756,33,1,3,2,2,1,123,129,0
35,1,1,4,1,1,12757,101,0,5,3,3,1,393,391,0
42,1,1,2,1,1,12760,47,0,1,1,2,0,235,291,0
53,0,1,1,1,1,12761,76,0,1,1,NA,0,134,0,0
44,0,1,1,1,1,12765,43,0,1,3,3,0,937,883,0
52,1,1,2,1,1,12766,42,0,2,2,NA,0,37,0,0
48,1,1,1,1,1,12767,NA,NA,NA,NA,NA,0,0,0,NA
40,1,1,4,1,1,12768,30,0,3,2,3,1,130,187,0
45,1,1,4,1,1,12770,43,0,3,3,3,1,176,278,0
49,1,1,4,1,1,12774,23,1,3,1,1,1,91,111,0
54,1,1,3,1,1,12775,NA,NA,NA,NA,NA,1,0,0,NA
42,1,1,1,1,1,12779,49,0,2,2,2,0,263,310,0
47,1,1,4,1,1,12781,103,0,5,3,3,1,380,396,0
57,1,1,3,1,1,12783,80,0,1,2,NA,1,54,0,0
43,0,1,3,1,1,12784,45,0,2,3,3,1,192,214,0
58,1,1,2,1,1,12788,NA,NA,NA,NA,NA,0,0,0,NA
52,1,1,3,1,1,12789,NA,NA,NA,NA,NA,1,0,0,NA
38,0,1,1,1,1,12790,41,0,1,2,2,0,219,290,0
46,0,1,3,1,1,12791,NA,NA,NA,NA,NA,1,0,0,NA
48,0,1,1,1,1,12792,54,0,1,2,2,0,606,604,0
64,1,1,3,1,1,12793,80,1,3,3,3,1,216,255,0
44,1,1,1,1,1,12797,51,0,1,3,3,0,572,748,0
52,1,1,1,1,1,12798,58,0,1,3,3,0,981,862,0
43,1,1,4,1,1,12801,70,0,4,1,2,1,262,317,0
54,1,1,4,1,1,12802,52,1,5,3,3,1,178,246,0
56,0,1,2,1,1,12805,82,0,1,3,3,0,313,297,0
51,0,1,1,1,1,12807,84,0,1,2,2,0,388,400,0
44,1,1,3,1,1,12810,70,0,3,1,2,1,498,550,0
43,0,1,1,1,1,12811,47,0,1,1,1,0,237,246,0
44,1,1,1,1,1,12812,88,0,1,2,3,0,815,706,0
56,1,1,1,1,1,12814,107,0,1,3,3,0,446,502,0
36,1,1,3,1,1,12816,41,0,2,1,1,1,169,214,0
47,0,1,3,1,1,12817,35,1,2,3,3,1,150,201,0
NA,0,1,1,1,1,12820,76,0,1,2,2,0,292,329,0
47,1,1,1,1,1,12825,73,0,1,3,3,0,354,342,0
44,1,1,2,1,1,12827,93,0,1,3,3,0,414,410,0
NA,NA,1,4,1,1,12828,46,1,1,1,1,1,189,242,0
49,1,1,1,1,1,12829,NA,NA,NA,NA,NA,0,0,0,NA
49,0,1,4,1,1,12833,92,0,4,2,3,1,411,454,0
45,0,1,3,1,1,12834,36,0,3,3,3,1,149,210,0
48,1,1,3,1,1,12835,13,1,2,3,3,1,60,164,0
46,1,1,1,1,1,12836,77,0,1,1,NA,0,72,0,0
62,0,1,2,1,1,12837,48,1,1,1,NA,0,29,0,0
50,0,1,1,1,1,12839,47,1,2,1,1,0,213,359,0
44,1,1,4,1,1,12840,412,0,5,2,2,1,158,145,0
51,1,1,1,1,1,12844,87,0,1,3,3,0,398,430,0
52,1,1,1,1,1,12845,93,0,1,2,3,0,415,480,0
63,1,1,4,1,1,12846,92,1,3,2,2,1,222,250,0
52,1,1,3,1,1,12847,21,1,1,1,NA,1,17,0,0
45,1,1,3,1,1,12848,88,0,1,3,3,1,367,368,0
41,1,1,4,1,1,12850,50,0,3,2,1,1,221,275,0
40,1,1,3,1,1,12853,94,0,1,1,2,1,391,389,0
50,1,1,1,1,1,12854,37,0,1,1,NA,0,34,0,0
48,0,1,2,1,1,12855,41,1,2,3,3,0,181,342,0
60,1,1,1,1,1,12856,90,0,1,2,2,0,348,325,0
47,1,1,2,1,1,12857,NA,NA,NA,NA,NA,0,0,0,NA
45,1,1,3,1,1,12858,59,0,1,1,1,1,243,293,0
52,0,1,4,1,1,12859,28,1,2,2,3,1,96,175,0
43,1,1,1,1,1,12861,29,0,1,2,3,0,1669,1460,0
53,1,1,1,1,1,12862,65,0,1,1,1,0,585,572,0
41,0,1,2,1,1,12864,55,0,1,1,2,0,240,389,0
48,1,1,2,1,1,12868,89,0,1,2,3,0,741,644,0
48,1,1,1,1,1,12870,48,0,3,3,3,0,702,670,0
40,1,1,4,1,1,12871,809,0,5,1,2,1,298,322,0
50,1,1,1,1,1,12872,121,0,1,3,3,0,611,669,0
48,1,1,1,1,1,12873,57,0,2,2,3,0,278,266,0
58,1,1,4,1,1,12875,NA,NA,NA,NA,NA,1,0,0,NA
44,1,1,2,1,1,12877,101,0,1,2,3,0,452,495,0
54,1,1,3,1,1,12878,101,0,3,1,2,1,474,510,0
56,1,1,4,1,1,12880,22,1,3,2,NA,1,16,0,0
65,1,1,3,1,1,12883,31,1,1,1,NA,1,16,0,0
40,0,1,2,1,1,12884,154,0,1,2,2,0,584,594,0
50,1,1,3,1,1,12886,102,0,1,2,3,1,395,368,0
52,1,1,2,1,1,12887,110,0,1,1,2,0,435,443,0
51,1,1,3,1,1,12888,27,1,4,2,2,1,113,166,0
47,1,1,3,1,1,12889,144,0,3,1,1,1,529,445,0
50,1,1,4,1,1,12891,103,0,4,1,1,1,353,368,0
56,0,1,4,1,1,12892,87,0,5,1,1,1,396,410,0
46,1,1,3,1,1,12893,40,0,3,1,1,1,163,192,0
57,0,1,3,1,1,12894,85,0,2,1,1,1,271,316,0
33,1,1,2,1,1,12898,53,0,1,2,3,0,257,267,0
50,1,1,1,1,1,12900,90,0,1,1,2,0,399,367,0
46,1,1,1,1,1,12901,96,0,1,2,2,0,457,423,0
48,1,1,1,1,1,12902,13,1,1,1,NA,0,13,0,0
46,1,1,1,1,1,12903,95,0,1,2,2,0,458,460,0
58,0,1,1,1,1,12904,41,1,1,2,3,0,170,343,0
NA,NA,1,3,1,1,12909,81,0,2,1,2,1,308,423,0
45,1,1,2,1,1,12911,75,0,1,3,3,0,334,401,0
41,1,1,1,1,1,12912,27,0,1,1,2,0,136,259,0
55,1,1,2,1,1,12914,52,1,1,1,1,0,197,302,0
54,1,1,2,1,1,12916,90,0,1,1,2,0,349,410,0
44,1,1,3,1,1,12920,42,0,4,1,1,1,178,221,0
41,1,1,1,1,1,12921,138,0,1,1,1,0,594,526,0
46,1,1,3,1,1,12923,51,0,2,3,2,1,836,724,0
43,1,1,4,1,1,12925,20,0,3,2,NA,1,17,0,0
43,1,1,4,1,1,12926,61,0,2,2,3,1,235,237,0
51,1,1,3,1,1,12927,59,0,2,2,NA,1,46,0,0
52,1,1,3,1,1,12928,26,1,3,1,1,1,101,181,0
43,1,1,2,1,1,12933,104,0,1,3,2,0,482,517,0
54,0,1,2,1,1,12935,104,0,1,1,1,0,387,367,0
41,1,1,4,1,1,12936,43,0,1,1,3,1,169,230,0
46,1,1,2,1,1,12944,103,0,1,3,3,0,449,467,0
45,1,1,4,1,1,12945,93,0,3,3,2,1,463,456,0
48,1,1,2,1,1,12947,400,0,1,2,1,0,176,181,0
50,1,1,1,1,1,12950,94,0,1,1,NA,0,150,0,0
46,1,1,1,1,1,12953,99,0,1,2,3,0,1269,1093,0
56,1,1,3,1,1,12954,NA,NA,NA,NA,NA,1,0,0,NA
44,1,1,1,1,1,12955,81,0,3,2,3,0,394,431,0
48,1,1,3,1,1,12956,22,1,1,2,3,1,103,254,0
33,1,1,2,1,1,12957,77,0,1,3,3,0,1287,1157,0
41,1,1,1,1,1,12958,100,0,1,3,3,0,1134,1006,0
45,0,1,2,1,1,12963,87,0,1,2,3,0,387,405,0
48,1,1,4,1,1,12964,56,0,4,1,NA,1,39,0,0
51,1,1,2,1,1,12966,85,0,1,2,2,0,354,395,0
55,1,1,3,1,1,12967,131,0,3,3,3,1,592,596,0
44,1,1,1,1,1,12969,23,1,1,3,3,0,125,215,0
41,1,1,1,1,1,12970,103,0,2,2,3,0,502,514,0
38,1,1,3,1,1,12971,12,0,3,1,1,1,55,145,0
42,1,1,2,1,1,12973,82,0,1,3,3,0,376,404,0
53,1,1,2,1,1,12974,83,0,2,3,3,0,532,565,0
50,1,1,1,1,1,12975,101,0,1,2,3,0,470,458,0
52,1,1,2,1,1,12976,70,0,1,3,3,0,294,290,0
57,0,1,2,1,1,12977,635,0,2,2,2,0,225,309,0
44,0,1,1,1,1,12979,85,0,1,3,3,0,396,414,0
47,1,1,2,1,1,12980,90,0,1,3,3,0,396,416,0
47,1,1,1,1,1,12981,46,0,1,3,3,0,226,299,0
45,1,1,4,1,1,12984,101,0,3,1,2,1,363,387,0
41,1,1,1,1,1,12985,91,0,1,1,2,0,448,407,0
NA,0,1,4,1,1,12986,NA,NA,NA,NA,NA,1,0,0,NA
60,1,1,3,1,1,12987,NA,NA,NA,NA,NA,1,0,0,NA
50,0,1,3,1,1,12988,40,1,3,1,1,1,140,261,0
42,1,1,2,1,1,12989,96,0,4,1,2,0,423,446,0
49,1,1,2,1,1,12991,87,0,1,2,2,0,373,404,0
56,1,1,4,1,1,12993,NA,NA,NA,NA,NA,1,0,0,NA
54,0,1,1,1,1,12994,66,0,1,3,NA,0,144,0,0
41,1,1,2,1,1,12996,130,0,1,3,3,0,943,793,0
54,1,1,3,1,1,12997,106,0,1,3,3,1,503,601,0
48,0,1,1,1,1,12999,77,0,3,1,1,0,338,320,0
46,1,1,4,1,1,13000,64,0,4,2,2,1,243,235,0
52,1,1,1,1,1,13001,71,0,1,2,2,0,959,915,0
57,1,1,1,1,1,13006,73,0,1,1,NA,0,59,0,0
57,1,1,4,1,1,13008,46,1,3,1,3,1,136,226,0
42,1,1,4,1,1,13010,59,0,4,2,1,1,654,617,0
53,1,1,3,1,1,13011,49,0,3,1,NA,1,107,0,0
53,1,1,2,1,1,13015,58,1,1,3,3,0,610,623,0
48,1,1,1,1,1,13017,74,0,1,3,3,0,895,812,0
41,1,1,2,1,1,13021,43,0,1,1,1,0,205,228,0
45,1,1,3,1,1,13024,106,0,3,1,1,1,421,442,0
43,1,1,2,1,1,13025,143,0,1,2,2,0,921,827,0
38,1,1,2,1,1,13028,89,0,1,1,2,0,400,374,0
51,1,1,3,1,1,13029,122,0,1,3,3,1,1445,1270,0
42,1,1,1,1,1,13030,32,0,1,2,2,0,168,248,0
48,1,1,2,1,1,13031,148,0,1,3,3,0,909,805,0
38,1,1,1,1,1,13033,43,0,1,2,2,0,224,238,0
50,1,1,2,1,1,13034,68,0,1,1,1,0,278,323,0
44,0,1,2,1,1,13035,122,0,1,3,3,0,871,849,0
46,1,1,1,1,1,13036,117,0,1,2,3,0,910,829,0
44,1,1,1,1,1,13037,103,0,2,1,1,0,487,447,0
48,0,1,4,1,1,13038,115,0,3,2,2,1,421,450,0
54,1,1,4,1,1,13039,86,0,5,2,1,1,278,347,0
43,1,1,1,1,1,13043,NA,NA,NA,NA,NA,0,0,0,NA
50,1,1,1,1,1,13046,418,0,1,2,3,0,193,308,0
52,1,1,4,1,1,13047,409,0,2,3,3,1,142,230,0
48,0,1,4,1,1,13048,68,0,3,2,2,1,240,236,0
49,1,1,3,1,1,13050,31,1,2,2,3,1,135,217,0
42,1,1,1,1,1,13051,31,0,2,2,2,0,164,236,0
43,1,1,2,1,1,13052,96,0,1,2,2,0,436,386,0
53,1,1,1,1,1,13054,125,0,1,3,3,0,1384,1186,0
50,1,1,3,1,1,13055,83,0,2,3,3,1,327,307,0
48,1,1,4,1,1,13059,40,1,1,1,1,1,147,216,0
56,1,1,1,1,1,13061,37,1,1,1,NA,0,31,0,0
44,1,1,1,1,1,13062,80,0,1,1,2,0,383,437,0
43,1,1,3,1,1,13064,85,0,2,1,2,1,352,358,0
46,0,1,2,1,1,13065,27,1,2,1,1,0,117,141,0
62,1,1,2,1,1,13067,109,0,1,2,2,0,350,337,0
46,1,1,3,1,1,13069,83,0,2,1,1,1,324,356,0
45,1,1,4,1,1,13070,22,1,3,2,3,1,93,171,0
60,1,1,1,1,1,13071,88,0,1,3,3,0,339,332,0
46,1,1,3,1,1,13073,83,0,1,1,2,1,332,442,0
43,1,1,1,1,1,13075,174,0,1,1,2,0,1048,930,0
49,1,1,2,1,1,13076,85,0,1,1,NA,0,94,0,0
39,1,1,2,1,1,13078,42,0,1,3,3,0,216,283,0
48,1,1,2,1,1,13079,91,0,1,2,2,0,717,617,0
47,1,1,1,1,1,13080,50,0,1,3,3,0,1077,914,0
54,1,1,1,1,1,13081,99,0,1,2,2,0,430,451,0
46,1,1,1,1,1,13082,49,0,3,3,3,0,244,293,0
48,1,1,1,1,1,13084,528,0,1,3,3,0,246,347,0
58,1,1,2,1,1,13085,32,1,1,2,3,0,133,242,0
44,1,1,1,1,1,13087,45,0,1,1,1,0,221,346,0
38,1,1,4,1,1,13089,82,0,5,3,3,1,327,366,0
37,1,1,4,1,1,13090,89,0,4,1,2,1,347,374,0
40,1,1,2,1,1,13091,54,0,2,1,NA,0,87,0,0
49,1,1,2,1,1,13093,29,1,2,2,1,0,135,188,0
55,0,1,4,1,1,13094,107,0,5,1,2,1,319,359,0
47,1,1,2,1,1,13096,147,0,1,3,3,0,822,803,0
45,1,1,2,1,1,13097,58,0,1,2,2,0,875,814,0
55,1,1,1,1,1,13098,94,0,1,3,3,0,414,375,0
44,0,1,1,1,1,13099,34,0,1,2,2,0,173,265,0
59,1,1,4,1,1,13102,43,1,1,1,NA,1,24,0,0
43,1,1,4,1,1,13103,NA,NA,NA,NA,NA,1,0,0,NA
43,1,1,2,1,1,13104,48,0,1,2,2,0,230,219,0
46,1,1,4,1,1,13107,100,0,5,1,1,1,414,394,0
45,0,1,1,1,1,13109,103,0,1,2,2,0,482,434,0
56,1,1,4,1,1,13110,63,0,5,1,NA,1,38,0,0
58,1,1,1,1,1,13111,32,1,1,2,3,0,782,714,0
45,1,1,2,1,1,13113,64,0,2,3,3,0,289,415,0
59,0,1,1,1,1,13114,88,0,2,2,3,0,334,371,0
51,1,1,1,1,1,13118,94,0,1,1,2,0,902,787,0
41,0,1,3,1,1,13120,71,0,4,3,3,1,299,335,0
48,1,1,2,1,1,13121,NA,NA,NA,NA,NA,0,0,0,NA
41,1,1,4,1,1,13122,44,0,2,1,1,1,174,223,0
39,0,1,4,1,1,13125,78,0,2,1,2,1,546,540,0
49,0,1,2,1,1,13126,88,0,1,2,3,0,381,366,0
60,1,1,2,1,1,13129,42,1,2,1,2,0,144,289,0
48,1,1,2,1,1,13130,309,0,1,1,NA,0,26,0,0
51,1,1,1,1,1,13133,79,0,4,1,1,0,344,421,0
49,1,1,4,1,1,13136,41,1,5,1,1,1,143,183,0
39,0,1,4,1,1,13137,49,0,3,2,3,1,187,265,0
52,1,1,1,1,1,13138,95,0,1,1,1,0,418,518,0
58,1,1,1,1,1,13139,NA,NA,NA,NA,NA,0,0,0,NA
60,1,1,4,1,1,13140,47,1,4,1,NA,1,24,0,0
NA,NA,1,2,1,1,13141,20,0,1,1,NA,0,16,0,0
55,1,1,1,1,1,13142,66,1,2,1,3,0,279,342,0
51,1,1,3,1,1,13143,78,0,3,1,1,1,429,367,0
52,1,1,2,1,1,13144,42,1,2,2,2,0,177,272,0
50,1,1,3,1,1,13147,103,0,3,3,3,1,398,469,0
58,1,1,4,1,1,13148,NA,NA,NA,NA,NA,1,0,0,NA
41,1,1,2,1,1,13149,104,0,1,1,1,0,598,606,0
42,0,1,1,1,1,13151,40,0,1,3,3,0,198,197,0
60,1,1,2,1,1,13152,NA,NA,NA,NA,NA,0,0,0,NA
46,1,1,3,1,1,13153,NA,NA,NA,NA,NA,1,0,0,NA
56,1,1,2,1,1,13158,132,0,1,2,2,0,722,645,0
43,0,1,1,1,1,13159,66,0,1,1,1,0,314,365,0
51,1,1,2,1,1,13160,80,0,3,2,1,0,335,399,0
47,0,1,3,1,1,13161,63,0,3,2,1,1,246,308,0
61,1,1,1,1,1,13163,44,1,1,2,2,0,179,233,0
50,1,1,3,1,1,13164,42,1,3,3,3,1,173,207,0
52,0,1,3,1,1,13165,54,1,1,1,1,1,193,241,0
49,1,1,4,1,1,13166,119,0,2,1,2,1,433,514,0
52,1,1,2,1,1,13167,38,1,1,2,3,0,170,208,0
52,1,1,2,1,1,13168,96,0,2,2,3,0,406,437,0
48,0,1,3,1,1,13169,61,0,2,3,3,1,242,334,0
47,1,1,3,1,1,13170,41,0,3,2,2,1,173,241,0
46,1,1,1,1,1,13174,87,0,1,1,1,0,411,372,0
55,0,1,3,1,1,13175,NA,NA,NA,NA,NA,1,0,0,NA
43,1,1,1,1,1,13176,201,0,1,3,3,0,708,685,0
29,1,1,1,1,1,13178,89,0,2,1,1,0,426,525,0
52,1,1,3,1,1,13180,49,1,4,3,3,1,191,295,0
43,1,1,4,1,1,13182,50,0,3,3,3,1,200,281,0
NA,0,1,1,1,1,13183,118,0,2,1,1,0,755,733,0
39,1,1,3,1,1,13184,97,0,4,2,3,1,405,426,0
38,1,1,1,1,1,13185,88,0,2,1,2,0,547,603,0
48,1,1,1,1,1,13186,95,0,1,1,1,0,460,491,0
58,1,1,4,1,1,13188,NA,NA,NA,NA,NA,1,0,0,NA
43,1,1,3,1,1,13189,117,0,1,3,3,1,761,757,0
53,1,1,4,1,1,13190,102,0,4,2,2,1,343,368,0
38,1,1,4,1,1,13191,42,0,1,1,2,1,171,236,0
NA,1,1,1,1,1,13193,101,0,1,1,1,0,380,393,0
59,1,1,1,1,1,13194,120,0,1,1,2,0,551,538,0
40,1,1,2,1,1,13195,39,0,3,1,1,0,186,341,0
46,0,1,2,1,1,13197,95,0,2,1,2,0,404,441,0
40,1,1,1,1,1,13199,76,0,1,1,1,0,371,375,0
53,1,1,2,1,1,13200,81,0,1,2,3,0,336,417,0
49,0,1,1,1,1,13201,86,0,1,1,2,0,380,390,0
34,1,1,3,1,1,13202,80,0,1,2,3,1,344,336,0
46,1,1,4,1,1,13205,102,0,5,2,3,1,384,551,0
39,0,1,1,1,1,13206,71,0,1,3,3,0,355,376,0
51,1,1,1,1,1,13207,103,0,1,3,3,0,888,779,0
47,1,1,4,1,1,13209,45,0,3,1,2,1,159,239,0
48,1,1,1,1,1,13210,60,0,1,3,3,0,314,386,0
44,1,1,3,1,1,13212,97,0,2,3,3,1,403,472,0
NA,1,1,4,1,1,13213,43,1,3,1,1,1,171,191,0
51,1,1,3,1,1,13214,53,1,4,2,2,1,210,306,0
55,1,1,1,1,1,13217,170,0,1,3,3,0,885,755,0
45,1,1,4,1,1,13218,59,0,1,3,3,1,225,384,0
33,1,1,4,1,1,13219,105,0,3,1,1,1,395,423,0
46,1,1,3,1,1,13223,38,0,1,2,2,1,170,293,0
48,1,1,1,1,1,13226,NA,NA,NA,NA,NA,0,0,0,NA
42,1,1,2,1,1,13228,131,0,2,2,3,0,894,854,0
36,1,1,4,1,1,13230,112,0,3,2,2,1,428,429,0
64,0,1,2,1,1,13231,72,0,1,1,NA,0,85,0,0
45,1,1,1,1,1,13233,277,0,1,2,3,0,601,574,0
49,1,1,1,1,1,13234,171,0,1,1,NA,0,78,0,0
NA,0,1,1,1,1,13235,108,0,2,2,1,0,413,457,0
48,1,1,1,1,1,13237,18,1,1,1,1,0,96,147,0
39,1,1,3,1,1,13238,44,0,2,2,3,1,211,226,0
43,1,1,4,1,1,13239,82,0,5,1,1,1,751,641,0
NA,NA,1,1,1,1,13241,95,0,1,1,1,0,363,384,0
45,1,1,4,1,1,13242,81,0,5,1,1,1,297,314,0
44,1,1,1,1,1,13243,90,0,1,2,2,0,455,398,0
48,1,1,2,1,1,13246,120,0,1,3,NA,0,129,0,0
41,1,1,4,1,1,13247,88,0,3,1,3,1,328,405,0
36,0,1,4,1,1,13248,45,0,3,2,3,1,175,252,0
55,1,1,3,1,1,13249,58,1,2,2,2,1,208,269,0
53,1,1,4,1,1,13250,30,1,4,2,2,1,109,161,0
50,1,1,3,1,1,13252,NA,NA,NA,NA,NA,1,0,0,NA
45,1,1,4,1,1,13253,43,0,5,1,3,1,163,182,0
51,1,1,3,1,1,13255,44,1,3,1,1,1,175,263,0
55,0,1,3,1,1,13258,48,1,1,1,1,1,165,253,0
43,1,1,3,1,1,13259,32,0,1,2,3,1,145,297,0
47,0,1,3,1,1,13260,665,0,3,3,3,1,254,347,0
54,1,1,4,1,1,13261,41,1,2,3,3,1,140,275,0
41,0,1,3,1,1,13262,48,0,2,1,1,1,194,279,0
58,0,1,1,1,1,13264,26,1,1,1,NA,0,19,0,0
38,0,1,2,1,1,13266,93,0,1,2,2,0,605,521,0
58,1,1,1,1,1,13270,73,0,2,1,NA,0,106,0,0
47,1,1,1,1,1,13271,67,0,1,3,3,0,319,440,0
53,1,1,4,1,1,13272,118,0,2,2,3,1,450,430,0
50,1,1,2,1,1,13277,92,0,1,1,NA,0,176,0,0
48,0,1,4,1,1,13278,NA,NA,NA,NA,NA,1,0,0,NA
55,1,1,2,1,1,13279,NA,NA,NA,NA,NA,0,0,0,NA
39,1,1,1,1,1,13281,88,0,1,2,2,0,437,388,0
46,0,1,4,1,1,13284,84,0,3,1,2,1,290,285,0
48,1,1,3,1,1,13288,44,0,3,2,3,1,180,349,0
41,1,1,3,1,1,13290,24,0,3,1,1,1,109,203,0
40,1,1,4,1,1,13291,51,0,3,1,1,1,192,302,0
44,0,1,1,1,1,13292,NA,NA,NA,NA,NA,0,0,0,NA
49,0,1,3,1,1,13295,32,0,2,3,NA,1,25,0,0
41,1,1,1,1,1,13296,104,0,1,1,2,0,501,476,0
45,1,1,1,1,1,13297,125,0,1,2,1,0,963,908,0
38,0,1,3,1,1,13298,47,0,4,2,1,1,203,227,0
NA,0,1,2,1,1,13300,162,0,1,2,2,0,794,871,0
48,1,1,4,1,1,13301,46,0,4,2,NA,1,34,0,0
44,1,1,3,1,1,13302,68,0,1,1,1,1,1297,1148,0
43,0,1,2,1,1,13303,88,0,1,1,1,0,1618,1422,0
52,1,1,1,1,1,13305,41,1,2,3,3,0,190,215,0
48,1,1,1,1,1,13306,81,0,1,2,2,0,392,419,0
47,1,1,4,1,1,13307,41,0,2,1,2,1,150,307,0
51,1,1,3,1,1,13309,47,1,3,3,3,1,189,219,0
NA,1,1,3,1,1,13312,20,1,3,3,3,1,97,140,0
NA,1,1,2,1,1,13313,5,1,1,3,3,0,853,775,0
38,1,1,4,1,1,13314,107,0,3,1,2,1,410,483,0
42,1,1,2,1,1,13315,75,0,2,2,2,0,352,329,0
44,1,1,3,1,1,13318,43,0,5,1,2,1,179,308,0
55,1,1,3,1,1,13319,NA,NA,NA,NA,NA,1,0,0,NA
44,0,1,1,1,1,13321,84,0,1,2,3,0,397,403,0
44,1,1,3,1,1,13323,107,0,1,3,3,1,443,387,0
49,1,1,4,1,1,13324,26,1,3,2,1,1,595,537,0
51,0,1,1,1,1,13326,139,0,1,1,NA,0,105,0,0
45,0,1,2,1,1,13330,89,0,1,3,3,0,383,406,0
47,1,1,3,1,1,13331,243,0,2,2,2,1,863,802,0
45,1,1,3,1,1,13332,46,0,2,1,1,1,200,215,0
50,1,1,2,1,1,13335,NA,NA,NA,NA,NA,0,0,0,NA
41,1,1,3,1,1,13336,83,0,5,1,3,1,349,454,0
51,1,1,3,1,1,13337,69,0,3,1,3,1,255,298,0
41,1,1,2,1,1,13339,127,0,1,3,3,0,563,540,0
56,0,1,4,1,1,13340,51,1,2,1,1,1,153,166,0
46,1,1,2,1,1,13341,81,0,1,2,2,0,361,465,0
55,1,1,3,1,1,13342,104,0,3,2,3,1,365,385,0
59,1,1,4,1,1,13345,89,0,2,3,3,1,254,344,0
45,0,1,1,1,1,13346,77,0,1,1,1,0,355,357,0
NA,1,1,4,1,1,13347,40,0,4,2,3,1,166,202,0
54,1,1,4,1,1,13349,58,1,3,1,2,1,190,314,0
46,1,1,1,1,1,13350,101,0,1,1,2,0,471,506,0
43,0,1,4,1,1,13352,47,0,1,1,1,1,170,260,0
47,1,1,2,1,1,13353,83,0,1,3,3,0,364,386,0
51,1,1,1,1,1,13354,NA,NA,NA,NA,NA,0,0,0,NA
44,1,1,2,1,1,13356,99,0,1,1,1,0,434,414,0
50,1,1,1,1,1,13358,95,0,2,1,1,0,574,577,0
37,1,1,4,1,1,13359,108,0,4,1,1,1,412,463,0
50,1,1,2,1,1,13361,139,0,1,2,2,0,1366,1184,0
46,1,1,1,1,1,13362,108,0,3,2,3,0,518,515,0
46,0,1,2,1,1,13366,NA,NA,NA,NA,NA,0,0,0,NA
45,0,1,3,1,1,13370,115,0,4,2,3,1,797,684,0
44,1,1,1,1,1,13371,175,0,1,3,3,0,768,686,0
51,1,1,2,1,1,13372,76,0,2,2,2,0,755,655,0
40,1,1,2,1,1,13373,84,0,2,1,1,0,385,475,0
49,1,1,4,1,1,13374,23,1,2,1,2,1,81,204,0
58,1,1,2,1,1,13375,43,1,2,1,1,0,163,233,0
51,0,1,2,1,1,13376,41,1,2,1,1,0,159,232,0
48,1,1,2,1,1,13379,75,0,1,1,1,0,319,345,0
45,1,1,3,1,1,13381,111,0,3,2,1,1,446,481,0
48,1,1,1,1,1,13383,176,0,1,2,3,0,1081,930,0
57,1,1,2,1,1,13384,69,1,1,1,2,0,246,294,0
37,1,1,3,1,1,13385,83,0,1,3,3,1,360,391,0
38,1,1,3,1,1,13390,103,0,1,1,2,1,478,562,0
45,1,1,2,1,1,13392,83,0,1,2,2,0,376,407,0
51,0,1,2,1,1,13393,60,0,1,1,2,0,720,659,0
48,1,1,1,1,1,13395,92,0,4,2,2,0,431,589,0
43,1,1,3,1,1,13398,431,0,2,2,3,1,181,371,0
47,0,1,3,1,1,13400,32,1,5,1,1,1,117,176,0
45,1,1,3,1,1,13401,21,1,2,2,3,1,102,195,0
58,1,1,4,1,1,13402,75,1,4,3,3,1,222,333,0
41,1,1,4,1,1,13403,36,0,3,1,1,1,141,196,0
41,0,1,2,1,1,13405,157,0,3,1,1,0,887,735,0
50,1,1,1,1,1,13406,101,0,1,1,1,0,461,494,0
41,1,1,3,1,1,13407,43,0,3,1,2,1,178,261,0
45,0,1,4,1,1,13408,94,0,2,1,1,1,335,330,0
46,1,1,4,1,1,13409,60,0,4,3,3,1,753,717,0
46,1,1,1,1,1,13413,77,0,1,3,3,0,385,435,0
49,0,1,1,1,1,13414,51,0,2,3,3,0,242,280,0
45,1,1,1,1,1,13415,41,0,1,3,3,0,217,279,0
48,1,1,2,1,1,13416,44,0,1,1,1,0,186,314,0
42,1,1,3,1,1,13417,49,0,1,1,2,1,210,283,0
36,0,1,2,1,1,13418,90,0,4,2,3,0,427,391,0
61,0,1,4,1,1,13420,150,0,3,1,1,1,341,440,0
53,1,1,1,1,1,13421,320,0,1,1,NA,0,27,0,0
49,1,1,3,1,1,13423,71,0,2,1,NA,1,55,0,0
49,0,1,2,1,1,13424,114,0,1,2,3,0,751,661,0
51,1,1,2,1,1,13432,26,1,1,1,2,0,114,136,0
47,1,1,3,1,1,13434,NA,NA,NA,NA,NA,1,0,0,NA
50,0,1,4,1,1,13436,95,0,3,1,2,1,319,330,0
50,1,1,3,1,1,13438,41,1,2,1,2,1,159,169,0
44,1,1,3,1,1,13439,34,0,2,1,1,1,140,279,0
58,0,1,4,1,1,13441,56,1,4,3,3,1,170,164,0
43,1,1,2,1,1,13443,69,0,1,2,2,0,319,311,0
58,0,1,1,1,1,13446,45,1,1,1,2,0,165,174,0
37,1,1,1,1,1,13447,157,0,1,2,2,0,861,781,0
45,1,1,2,1,1,13452,47,0,2,3,3,0,215,241,0
48,0,1,1,1,1,13453,113,0,1,3,3,0,1118,1102,0
54,0,1,4,1,1,13455,100,0,3,2,2,1,317,392,0
55,1,1,1,1,1,13456,33,1,1,3,3,0,162,229,0
40,1,1,4,1,1,13458,65,0,2,2,3,1,261,254,0
47,1,1,3,1,1,13459,100,0,2,2,2,1,401,441,0
37,1,1,3,1,1,13460,72,0,4,2,1,1,316,404,0
40,1,1,2,1,1,13461,105,0,1,3,3,0,526,585,0
49,1,1,1,1,1,13462,44,1,1,3,3,0,230,256,0
39,0,1,4,1,1,13463,47,0,4,3,3,1,179,202,0
39,1,1,1,1,1,13465,90,0,1,1,2,0,443,420,0
61,1,1,1,1,1,13469,101,0,1,3,3,0,371,370,0
53,1,1,1,1,1,13472,NA,NA,NA,NA,NA,0,0,0,NA
54,1,1,3,1,1,13473,50,1,1,3,3,1,189,233,0
52,1,1,3,1,1,13474,106,0,2,3,3,1,392,441,0
56,1,1,3,1,1,13475,29,1,2,1,2,1,97,233,0
47,1,1,4,1,1,13477,85,0,4,1,1,1,298,342,0
52,1,1,3,1,1,13480,46,1,1,1,1,1,177,366,0
45,1,1,3,1,1,13481,61,0,1,1,1,1,449,480,0
43,0,1,1,1,1,13482,672,0,1,3,3,0,314,291,0
46,0,1,4,1,1,13483,106,0,2,2,3,1,377,366,0
55,1,1,3,1,1,13484,83,0,1,1,1,1,293,259,0
44,1,1,4,1,1,13485,42,0,2,3,3,1,167,349,0
48,0,1,3,1,1,13486,101,0,2,1,1,1,381,360,0
36,1,1,2,1,1,13489,77,0,1,3,3,0,534,530,0
55,1,1,4,1,1,13490,42,1,5,1,1,1,137,276,0
49,1,1,4,1,1,13491,42,1,3,1,2,1,157,204,0
42,1,1,1,1,1,13492,27,0,1,3,3,0,142,379,0
54,1,1,4,1,1,13493,57,1,2,2,3,1,189,260,0
55,1,1,4,1,1,13494,57,0,1,1,NA,1,35,0,0
39,1,1,2,1,1,13495,42,0,1,1,1,0,204,308,0
46,1,1,1,1,1,13496,63,0,1,2,2,0,319,349,0
47,1,1,1,1,1,13498,48,0,4,1,1,0,228,360,0
43,1,1,4,1,1,13499,105,0,4,3,3,1,400,370,0
45,0,1,1,1,1,13500,45,0,1,1,2,0,209,229,0
49,1,1,1,1,1,13501,104,0,1,3,3,0,483,457,0
45,0,1,3,1,1,13503,22,1,3,1,1,1,89,152,0
50,1,1,3,1,1,13505,61,0,3,2,3,1,250,327,0
51,1,1,4,1,1,13506,NA,NA,NA,NA,NA,1,0,0,NA
54,1,1,4,1,1,13507,63,1,2,3,3,1,208,196,0
54,1,1,1,1,1,13508,84,0,2,1,2,0,351,378,0
43,1,1,2,1,1,13509,92,0,1,2,2,0,411,437,0
52,1,1,3,1,1,13510,NA,NA,NA,NA,NA,1,0,0,NA
52,1,1,1,1,1,13515,45,1,1,1,1,0,200,310,0
47,1,1,1,1,1,13516,83,0,1,2,2,0,394,361,0
57,1,1,1,1,1,13517,65,0,1,2,NA,0,53,0,0
52,1,1,2,1,1,13519,NA,NA,NA,NA,NA,0,0,0,NA
49,1,1,2,1,1,13521,NA,NA,NA,NA,NA,0,0,0,NA
50,1,1,4,1,1,13526,53,0,2,1,1,1,184,298,0
48,1,1,1,1,1,13527,102,0,2,1,3,0,465,515,0
64,1,1,1,1,1,13528,NA,NA,NA,NA,NA,0,0,0,NA
61,0,1,2,1,1,13530,24,1,1,1,1,0,537,494,0
49,1,1,3,1,1,13532,NA,NA,NA,NA,NA,1,0,0,NA
54,1,1,4,1,1,13533,49,1,5,3,3,1,170,248,0
57,1,1,3,1,1,13538,47,1,2,1,2,1,164,273,0
35,1,1,4,1,1,13539,110,0,3,1,2,1,420,474,0
60,1,1,3,1,1,13540,16,1,1,1,NA,1,11,0,0
43,1,1,3,1,1,13543,47,0,3,2,3,1,210,249,0
56,0,1,2,1,1,13544,117,0,1,1,NA,0,91,0,0
54,1,1,3,1,1,13545,82,0,2,3,2,1,501,452,0
48,1,1,1,1,1,13546,113,0,1,1,3,0,591,535,0
58,1,1,1,1,1,13547,NA,NA,NA,NA,NA,0,0,0,NA
43,1,1,2,1,1,13551,75,0,1,2,3,0,338,333,0
52,1,1,3,1,1,13556,85,0,1,3,3,1,614,591,0
48,1,1,3,1,1,13557,89,0,1,3,3,1,673,587,0
48,1,1,3,1,1,13558,NA,NA,NA,NA,NA,1,0,0,NA
48,1,1,4,1,1,13559,85,0,4,1,1,1,299,332,0
44,1,1,1,1,1,13560,41,0,2,1,2,0,191,238,0
53,1,1,4,1,1,13562,48,0,5,3,NA,1,34,0,0
54,1,1,2,1,1,13565,50,1,1,1,2,0,193,203,0
42,0,1,2,1,1,13567,89,0,1,1,3,0,392,486,0
45,1,1,2,1,1,13568,102,0,3,1,1,0,446,437,0
52,0,1,1,1,1,13571,55,1,1,1,3,0,239,269,0
41,1,1,3,1,1,13572,38,0,4,1,1,1,881,765,0
53,1,1,4,1,1,13573,104,0,4,1,1,1,330,348,0
44,1,1,1,1,1,13574,54,0,1,3,3,0,289,372,0
45,1,1,3,1,1,13575,191,0,3,1,2,1,492,455,0
50,1,1,3,1,1,13578,80,0,2,3,3,1,315,316,0
44,0,1,4,1,1,13580,59,0,1,3,3,1,213,294,0
39,0,1,4,1,1,13581,35,0,4,1,1,1,131,175,0
57,1,1,1,1,1,13583,66,0,1,1,NA,0,124,0,0
46,1,1,3,1,1,13585,45,0,2,2,3,1,192,222,0
42,1,1,4,1,1,13586,55,0,5,3,3,1,217,222,0
46,1,1,1,1,1,13589,50,0,2,3,3,0,251,275,0
57,1,1,4,1,1,13590,71,1,3,1,1,1,327,386,0
52,1,1,2,1,1,13591,NA,NA,NA,NA,NA,0,0,0,NA
44,1,1,4,1,1,13592,45,0,1,3,3,1,180,267,0
47,1,1,1,1,1,13595,88,0,1,1,1,0,415,411,0
47,1,1,1,1,1,13596,102,0,1,2,2,0,483,456,0
56,1,1,3,1,1,13598,115,0,1,3,3,1,687,728,0
40,0,1,3,1,1,13599,57,0,1,2,2,1,245,287,0
30,1,1,4,1,1,13600,84,0,3,1,1,1,317,400,0
54,1,1,1,1,1,13603,26,1,1,1,NA,0,80,0,0
43,1,1,2,1,1,13608,70,0,1,1,NA,0,62,0,0
37,1,1,4,1,1,13609,45,0,3,1,2,1,176,196,0
45,1,1,2,1,1,13610,104,0,1,3,3,0,749,657,0
41,1,1,1,1,1,13612,106,0,1,1,1,0,998,888,0
42,1,1,2,1,1,13613,61,0,2,1,1,0,730,626,0
57,1,1,4,1,1,13615,NA,NA,NA,NA,NA,1,0,0,NA
39,1,1,2,1,1,13616,94,0,1,2,3,0,435,442,0
45,1,1,4,1,1,13617,39,0,4,1,NA,1,110,0,0
57,1,1,4,1,1,13618,46,1,3,3,3,1,155,187,0
52,1,1,3,1,1,13619,36,1,3,1,3,1,139,185,0
45,1,1,1,1,1,13621,85,0,1,3,3,0,410,473,0
44,1,1,1,1,1,13622,111,0,1,3,3,0,538,509,0
48,0,1,2,1,1,13624,78,0,1,1,NA,0,65,0,0
41,1,1,1,1,1,13627,192,0,1,3,3,0,990,886,0
38,1,1,3,1,1,13633,23,0,2,3,3,1,110,188,0
64,1,1,4,1,1,13634,33,1,1,1,NA,1,15,0,0
49,1,1,3,1,1,13636,48,0,2,1,1,1,184,215,0
44,1,1,2,1,1,13638,97,0,1,3,3,0,430,469,0
46,1,1,4,1,1,13639,68,0,4,1,1,1,245,299,0
46,1,1,3,1,1,13640,109,0,3,1,1,1,427,470,0
45,1,1,2,1,1,13641,160,0,1,1,1,0,506,643,0
53,1,1,4,1,1,13642,25,1,2,3,2,1,100,165,0
62,1,1,4,1,1,13643,NA,NA,NA,NA,NA,1,0,0,NA
43,1,1,2,1,1,13646,102,0,3,1,1,0,456,458,0
46,1,1,1,1,1,13647,402,0,3,1,2,0,184,292,0
42,1,1,4,1,1,13648,49,0,3,1,1,1,194,252,0
39,0,1,4,1,1,13650,89,0,5,2,3,1,450,401,0
42,1,1,4,1,1,13651,65,0,3,1,1,1,243,320,0
41,1,1,3,1,1,13655,46,0,2,3,3,1,202,294,0
48,1,1,1,1,1,13658,71,0,1,3,NA,0,67,0,0
53,1,1,3,1,1,13660,105,0,5,2,2,1,388,406,0
46,1,1,2,1,1,13662,112,0,1,1,1,0,521,548,0
46,1,1,2,1,1,13664,99,0,1,1,1,0,854,754,0
49,1,1,4,1,1,13666,80,0,4,1,1,1,279,328,0
41,1,1,4,1,1,13667,61,0,5,2,3,1,235,278,0
42,1,1,4,1,1,13670,61,0,3,1,1,1,238,255,0
44,1,1,1,1,1,13672,50,0,1,3,3,0,262,317,0
71,0,1,2,1,1,13675,NA,NA,NA,NA,NA,0,0,0,NA
46,1,1,1,1,1,13676,75,0,1,2,3,0,924,833,0
49,0,1,1,1,1,13677,56,0,3,1,2,0,245,316,0
52,1,1,4,1,1,13680,59,0,5,3,3,1,657,662,0
41,1,1,2,1,1,13682,62,0,1,1,NA,0,55,0,0
45,1,1,2,1,1,13683,120,0,1,3,3,0,515,492,0
39,1,1,4,1,1,13686,46,0,4,1,2,1,177,226,0
57,1,1,4,1,1,13688,40,1,2,2,2,1,132,396,0
56,0,1,4,1,1,13689,NA,NA,NA,NA,NA,1,0,0,NA
56,0,1,2,1,1,13691,NA,NA,NA,NA,NA,0,0,0,NA
43,1,1,4,1,1,13695,104,0,4,1,1,1,389,420,0
58,1,1,1,1,1,13699,88,0,1,2,2,0,356,348,0
47,0,1,1,1,1,13700,71,0,1,1,1,0,330,332,0
44,0,1,1,1,1,13701,59,0,1,2,3,0,288,312,0
40,1,1,1,1,1,13703,25,0,1,1,2,0,131,455,0
46,1,1,4,1,1,13704,45,0,2,1,2,1,162,179,0
50,1,1,4,1,1,13706,39,1,3,1,1,1,140,227,0
56,1,1,1,1,1,13710,90,0,1,3,3,0,1322,1130,0
52,0,1,1,1,1,13712,57,0,1,2,2,0,248,273,0
50,1,1,2,1,1,13714,37,1,2,1,2,0,177,321,0
46,0,1,2,1,1,13715,51,0,1,1,1,0,919,828,0
48,1,1,3,1,1,13717,74,0,2,1,2,1,280,349,0
NA,1,1,4,1,1,13722,48,0,5,1,2,1,193,300,0
NA,NA,1,4,1,1,13723,47,1,5,3,3,1,191,280,0
37,1,1,3,1,1,13724,426,0,3,3,3,1,185,248,0
52,1,1,1,1,1,13725,30,1,1,3,3,0,151,165,0
51,1,1,1,1,1,13726,98,0,1,1,1,0,429,395,0
51,1,1,3,1,1,13727,153,0,1,3,3,1,463,441,0
54,0,1,4,1,1,13730,84,0,4,2,3,1,259,380,0
49,1,1,4,1,1,13731,26,1,3,1,1,1,98,124,0
40,0,1,4,1,1,13732,80,0,3,2,3,1,305,307,0
50,1,1,3,1,1,13738,18,1,1,1,NA,1,14,0,0
38,1,1,1,1,1,13741,60,0,1,1,1,0,300,496,0
49,1,1,2,1,1,13742,45,1,1,2,3,0,199,196,0
60,0,1,1,1,1,13744,117,0,1,1,2,0,788,784,0
50,1,1,2,1,1,13745,109,0,3,2,3,0,834,809,0
53,1,1,1,1,1,13746,NA,NA,NA,NA,NA,0,0,0,NA
45,1,1,3,1,1,13752,37,0,2,2,2,1,161,191,0
35,1,1,3,1,1,13753,83,0,1,1,1,1,350,329,0
56,1,1,3,1,1,13754,NA,NA,NA,NA,NA,1,0,0,NA
49,1,1,1,1,1,13756,75,0,1,2,2,0,572,602,0
60,1,1,3,1,1,13757,NA,NA,NA,NA,NA,1,0,0,NA
42,0,1,1,1,1,13758,73,0,1,3,3,0,671,627,0
41,0,1,2,1,1,13759,42,0,1,1,2,0,196,311,0
43,1,1,1,1,1,13760,91,0,1,3,3,0,440,445,0
48,1,1,1,1,1,13762,85,0,1,2,3,0,924,887,0
32,1,1,4,1,1,13763,32,0,3,2,3,1,134,174,0
46,1,1,4,1,1,13764,54,0,3,1,1,1,864,823,0
45,1,1,1,1,1,13765,98,0,1,3,3,0,473,491,0
56,1,1,1,1,1,13767,108,0,1,2,2,0,445,401,0
51,1,1,4,1,1,13768,55,0,4,2,3,1,200,253,0
57,0,1,3,1,1,13769,76,0,1,1,NA,1,47,0,0
46,1,1,1,1,1,13770,83,0,2,1,2,0,392,437,0
39,1,1,2,1,1,13771,30,0,1,1,1,0,154,270,0
48,1,1,1,1,1,13772,20,0,2,1,NA,0,19,0,0
43,1,1,2,1,1,13773,85,0,1,1,2,0,381,391,0
45,1,1,1,1,1,13774,165,0,1,3,3,0,1828,1488,0
54,1,1,1,1,1,13776,71,0,1,1,NA,0,60,0,0
44,1,1,4,1,1,13777,46,0,1,3,3,1,194,196,0
46,0,1,1,1,1,13778,70,0,1,1,1,0,567,507,0
43,0,1,3,1,1,13781,105,0,5,1,1,1,417,497,0
44,1,1,1,1,1,13782,43,0,1,1,1,0,211,273,0
35,1,1,2,1,1,13783,30,0,2,1,1,0,657,716,0
57,1,1,2,1,1,13784,89,0,1,2,2,0,329,322,0
51,1,1,4,1,1,13785,18,1,3,2,NA,1,15,0,0
51,1,1,4,1,1,13787,33,0,4,1,NA,1,77,0,0
40,0,1,4,1,1,13789,112,0,4,1,1,1,423,435,0
47,1,1,4,1,1,13790,95,0,3,2,2,1,352,406,0
48,1,1,2,1,1,13791,51,0,1,3,3,0,230,264,0
48,1,1,1,1,1,13793,97,0,1,3,3,0,528,522,0
42,1,1,2,1,1,13794,77,0,1,1,2,0,344,362,0
56,0,1,2,1,1,13795,51,1,2,2,3,0,189,209,0
45,1,1,1,1,1,13797,76,0,1,2,2,0,375,442,0
50,1,1,1,1,1,13799,64,0,1,1,NA,0,150,0,0
51,1,1,1,1,1,13800,85,0,1,2,3,0,384,398,0
50,1,1,4,1,1,13801,43,1,1,3,3,1,164,208,0
69,1,1,1,1,1,13803,NA,NA,NA,NA,NA,0,0,0,NA
45,0,1,2,1,1,13807,80,0,1,3,3,0,347,376,0
46,1,1,4,1,1,13808,76,0,1,1,1,1,759,745,0
41,1,1,1,1,1,13809,75,0,1,2,2,0,370,378,0
54,1,1,1,1,1,13811,50,1,2,1,1,0,213,223,0
49,0,1,2,1,1,13813,46,1,1,3,3,0,193,242,0
49,1,1,1,1,1,13814,29,1,2,1,2,0,136,244,0
52,1,1,4,1,1,13815,44,1,5,1,2,1,145,256,0
50,1,1,2,1,1,13816,64,0,2,1,1,0,269,347,0
45,1,1,1,1,1,13817,84,0,1,1,2,0,396,449,0
44,1,1,3,1,1,13818,30,1,3,2,2,1,147,137,0
43,0,1,2,1,1,13819,110,0,2,1,2,0,534,513,0
47,1,1,2,1,1,13823,81,0,1,1,2,0,346,456,0
60,1,1,3,1,1,13824,55,0,1,1,NA,1,61,0,0
38,0,1,2,1,1,13826,91,0,1,3,3,0,424,458,0
43,1,1,4,1,1,13828,175,0,3,1,1,1,515,504,0
54,1,1,1,1,1,13830,91,0,1,3,3,0,407,468,0
57,1,1,2,1,1,13832,NA,NA,NA,NA,NA,0,0,0,NA
47,1,1,4,1,1,13833,102,0,5,1,1,1,357,335,0
44,0,1,2,1,1,13836,97,0,1,3,3,0,499,660,0
50,1,1,3,1,1,13839,53,0,1,3,3,1,216,253,0
44,1,1,1,1,1,13841,52,0,2,2,1,0,605,575,0
48,0,1,4,1,1,13842,21,1,4,3,3,1,95,170,0
47,1,1,4,1,1,13843,108,0,4,1,1,1,389,429,0
48,0,1,1,1,1,13844,44,0,1,2,3,0,204,301,0
46,1,1,2,1,1,13846,98,0,1,2,3,0,529,466,0
46,0,1,4,1,1,13847,92,0,3,1,1,1,326,344,0
44,0,1,1,1,1,13848,245,0,1,2,2,0,1788,1489,0
43,1,1,2,1,1,13849,24,1,1,2,2,0,128,170,0
53,1,1,4,1,1,13850,20,1,1,1,2,1,70,121,0
46,1,1,2,1,1,13851,61,0,3,1,2,0,285,282,0
51,0,1,2,1,1,13852,47,1,1,2,2,0,202,216,0
47,0,1,3,1,1,13853,51,0,3,1,1,1,192,259,0
49,0,1,1,1,1,13854,121,0,1,3,3,0,1651,1502,0
38,1,1,1,1,1,13856,54,0,3,1,1,0,276,319,0
50,1,1,2,1,1,13860,86,0,2,3,3,0,490,502,0
45,0,1,2,1,1,13861,80,0,1,1,NA,0,134,0,0
54,0,1,2,1,1,13862,64,1,1,3,3,0,459,464,0
43,1,1,3,1,1,13864,52,0,1,1,2,1,212,271,0
49,1,1,3,1,1,13865,25,1,1,2,1,1,112,209,0
50,1,1,2,1,1,13866,58,0,2,1,1,0,254,324,0
42,1,1,4,1,1,13867,102,0,5,1,2,1,377,417,0
50,1,1,4,1,1,13869,101,0,5,2,2,1,355,367,0
44,1,1,3,1,1,13870,107,0,1,3,3,1,437,416,0
54,1,1,3,1,1,13871,47,1,1,3,3,1,192,251,0
45,1,1,4,1,1,13873,29,1,3,1,3,1,112,178,0
41,0,1,2,1,1,13874,50,0,1,1,1,0,217,224,0
NA,1,1,2,1,1,13875,108,0,3,1,1,0,409,465,0
NA,1,1,1,1,1,13878,NA,NA,NA,NA,NA,0,0,0,NA
53,1,1,2,1,1,13882,62,0,2,1,1,0,243,257,0
47,0,1,2,1,1,13883,142,0,1,1,1,0,844,771,0
41,1,1,3,1,1,13884,67,0,2,2,2,1,294,338,0
54,0,1,3,1,1,13885,81,0,1,1,1,1,275,402,0
43,1,1,4,1,1,13887,44,0,3,1,1,1,169,208,0
44,1,1,4,1,1,13891,46,0,5,1,1,1,181,319,0
35,1,1,1,1,1,13892,113,0,1,2,2,0,774,660,0
47,1,1,3,1,1,13893,80,0,2,2,2,1,336,294,0
48,0,1,1,1,1,13894,78,0,1,3,3,0,355,320,0
45,1,1,1,1,1,13895,85,0,1,2,1,0,416,422,0
52,0,1,1,1,1,13896,45,0,1,1,NA,0,74,0,0
63,1,1,1,1,1,13898,148,0,1,2,2,0,455,511,0
41,1,1,2,1,1,13899,41,0,1,1,2,0,188,232,0
51,1,1,1,1,1,13901,70,0,1,1,NA,0,113,0,0
52,1,1,3,1,1,13903,110,0,3,1,2,1,394,401,0
42,1,1,2,1,1,13904,129,0,1,3,3,0,827,725,0
44,1,1,2,1,1,13905,76,0,1,2,2,0,503,573,0
45,1,1,4,1,1,13909,82,0,3,1,NA,1,110,0,0
37,0,1,2,1,1,13910,108,0,1,1,1,0,478,444,0
55,1,1,4,1,1,13911,NA,NA,NA,NA,NA,1,0,0,NA
55,1,1,3,1,1,13912,NA,NA,NA,NA,NA,1,0,0,NA
49,1,1,1,1,1,13913,44,1,1,1,3,0,203,254,0
NA,1,1,4,1,1,13914,79,0,4,2,NA,1,63,0,0
48,1,1,3,1,1,13915,44,0,3,1,1,1,176,342,0
42,1,1,2,1,1,13916,177,0,1,2,3,0,892,801,0
60,1,1,2,1,1,13917,63,1,1,3,3,0,657,687,0
51,1,1,3,1,1,13919,NA,NA,NA,NA,NA,1,0,0,NA
44,1,1,2,1,1,13920,23,1,1,1,1,0,107,153,0
37,1,1,2,1,1,13921,43,0,1,3,3,0,208,274,0
61,1,1,2,1,1,13922,43,1,4,1,1,0,143,215,0
51,1,1,4,1,1,13923,269,0,5,1,1,1,680,641,0
46,1,1,3,1,1,13925,44,0,3,2,3,1,194,259,0
56,1,1,2,1,1,13926,62,0,2,1,NA,0,46,0,0
48,1,1,1,1,1,13928,81,0,1,1,2,0,373,374,0
43,0,1,2,1,1,13929,111,0,1,2,2,0,484,479,0
39,1,1,4,1,1,13930,64,0,3,1,1,1,252,232,0
54,1,1,4,1,1,13933,42,1,3,1,3,1,143,147,0
33,1,1,3,1,1,13934,24,0,1,2,2,1,123,162,0
45,1,1,4,1,1,13936,88,0,3,1,2,1,322,341,0
50,1,1,3,1,1,13938,30,0,2,1,NA,1,23,0,0
52,1,1,2,1,1,13940,88,0,1,3,3,0,842,715,0
58,0,1,2,1,1,13941,72,0,1,1,NA,0,179,0,0
44,1,1,1,1,1,13944,103,0,1,3,3,0,506,581,0
52,0,1,2,1,1,13946,104,0,2,1,1,0,406,416,0
37,1,1,2,1,1,13948,NA,NA,NA,NA,NA,0,0,0,NA
51,1,1,2,1,1,13949,82,0,1,1,2,0,339,371,0
49,0,1,2,1,1,13950,46,1,1,1,1,0,189,217,0
46,1,1,3,1,1,13951,77,0,3,1,3,1,306,361,0
47,1,1,4,1,1,13955,47,0,1,1,3,1,171,227,0
49,1,1,4,1,1,13958,84,0,5,3,2,1,301,434,0
44,0,1,4,1,1,13959,84,0,3,1,1,1,294,286,0
44,1,1,1,1,1,13960,185,0,1,1,1,0,618,628,0
45,1,1,4,1,1,13962,48,0,2,2,1,1,183,239,0
47,1,1,4,1,1,13963,74,0,3,3,3,1,270,474,0
56,0,1,1,1,1,13966,76,0,1,1,1,0,508,546,0
42,1,1,3,1,1,13967,124,0,3,1,1,1,1190,1070,0
43,1,1,2,1,1,13969,96,0,2,1,2,0,551,536,0
56,1,1,3,1,1,13970,NA,NA,NA,NA,NA,1,0,0,NA
54,0,1,4,1,1,13971,82,0,1,3,3,1,264,287,0
42,1,1,3,1,1,13974,92,0,2,3,3,1,387,411,0
55,0,1,2,1,1,13976,32,1,1,3,3,0,494,458,0
52,1,1,2,1,1,13978,110,0,1,2,2,0,448,437,0
40,1,1,2,1,1,13979,82,0,1,2,2,0,393,466,0
42,1,1,1,1,1,13981,176,0,3,2,2,0,598,551,0
61,1,1,3,1,1,13982,NA,NA,NA,NA,NA,1,0,0,NA
55,1,1,4,1,1,13986,83,0,3,1,NA,1,51,0,0
41,1,1,1,1,1,13988,65,0,1,3,3,0,335,352,0
38,1,1,4,1,1,13989,111,0,3,1,2,1,417,433,0
48,1,1,3,1,1,13990,51,0,4,2,1,1,208,293,0
47,0,1,4,1,1,13996,105,0,4,1,1,1,364,359,0
36,1,1,1,1,1,13997,43,0,1,2,3,0,220,278,0
40,1,1,2,1,1,13998,43,0,1,3,2,0,217,277,0
50,0,1,1,1,1,13999,127,0,1,1,2,0,545,513,0
53,1,1,1,1,1,14002,83,0,1,3,3,0,362,331,0
42,1,1,2,1,1,14003,41,0,1,1,2,0,185,265,0
57,1,1,3,1,1,14005,42,1,2,1,1,1,148,197,0
45,1,1,1,1,1,14009,83,0,1,3,3,0,944,838,0
54,0,1,2,1,1,14010,48,1,1,1,2,0,180,232,0
48,1,1,1,1,1,14011,16,1,1,1,NA,0,16,0,0
42,1,1,3,1,1,14012,22,1,1,1,3,1,96,177,0
48,1,1,1,1,1,14013,98,0,1,3,3,0,1072,965,0
41,1,1,2,1,1,14015,53,0,1,2,2,0,261,272,0
50,1,1,2,1,1,14017,78,0,1,2,NA,0,108,0,0
46,1,1,2,1,1,14019,97,0,1,1,3,0,433,515,0
60,1,1,3,1,1,14020,192,0,4,3,2,1,390,411,0
31,1,1,4,1,1,14022,61,0,2,1,1,1,228,275,0
46,0,1,3,1,1,14023,71,0,1,1,1,1,277,330,0
46,0,1,4,1,1,14024,NA,NA,NA,NA,NA,1,0,0,NA
52,1,1,1,1,1,14025,65,0,1,1,1,0,279,320,0
49,1,1,4,1,1,14027,113,0,3,3,3,1,807,717,0
60,1,1,1,1,1,14033,94,0,1,2,3,0,667,600,0
47,1,1,1,1,1,14034,66,0,1,1,NA,0,64,0,0
46,1,1,1,1,1,14036,70,0,1,2,2,0,569,518,0
44,1,1,2,1,1,14037,163,0,1,2,2,0,1070,899,0
52,1,1,3,1,1,14038,74,0,3,1,1,1,430,453,0
53,1,1,1,1,1,14039,88,0,1,1,2,0,399,375,0
47,1,1,4,1,1,14040,76,0,3,1,NA,1,55,0,0
41,1,1,1,1,1,14041,31,0,1,3,3,0,177,201,0
32,1,1,1,1,1,14043,62,0,1,2,2,0,1168,1177,0
53,1,1,2,1,1,14044,152,0,1,3,3,0,836,740,0
52,1,1,2,1,1,14045,60,0,1,1,1,0,247,273,0
59,1,1,1,1,1,14047,207,0,1,1,1,0,504,548,0
45,1,1,4,1,1,14048,98,0,5,1,1,1,358,343,0
45,1,1,2,1,1,14049,44,0,1,1,1,0,198,284,0
40,1,1,2,1,1,14050,82,0,1,1,2,0,366,429,0
47,1,1,4,1,1,14051,27,1,3,2,2,1,110,154,0
48,1,1,3,1,1,14052,103,0,3,1,2,1,401,404,0
46,1,1,2,1,1,14054,97,0,1,1,1,0,862,734,0
39,1,1,3,1,1,14059,91,0,1,3,3,1,388,403,0
44,0,1,2,1,1,14060,NA,NA,NA,NA,NA,0,0,0,NA
51,0,1,1,1,1,14061,46,1,1,3,3,0,208,345,0
49,1,1,3,1,1,14065,78,0,3,1,1,1,297,355,0
46,1,1,1,1,1,14066,20,1,1,1,1,0,100,159,0
46,1,1,3,1,1,14071,104,0,1,3,3,1,421,502,0
58,1,1,1,1,1,14072,24,1,1,2,3,0,449,440,0
46,0,1,1,1,1,14073,133,0,1,2,2,0,987,844,0
37,1,1,2,1,1,14074,82,0,1,2,3,0,381,344,0
39,1,1,1,1,1,14081,88,0,1,1,1,0,432,411,0
46,1,1,1,1,1,14083,45,0,1,1,1,0,924,810,0
56,1,1,1,1,1,14084,NA,NA,NA,NA,NA,0,0,0,NA
53,1,1,2,1,1,14086,53,1,1,3,3,0,219,285,0
48,1,1,3,1,1,14087,54,0,2,1,1,1,212,247,0
52,1,1,1,1,1,14091,95,0,1,3,2,0,417,377,0
56,0,1,4,1,1,14092,42,1,3,1,1,1,122,179,0
47,1,1,2,1,1,14093,48,0,3,1,1,0,210,186,0
49,1,1,2,1,1,14095,43,1,1,3,3,0,198,307,0
46,1,1,3,1,1,14097,106,0,4,1,1,1,419,424,0
37,1,1,3,1,1,14098,81,0,2,2,1,1,363,380,0
43,1,1,1,1,1,14099,NA,NA,NA,NA,NA,0,0,0,NA
52,1,1,3,1,1,14100,27,1,1,3,2,1,106,176,0
37,0,1,3,1,1,14101,111,0,1,1,2,1,563,528,0
64,1,1,1,1,1,14105,NA,NA,NA,NA,NA,0,0,0,NA
37,1,1,3,1,1,14106,32,0,2,1,1,1,149,181,0
47,1,1,3,1,1,14107,45,0,2,1,1,1,178,214,0
52,0,1,1,1,1,14108,48,1,3,1,2,0,210,265,0
53,1,1,1,1,1,14110,97,0,1,1,2,0,598,517,0
48,1,1,3,1,1,14111,50,0,3,2,2,1,203,206,0
NA,NA,1,2,1,1,14112,91,0,1,1,1,0,346,327,0
45,1,1,1,1,1,14113,115,0,1,3,3,0,589,528,0
54,1,1,4,1,1,14115,NA,NA,NA,NA,NA,1,0,0,NA
48,1,1,1,1,1,14116,65,0,1,3,3,0,918,823,0
38,1,1,4,1,1,14117,43,0,4,1,1,1,166,287,0
43,1,1,3,1,1,14118,104,0,2,1,2,1,418,392,0
52,1,1,2,1,1,14119,108,0,2,3,3,0,439,414,0
43,1,1,4,1,1,14121,47,0,4,1,2,1,189,240,0
31,1,1,2,1,1,14122,200,0,1,3,3,0,930,863,0
46,0,1,3,1,1,14125,110,0,3,3,3,1,433,426,0
50,1,1,2,1,1,14128,71,0,2,1,2,0,296,319,0
51,1,1,3,1,1,14131,81,0,1,1,1,1,303,316,0
50,1,1,3,1,1,14132,58,0,1,2,3,1,229,270,0
42,1,1,1,1,1,14133,25,0,1,1,3,0,937,869,0
49,1,1,4,1,1,14135,46,0,4,1,1,1,165,222,0
51,1,1,2,1,1,14137,NA,NA,NA,NA,NA,0,0,0,NA
46,0,1,3,1,1,14141,46,0,3,1,1,1,175,283,0
NA,NA,1,4,1,1,14142,67,0,4,1,2,1,259,287,0
50,1,1,3,1,1,14143,45,1,2,2,2,1,189,244,0
59,0,1,1,1,1,14144,NA,NA,NA,NA,NA,0,0,0,NA
55,1,1,1,1,1,14152,253,0,1,3,3,0,483,496,0
49,0,1,2,1,1,14153,108,0,1,3,3,0,452,563,0
NA,1,1,1,1,1,14154,92,0,1,2,2,0,365,432,0
52,1,1,1,1,1,14157,NA,NA,NA,NA,NA,0,0,0,NA
52,1,1,2,1,1,14158,82,0,1,1,2,0,329,385,0
53,0,1,2,1,1,14159,48,0,1,1,NA,0,36,0,0
57,1,1,2,1,1,14160,32,1,2,1,NA,0,26,0,0
59,1,1,1,1,1,14161,83,0,1,1,NA,0,67,0,0
50,1,1,1,1,1,14162,100,0,1,3,3,0,468,460,0
44,1,1,4,1,1,14164,24,1,3,1,1,1,99,157,0
52,0,1,3,1,1,14166,43,1,3,2,2,1,159,241,0
46,1,1,4,1,1,14168,206,0,3,1,1,1,730,786,0
40,1,1,2,1,1,14170,56,0,1,3,3,0,273,288,0
37,1,1,1,1,1,14171,81,0,2,2,2,0,407,430,0
46,1,1,3,1,1,14172,42,0,1,2,2,1,176,207,0
45,0,1,1,1,1,14173,81,0,1,1,1,0,366,378,0
35,1,1,2,1,1,14176,80,0,1,2,2,0,382,400,0
57,1,1,2,1,1,14177,NA,NA,NA,NA,NA,0,0,0,NA
56,0,1,1,1,1,14178,56,1,1,2,1,0,820,725,0
50,1,1,3,1,1,14179,572,0,1,1,1,1,211,253,0
52,1,1,3,1,1,14180,66,0,1,1,1,1,249,232,0
51,1,1,1,1,1,14181,85,0,1,2,2,0,395,405,0
46,0,1,1,1,1,14184,131,0,1,3,3,0,588,517,0
52,1,1,1,1,1,14188,83,0,1,2,3,0,374,391,0
50,1,1,3,1,1,14190,140,0,4,1,1,1,1149,1026,0
33,1,1,1,1,1,14192,43,0,1,3,3,0,227,238,0
51,1,1,4,1,1,14193,68,0,3,1,1,1,224,257,0
48,1,1,4,1,1,14194,NA,NA,NA,NA,NA,1,0,0,NA
44,1,1,1,1,1,14196,46,0,2,2,2,0,236,271,0
48,0,1,1,1,1,14197,103,0,1,2,2,0,468,425,0
50,1,1,3,1,1,14198,114,0,1,1,2,1,766,724,0
45,1,1,2,1,1,14202,95,0,1,2,2,0,434,408,0
45,0,1,4,1,1,14203,71,0,1,1,1,1,244,259,0
NA,1,1,1,1,1,14205,87,0,1,3,3,0,355,379,0
46,1,1,1,1,1,14208,59,0,1,2,2,0,972,898,0
39,1,1,3,1,1,14209,20,0,4,1,1,1,100,176,0
53,1,1,2,1,1,14211,NA,NA,NA,NA,NA,0,0,0,NA
50,1,1,3,1,1,14212,54,0,4,3,3,1,231,253,0
54,1,1,4,1,1,14214,46,1,3,1,1,1,149,278,0
61,0,1,3,1,1,14217,65,1,2,1,2,1,177,230,0
47,1,1,1,1,1,14218,109,0,1,3,3,0,515,533,0
NA,1,1,1,1,1,14219,37,1,2,1,1,0,142,265,0
41,1,1,3,1,1,14220,89,0,1,3,3,1,374,389,0
55,1,1,2,1,1,14222,60,1,2,1,2,0,225,224,0
39,1,1,1,1,1,14224,73,0,1,2,3,0,654,579,0
45,1,1,1,1,1,14225,25,1,2,1,1,0,122,157,0
50,0,1,1,1,1,14226,NA,NA,NA,NA,NA,0,0,0,NA
60,0,1,1,1,1,14227,102,0,1,2,2,0,565,517,0
41,1,1,3,1,1,14228,68,0,4,1,1,1,278,245,0
61,1,1,3,1,1,14230,68,0,1,3,NA,1,42,0,0
41,1,1,4,1,1,14231,70,0,4,2,2,1,272,327,0
53,1,1,4,1,1,14233,NA,NA,NA,NA,NA,1,0,0,NA
39,1,1,3,1,1,14235,110,0,1,3,3,1,467,527,0
43,1,1,1,1,1,14237,36,0,2,1,3,0,192,256,0
51,1,1,4,1,1,14238,69,0,5,1,1,1,232,312,0
49,1,1,3,1,1,14241,82,0,3,2,3,1,617,588,0
42,1,1,2,1,1,14242,NA,NA,NA,NA,NA,0,0,0,NA
57,1,1,2,1,1,14245,45,1,1,1,1,0,172,176,0
44,1,1,1,1,1,14246,64,0,1,2,2,0,318,363,0
49,1,1,1,1,1,14247,114,0,3,1,1,0,534,653,0
41,1,1,1,1,1,14248,85,0,1,1,2,0,550,542,0
52,1,1,1,1,1,14251,55,1,1,3,3,0,262,274,0
54,1,1,1,1,1,14253,66,0,1,1,NA,0,58,0,0
37,1,1,1,1,1,14254,46,0,1,2,2,0,251,316,0
52,0,1,4,1,1,14256,22,1,3,1,1,1,66,137,0
48,1,1,3,1,1,14258,25,1,1,2,2,1,116,146,0
43,1,1,3,1,1,14261,83,0,2,3,3,1,344,364,0
49,1,1,4,1,1,14262,53,0,2,1,1,1,184,209,0
54,0,1,4,1,1,14265,38,1,3,1,1,1,345,338,0
46,1,1,2,1,1,14267,73,0,2,1,1,0,316,314,0
47,1,1,3,1,1,14269,97,0,1,3,3,1,395,430,0
37,1,1,1,1,1,14271,51,0,1,1,3,0,266,288,0
55,0,1,1,1,1,14272,77,0,1,1,NA,0,125,0,0
38,1,1,3,1,1,14274,50,0,3,3,3,1,884,909,0
45,1,1,3,1,1,14275,50,0,1,2,2,1,214,341,0
52,1,1,2,1,1,14276,62,0,1,3,3,0,263,287,0
45,1,1,4,1,1,14277,56,0,4,2,3,1,231,320,0
48,1,1,4,1,1,14278,90,0,2,1,1,1,319,342,0
46,0,1,3,1,1,14279,55,0,2,2,2,1,222,289,0
39,1,1,4,1,1,14280,83,0,5,1,2,1,319,378,0
53,1,1,4,1,1,14281,NA,NA,NA,NA,NA,1,0,0,NA
58,1,1,4,1,1,14282,46,1,3,3,3,1,138,197,0
47,1,1,1,1,1,14284,37,1,2,1,1,0,191,265,0
52,1,1,2,1,1,14285,67,0,1,2,2,0,596,578,0
43,1,1,2,1,1,14286,32,0,2,2,2,0,166,232,0
39,1,1,2,1,1,14289,91,0,1,3,3,0,420,504,0
51,1,1,1,1,1,14290,NA,NA,NA,NA,NA,0,0,0,NA
51,1,1,4,1,1,14291,41,1,4,1,1,1,146,190,0
58,1,1,2,1,1,14293,20,1,2,1,1,0,76,116,0
47,1,1,4,1,1,14296,34,1,4,1,2,1,480,508,0
65,1,1,3,1,1,14297,35,1,2,1,NA,1,74,0,0
58,1,1,2,1,1,14298,68,1,1,1,1,0,521,490,0
51,1,1,2,1,1,14299,81,0,1,1,NA,0,123,0,0
55,1,1,2,1,1,14300,41,1,1,3,3,0,174,284,0
56,1,1,1,1,1,14301,47,1,2,2,2,0,201,306,0
43,1,1,4,1,1,14302,60,0,4,1,1,1,239,298,0
40,1,1,3,1,1,14303,24,0,2,1,1,1,113,164,0
63,1,1,1,1,1,14304,49,1,1,1,NA,0,65,0,0
55,1,1,3,1,1,14305,NA,NA,NA,NA,NA,1,0,0,NA
49,1,1,1,1,1,14306,47,0,1,2,3,0,1050,960,0
47,1,1,1,1,1,14308,144,0,3,3,3,0,912,872,0
49,1,1,2,1,1,14309,87,0,4,2,2,0,387,380,0
58,1,1,4,1,1,14311,NA,NA,NA,NA,NA,1,0,0,NA
41,1,1,1,1,1,14312,56,0,1,3,3,0,289,295,0
44,1,1,1,1,1,14313,695,0,1,2,2,0,333,339,0
54,1,1,4,1,1,14315,102,0,3,2,3,1,331,460,0
56,1,1,3,1,1,14316,51,1,3,2,3,1,187,186,0
47,1,1,3,1,1,14320,42,0,2,2,2,1,182,225,0
36,1,1,2,1,1,14323,106,0,1,1,1,0,476,451,0
43,1,1,2,1,1,14326,43,0,1,2,1,0,212,198,0
44,0,1,3,1,1,14329,33,0,2,2,2,1,141,196,0
44,1,1,2,1,1,14330,98,0,1,3,3,0,596,568,0
45,0,1,3,1,1,14341,49,0,1,2,3,1,194,256,0
49,1,1,4,1,1,14342,69,0,3,1,1,1,237,257,0
43,1,1,3,1,1,14345,59,0,3,1,2,1,245,271,0
NA,NA,1,2,1,1,14346,91,0,1,1,1,0,452,430,0
44,1,1,1,1,1,14347,NA,NA,NA,NA,NA,0,0,0,NA
41,1,1,2,1,1,14348,72,0,2,1,1,0,319,360,0
37,1,1,1,1,1,14351,98,0,1,1,1,0,467,465,0
53,1,1,4,1,1,14353,45,1,2,1,1,1,149,214,0
50,1,1,3,1,1,14354,NA,NA,NA,NA,NA,1,0,0,NA
38,1,1,4,1,1,14356,28,0,3,1,1,1,117,175,0
51,1,1,2,1,1,14357,43,1,1,2,2,0,196,315,0
31,1,1,4,1,1,14359,104,0,4,1,1,1,388,501,0
42,1,1,3,1,1,14363,NA,NA,NA,NA,NA,1,0,0,NA
50,1,1,1,1,1,14364,94,0,1,3,3,0,427,391,0
44,1,1,3,1,1,14365,102,0,1,1,1,1,414,350,0
44,0,1,1,1,1,14366,32,0,1,2,2,0,154,200,0
NA,0,1,4,1,1,14367,43,1,2,1,2,1,160,200,0
53,1,1,4,1,1,14369,108,0,5,1,1,1,352,337,0
49,1,1,3,1,1,14371,57,0,1,3,3,1,230,241,0
55,1,1,3,1,1,14372,NA,NA,NA,NA,NA,1,0,0,NA
53,1,1,4,1,1,14374,23,1,3,1,1,1,89,141,0
53,1,1,4,1,1,14375,45,1,3,1,1,1,149,191,0
41,1,1,3,1,1,14377,42,0,3,1,1,1,176,239,0
54,0,1,1,1,1,14380,49,1,1,2,3,0,212,201,0
50,1,1,2,1,1,14382,53,0,1,1,NA,0,69,0,0
53,0,1,4,1,1,14383,78,0,4,1,NA,1,48,0,0
45,1,1,4,1,1,14385,104,0,3,1,2,1,392,378,0
50,0,1,3,1,1,14389,41,1,1,1,3,1,436,474,0
59,1,1,2,1,1,14391,98,0,1,3,3,0,691,715,0
36,1,1,2,1,1,14392,36,0,4,3,3,0,523,584,0
51,1,1,3,1,1,14394,82,0,1,2,2,1,312,302,0
46,1,1,4,1,1,14395,31,0,3,1,NA,1,23,0,0
45,1,1,3,1,1,14396,53,0,3,3,2,1,224,253,0
56,1,1,3,1,1,14397,25,1,2,3,3,1,100,271,0
48,1,1,4,1,1,14400,102,0,2,2,3,1,366,484,0
46,1,1,1,1,1,14403,60,0,3,1,1,0,941,869,0
42,1,1,3,1,1,14404,41,0,4,1,1,1,177,189,0
49,1,1,3,1,1,14406,30,1,3,1,3,1,121,170,0
49,1,1,3,1,1,14407,85,0,1,1,2,1,325,409,0
55,1,1,3,1,1,14408,47,1,1,3,3,1,184,208,0
45,0,1,1,1,1,14411,84,0,1,1,2,0,920,817,0
39,1,1,4,1,1,14412,50,0,3,1,3,1,190,380,0
58,1,1,4,1,1,14414,NA,NA,NA,NA,NA,1,0,0,NA
54,0,1,4,1,1,14415,43,1,5,2,3,1,142,295,0
46,0,1,1,1,1,14417,187,0,1,2,3,0,590,553,0
41,1,1,3,1,1,14418,33,0,2,3,3,1,154,223,0
44,1,1,4,1,1,14419,30,0,5,1,1,1,111,139,0
49,0,1,2,1,1,14420,100,0,1,2,2,0,416,423,0
37,1,1,1,1,1,14421,91,0,1,3,3,0,457,394,0
47,0,1,3,1,1,14422,71,0,1,2,3,1,280,370,0
46,1,1,2,1,1,14423,NA,NA,NA,NA,NA,0,0,0,NA
46,1,1,2,1,1,14424,41,0,4,2,3,0,197,244,0
51,1,1,3,1,1,14426,479,0,1,1,1,1,174,234,0
32,1,1,2,1,1,14428,93,0,2,1,1,0,421,410,0
51,1,1,2,1,1,14430,44,1,1,1,1,0,178,189,0
45,1,1,1,1,1,14433,60,0,2,3,3,0,296,307,0
43,1,1,4,1,1,14434,44,0,4,1,2,1,169,206,0
44,1,1,4,1,1,14435,80,0,3,1,1,1,306,380,0
45,0,1,4,1,1,14439,65,0,1,1,2,1,224,242,0
48,1,1,2,1,1,14440,94,0,1,2,2,0,407,465,0
41,1,1,2,1,1,14442,36,0,1,2,3,0,595,560,0
46,0,1,4,1,1,14446,42,0,3,1,2,1,142,172,0
48,0,1,3,1,1,14448,48,0,3,2,3,1,187,209,0
45,1,1,4,1,1,14449,32,1,1,1,1,1,119,202,0
NA,NA,1,3,1,1,14450,21,0,2,1,1,1,88,169,0
44,1,1,3,1,1,14452,56,0,1,2,2,1,243,363,0
61,0,1,1,1,1,14453,NA,NA,NA,NA,NA,0,0,0,NA
45,1,1,1,1,1,14454,48,0,1,3,3,0,239,240,0
57,1,1,2,1,1,14455,40,1,2,1,2,0,153,263,0
44,1,1,4,1,1,14457,68,0,1,3,3,1,1335,1284,0
47,1,1,1,1,1,14458,640,0,1,2,3,0,300,291,0
43,1,1,2,1,1,14459,49,0,1,3,3,0,238,265,0
44,1,1,3,1,1,14461,80,0,1,3,3,1,805,784,0
49,1,1,3,1,1,14463,92,0,3,1,2,1,352,388,0
51,1,1,1,1,1,14466,127,0,1,3,3,0,558,540,0
42,1,1,4,1,1,14467,42,0,3,1,1,1,172,209,0
54,0,1,3,1,1,14469,20,1,2,2,2,1,76,88,0
48,1,1,4,1,1,14470,9,1,1,1,1,1,32,134,0
42,1,1,4,1,1,14472,106,0,3,1,2,1,392,372,0
NA,1,1,3,1,1,14474,49,1,1,2,2,1,200,227,0
56,0,1,4,1,1,14476,NA,NA,NA,NA,NA,1,0,0,NA
49,1,1,4,1,1,14477,22,1,3,2,1,1,87,159,0
45,1,1,2,1,1,14478,98,0,1,2,2,0,554,533,0
46,1,1,3,1,1,14479,95,0,4,2,3,1,386,482,0
48,1,1,2,1,1,14481,82,0,1,2,1,0,361,322,0
52,1,1,3,1,1,14485,74,0,3,1,1,1,413,428,0
44,0,1,2,1,1,14486,80,0,1,2,2,0,1387,1147,0
45,1,1,2,1,1,14489,26,1,1,3,3,0,138,250,0
40,1,1,2,1,1,14490,81,0,1,2,2,0,373,375,0
46,0,1,1,1,1,14492,104,0,1,1,1,0,754,688,0
55,1,1,3,1,1,14496,79,0,3,1,NA,1,55,0,0
51,1,1,3,1,1,14497,NA,NA,NA,NA,NA,1,0,0,NA
45,0,1,4,1,1,14498,32,1,2,2,2,1,121,157,0
48,0,1,1,1,1,14499,81,0,1,2,3,0,371,415,0
51,0,1,4,1,1,14501,75,0,4,1,2,1,243,313,0
55,0,1,2,1,1,14504,17,1,2,1,NA,0,12,0,0
51,1,1,1,1,1,14506,95,0,1,1,1,0,420,371,0
40,1,1,1,1,1,14507,53,0,2,3,3,0,275,281,0
41,1,1,3,1,1,14509,49,0,1,2,1,1,227,401,0
47,1,1,2,1,1,14510,30,1,1,3,3,0,137,206,0
44,1,1,4,1,1,14511,104,0,1,2,3,1,384,361,0
51,1,1,1,1,1,14512,142,0,3,3,2,0,902,792,0
42,1,1,1,1,1,14515,54,0,1,3,3,0,273,368,0
43,1,1,1,1,1,14516,52,0,1,2,3,0,259,307,0
44,0,1,4,1,1,14519,NA,NA,NA,NA,NA,1,0,0,NA
52,1,1,3,1,1,14520,81,0,3,1,NA,1,59,0,0
50,1,1,4,1,1,14521,146,0,3,2,1,1,729,784,0
37,0,1,2,1,1,14522,30,0,1,2,2,0,158,249,0
61,1,1,1,1,1,14523,65,0,1,1,NA,0,48,0,0
44,1,1,1,1,1,14524,62,0,1,2,2,0,1065,937,0
44,1,1,3,1,1,14526,45,0,2,2,3,1,208,282,0
48,1,1,4,1,1,14529,30,0,2,1,NA,1,22,0,0
48,1,1,2,1,1,14530,28,1,1,3,3,0,138,209,0
45,1,1,1,1,1,14531,21,1,1,1,1,0,109,175,0
42,1,1,1,1,1,14532,119,0,1,1,NA,0,102,0,0
45,1,1,2,1,1,14535,82,0,1,1,2,0,368,407,0
39,0,1,3,1,1,14536,55,0,2,2,2,1,239,251,0
52,1,1,1,1,1,14542,88,0,1,3,3,0,392,503,0
50,1,1,4,1,1,14543,46,1,1,1,1,1,166,248,0
61,1,1,2,1,1,14546,49,1,1,2,3,0,168,195,0
57,1,1,1,1,1,14547,NA,NA,NA,NA,NA,0,0,0,NA
55,1,1,2,1,1,14549,NA,NA,NA,NA,NA,0,0,0,NA
50,0,1,4,1,1,14550,101,0,5,1,2,1,335,333,0
29,1,1,4,1,1,14551,54,0,1,3,3,1,219,300,0
55,1,1,1,1,1,14552,69,0,1,1,NA,0,57,0,0
36,0,1,3,1,1,14553,97,0,1,2,3,1,399,454,0
47,1,1,2,1,1,14554,24,0,1,2,NA,0,24,0,0
50,1,1,1,1,1,14557,91,0,1,2,1,0,424,437,0
48,0,1,3,1,1,14558,89,0,1,1,1,1,548,501,0
48,1,1,3,1,1,14563,90,0,2,3,3,1,355,507,0
43,1,1,3,1,1,14564,85,0,2,2,3,1,356,326,0
54,0,1,1,1,1,14565,54,1,1,1,3,0,233,294,0
50,0,1,1,1,1,14566,75,0,2,1,NA,0,65,0,0
44,1,1,3,1,1,14567,59,0,1,1,1,1,236,221,0
44,1,1,1,1,1,14568,NA,NA,NA,NA,NA,0,0,0,NA
47,1,1,1,1,1,14569,53,0,1,1,1,0,1080,886,0
42,1,1,2,1,1,14571,78,0,1,2,2,0,650,634,0
39,1,1,2,1,1,14574,106,0,1,2,2,0,783,742,0
45,0,1,1,1,1,14575,53,0,2,1,2,0,805,794,0
44,1,1,4,1,1,14576,405,0,3,1,1,1,147,203,0
49,1,1,1,1,1,14577,85,0,1,3,3,0,391,393,0
50,1,1,4,1,1,14578,NA,NA,NA,NA,NA,1,0,0,NA
45,1,1,4,1,1,14581,47,0,5,1,1,1,177,252,0
NA,1,1,2,1,1,14582,41,0,1,1,3,0,166,195,0
54,0,1,2,1,1,14583,84,0,1,1,1,0,315,386,0
53,1,1,4,1,1,14585,61,0,3,1,2,1,193,246,0
49,0,1,4,1,1,14587,92,0,4,1,3,1,561,549,0
51,1,1,3,1,1,14589,42,1,1,2,2,1,175,270,0
52,1,1,2,1,1,14591,69,0,1,2,2,0,290,309,0
51,1,1,2,1,1,14594,NA,NA,NA,NA,NA,0,0,0,NA
48,1,1,4,1,1,14595,58,0,3,1,2,1,218,333,0
44,1,1,2,1,1,14597,79,0,1,3,3,0,362,371,0
36,1,1,4,1,1,14598,109,0,5,3,3,1,430,485,0
47,1,1,4,1,1,14599,101,0,2,3,3,1,370,499,0
43,1,1,3,1,1,14601,20,1,1,1,2,1,96,219,0
46,1,1,1,1,1,14602,41,0,1,2,2,0,211,207,0
45,1,1,4,1,1,14606,21,1,2,2,2,1,95,246,0
42,1,1,3,1,1,14608,NA,NA,NA,NA,NA,1,0,0,NA
56,1,1,4,1,1,14610,103,0,3,2,3,1,319,303,0
50,0,1,1,1,1,14611,NA,NA,NA,NA,NA,0,0,0,NA
48,1,1,3,1,1,14613,801,0,3,2,2,1,312,392,0
40,1,1,4,1,1,14614,53,0,4,2,3,1,213,239,0
41,1,1,4,1,1,14617,161,0,3,1,1,1,510,538,0
43,1,1,2,1,1,14618,NA,NA,NA,NA,NA,0,0,0,NA
44,0,1,2,1,1,14622,57,0,1,1,1,0,675,632,0
44,1,1,1,1,1,14624,109,0,1,3,3,0,1044,964,0
49,1,1,1,1,1,14626,40,1,1,1,1,0,195,242,0
38,0,1,1,1,1,14628,403,0,3,3,3,0,194,311,0
44,1,1,2,1,1,14629,214,0,3,2,2,0,615,616,0
49,1,1,1,1,1,14630,107,0,2,3,3,0,695,633,0
43,1,1,2,1,1,14633,40,0,1,3,3,0,195,201,0
49,1,1,1,1,1,14635,41,1,3,1,1,0,194,268,0
46,1,1,2,1,1,14636,148,0,1,3,3,0,505,475,0
47,1,1,1,1,1,14637,50,0,2,2,3,0,243,265,0
47,1,1,2,1,1,14639,135,0,1,3,3,0,1420,1246,0
47,1,1,1,1,1,14640,67,0,1,1,1,0,319,354,0
49,0,1,1,1,1,14641,NA,NA,NA,NA,NA,0,0,0,NA
56,1,1,4,1,1,14642,50,1,3,1,1,1,154,236,0
45,1,1,1,1,1,14643,82,0,1,1,2,0,627,542,0
57,1,1,1,1,1,14645,108,0,1,3,3,0,935,829,0
55,1,1,1,1,1,14646,15,1,1,2,1,0,87,159,0
54,0,1,1,1,1,14649,73,0,1,3,3,0,806,720,0
43,1,1,1,1,1,14651,43,0,1,1,3,0,219,238,0
39,1,1,1,1,1,14654,54,0,2,2,3,0,883,861,0
58,0,1,3,1,1,14655,NA,NA,NA,NA,NA,1,0,0,NA
35,1,1,2,1,1,14656,87,0,1,2,3,0,1384,1293,0
40,0,1,3,1,1,14657,59,0,1,2,3,1,247,371,0
44,1,1,4,1,1,14658,58,0,1,3,3,1,234,271,0
49,1,1,1,1,1,14659,132,0,1,1,1,0,882,793,0
36,0,1,4,1,1,14660,27,0,3,2,2,1,111,183,0
46,1,1,3,1,1,14663,NA,NA,NA,NA,NA,1,0,0,NA
54,1,1,4,1,1,14666,56,1,1,3,3,1,183,243,0
54,1,1,4,1,1,14668,85,0,2,3,3,1,287,280,0
46,1,1,2,1,1,14673,103,0,1,1,2,0,447,471,0
52,1,1,4,1,1,14674,NA,NA,NA,NA,NA,1,0,0,NA
50,1,1,2,1,1,14676,811,0,1,1,2,0,327,344,0
50,1,1,1,1,1,14677,NA,NA,NA,NA,NA,0,0,0,NA
45,0,1,4,1,1,14678,42,0,3,1,1,1,145,259,0
45,1,1,4,1,1,14681,51,0,4,1,3,1,190,179,0
45,1,1,3,1,1,14682,114,0,3,2,3,1,1483,1423,0
47,1,1,3,1,1,14684,60,0,3,1,2,1,238,252,0
51,1,1,1,1,1,14687,53,0,3,3,3,0,245,298,0
57,1,1,4,1,1,14689,NA,NA,NA,NA,NA,1,0,0,NA
47,0,1,2,1,1,14692,46,0,1,1,1,0,196,298,0
45,1,1,3,1,1,14695,48,0,2,3,3,1,205,266,0
37,1,1,1,1,1,14697,110,0,1,2,2,0,548,574,0
47,1,1,4,1,1,14698,61,0,4,1,1,1,223,266,0
41,1,1,3,1,1,14700,NA,NA,NA,NA,NA,1,0,0,NA
49,1,1,4,1,1,14701,NA,NA,NA,NA,NA,1,0,0,NA
43,1,1,4,1,1,14702,406,0,3,1,1,1,147,170,0
40,0,1,3,1,1,14703,97,0,1,2,1,1,400,420,0
53,1,1,3,1,1,14706,NA,NA,NA,NA,NA,1,0,0,NA
39,1,1,4,1,1,14707,62,0,3,2,1,1,446,438,0
50,1,1,1,1,1,14708,104,0,1,2,2,0,477,492,0
58,1,1,4,1,1,14710,44,1,5,3,3,1,579,542,0
42,1,1,4,1,1,14711,100,0,4,1,1,1,367,441,0
47,1,1,4,1,1,14714,22,1,3,1,1,1,88,163,0
59,1,1,1,1,1,14715,62,1,1,1,3,0,239,281,0
44,1,1,1,1,1,14717,103,0,1,2,2,0,498,549,0
44,1,1,4,1,1,14720,44,0,1,3,3,1,175,235,0
45,1,1,4,1,1,14722,72,0,4,3,3,1,274,299,0
46,1,1,3,1,1,14725,52,0,2,2,1,1,233,307,0
48,1,1,3,1,1,14728,62,0,3,1,3,1,237,247,0
66,1,1,3,1,1,14730,46,1,2,2,NA,1,24,0,0
48,1,1,4,1,1,14732,73,0,3,1,1,1,407,464,0
39,1,1,4,1,1,14734,97,0,3,2,2,1,580,696,0
43,1,1,3,1,1,14737,NA,NA,NA,NA,NA,1,0,0,NA
42,1,1,3,1,1,14739,97,0,1,2,3,1,411,433,0
NA,NA,1,1,1,1,14740,79,0,1,1,2,0,1419,1215,0
59,1,1,2,1,1,14741,NA,NA,NA,NA,NA,0,0,0,NA
56,1,1,4,1,1,14742,NA,NA,NA,NA,NA,1,0,0,NA
53,1,1,4,1,1,14743,47,1,3,2,2,1,171,309,0
42,1,1,4,1,1,14744,27,0,3,3,3,1,122,199,0
46,1,1,1,1,1,14745,67,0,1,1,2,0,936,874,0
45,1,1,2,1,1,14746,64,0,1,3,3,0,295,314,0
51,1,1,3,1,1,14747,84,0,1,1,2,1,307,320,0
35,0,1,1,1,1,14748,71,0,1,3,3,0,805,714,0
48,1,1,4,1,1,14749,22,1,1,2,3,1,96,187,0
54,0,1,4,1,1,14750,83,0,4,3,3,1,416,517,0
51,1,1,4,1,1,14751,109,0,3,1,1,1,368,403,0
48,0,1,3,1,1,14752,71,0,1,3,3,1,804,738,0
51,1,1,1,1,1,14754,NA,NA,NA,NA,NA,0,0,0,NA
49,1,1,4,1,1,14757,106,0,4,1,1,1,369,348,0
36,1,1,4,1,1,14759,171,0,3,3,3,1,794,701,0
50,0,1,3,1,1,14760,65,0,5,1,1,1,834,704,0
45,0,1,2,1,1,14761,NA,NA,NA,NA,NA,0,0,0,NA
46,0,1,4,1,1,14762,NA,NA,NA,NA,NA,1,0,0,NA
48,1,1,1,1,1,14764,80,0,1,2,2,0,867,920,0
51,1,1,1,1,1,14765,47,1,2,3,3,0,222,242,0
40,1,1,4,1,1,14766,57,0,4,1,2,1,774,681,0
44,0,1,3,1,1,14767,72,0,2,1,1,1,276,333,0
45,1,1,1,1,1,14768,59,0,3,2,2,0,303,346,0
48,1,1,1,1,1,14769,182,0,3,2,3,0,567,535,0
42,1,1,1,1,1,14770,95,0,1,1,1,0,775,779,0
41,1,1,1,1,1,14771,42,0,2,1,3,0,209,263,0
43,1,1,4,1,1,14774,43,0,2,3,3,1,171,202,0
46,1,1,3,1,1,14776,56,0,3,1,1,1,229,339,0
NA,1,1,2,1,1,14777,75,0,2,1,2,0,295,337,0
59,1,1,2,1,1,14778,62,0,1,1,NA,0,44,0,0
48,1,1,2,1,1,14779,44,0,2,3,3,0,207,290,0
50,1,1,2,1,1,14781,29,1,2,2,1,0,139,198,0
52,1,1,2,1,1,14782,NA,NA,NA,NA,NA,0,0,0,NA
46,0,1,4,1,1,14783,26,1,3,2,3,1,101,166,0
51,1,1,4,1,1,14784,60,0,5,2,2,1,215,276,0
62,1,1,3,1,1,14785,NA,NA,NA,NA,NA,1,0,0,NA
40,1,1,1,1,1,14786,39,0,1,2,2,0,211,263,0
50,1,1,3,1,1,14787,42,1,1,1,1,1,175,277,0
56,1,1,3,1,1,14788,NA,NA,NA,NA,NA,1,0,0,NA
53,0,1,1,1,1,14789,49,1,1,1,1,0,207,281,0
65,1,1,2,1,1,14791,NA,NA,NA,NA,NA,0,0,0,NA
49,1,1,3,1,1,14793,103,0,5,2,2,1,413,419,0
46,0,1,3,1,1,14794,98,0,3,2,3,1,445,522,0
43,1,1,4,1,1,14796,43,0,1,1,1,1,158,272,0
47,1,1,2,1,1,14798,46,0,1,3,3,0,216,303,0
59,1,1,3,1,1,14805,NA,NA,NA,NA,NA,1,0,0,NA
54,1,1,1,1,1,14806,82,0,1,3,3,0,360,332,0
45,1,1,3,1,1,14807,94,0,1,2,2,1,379,361,0
39,0,1,2,1,1,14808,93,0,1,3,3,0,415,441,0
55,1,1,4,1,1,14809,NA,NA,NA,NA,NA,1,0,0,NA
53,1,1,4,1,1,14810,31,0,2,1,NA,1,20,0,0
47,1,1,4,1,1,14813,98,0,5,1,1,1,346,360,0
46,1,1,3,1,1,14814,NA,NA,NA,NA,NA,1,0,0,NA
51,1,1,4,1,1,14816,49,1,3,1,1,1,172,197,0
42,1,1,3,1,1,14817,41,0,2,1,1,1,169,170,0
50,1,1,2,1,1,14821,NA,NA,NA,NA,NA,0,0,0,NA
49,1,1,2,1,1,14822,97,0,1,2,2,0,664,616,0
48,1,1,3,1,1,14823,110,0,1,3,3,1,433,485,0
49,0,1,2,1,1,14825,94,0,2,1,1,0,382,529,0
44,0,1,1,1,1,14826,NA,NA,NA,NA,NA,0,0,0,NA
56,1,1,4,1,1,14827,NA,NA,NA,NA,NA,1,0,0,NA
43,1,1,1,1,1,14829,48,0,1,2,3,0,239,244,0
49,1,1,1,1,1,14830,82,0,1,2,1,0,394,425,0
53,0,1,1,1,1,14831,165,0,1,2,2,0,876,746,0
55,0,1,1,1,1,14834,168,0,1,3,3,0,830,722,0
55,1,1,1,1,1,14835,56,1,1,2,2,0,245,335,0
59,1,1,4,1,1,14836,55,1,1,1,1,1,149,200,0
41,1,1,1,1,1,14837,64,0,1,1,2,0,957,821,0
60,1,1,2,1,1,14838,31,1,1,2,NA,0,24,0,0
49,1,1,1,1,1,14839,105,0,1,1,1,0,591,581,0
45,1,1,3,1,1,14840,142,0,1,2,2,1,542,525,0
63,1,1,3,1,1,14841,37,1,4,1,NA,1,20,0,0
59,1,1,4,1,1,14842,NA,NA,NA,NA,NA,1,0,0,NA
41,1,1,3,1,1,14844,69,0,4,2,2,1,288,308,0
50,1,1,1,1,1,14845,NA,NA,NA,NA,NA,0,0,0,NA
46,1,1,4,1,1,14846,43,0,1,1,1,1,159,340,0
44,1,1,3,1,1,14847,47,0,3,3,3,1,212,264,0
45,0,1,4,1,1,14850,53,0,4,2,3,1,191,246,0
44,0,1,1,1,1,14851,52,0,3,3,3,0,262,399,0
40,1,1,1,1,1,14853,71,0,1,2,2,0,357,360,0
57,1,1,1,1,1,14854,22,1,1,1,NA,0,19,0,0
46,1,1,1,1,1,14856,NA,NA,NA,NA,NA,0,0,0,NA
49,0,1,4,1,1,14857,76,0,2,1,1,1,260,321,0
50,1,1,1,1,1,14858,48,1,1,3,3,0,969,908,0
48,1,1,3,1,1,14859,50,0,2,1,3,1,196,331,0
50,1,1,1,1,1,14860,60,0,3,1,1,0,269,303,0
51,1,1,4,1,1,14863,NA,NA,NA,NA,NA,1,0,0,NA
43,1,1,3,1,1,14864,71,0,3,1,1,1,1110,920,0
49,1,1,3,1,1,14866,61,0,1,2,NA,1,49,0,0
38,1,1,1,1,1,14867,84,0,1,3,3,0,416,483,0
43,1,1,4,1,1,14869,100,0,3,1,3,1,375,373,0
35,0,1,1,1,1,14870,76,0,4,1,1,0,367,409,0
36,1,1,2,1,1,14871,93,0,1,2,3,0,435,469,0
53,1,1,1,1,1,14873,48,1,2,1,1,0,206,245,0
36,1,1,2,1,1,14875,36,0,1,3,3,0,603,547,0
45,1,1,1,1,1,14877,25,1,1,2,1,0,138,224,0
51,1,1,4,1,1,14878,183,0,2,1,2,1,392,388,0
56,1,1,3,1,1,14879,119,0,1,3,2,1,408,444,0
38,0,1,3,1,1,14880,61,0,2,1,1,1,250,315,0
38,1,1,2,1,1,14881,59,0,1,1,3,0,269,318,0
50,1,1,4,1,1,14884,96,0,4,3,3,1,343,326,0
59,1,1,4,1,1,14886,42,1,1,1,2,1,120,157,0
42,1,1,3,1,1,14887,55,0,1,1,1,1,615,594,0
54,1,1,3,1,1,14888,40,1,4,3,3,1,156,293,0
39,1,1,2,1,1,14889,NA,NA,NA,NA,NA,0,0,0,NA
56,0,1,4,1,1,14891,110,0,3,3,3,1,324,388,0
43,1,1,1,1,1,14893,99,0,1,2,2,0,761,650,0
47,1,1,2,1,1,14895,133,0,1,3,3,0,859,739,0
50,1,1,3,1,1,14896,107,0,1,3,3,1,410,425,0
58,1,1,4,1,1,14897,57,0,1,1,NA,1,32,0,0
59,1,1,1,1,1,14898,NA,NA,NA,NA,NA,0,0,0,NA
57,1,1,3,1,1,14899,90,0,2,1,1,1,291,331,0
50,1,1,2,1,1,14902,48,1,1,3,3,0,222,321,0
52,0,1,1,1,1,14905,NA,NA,NA,NA,NA,0,0,0,NA
56,1,1,2,1,1,14906,NA,NA,NA,NA,NA,0,0,0,NA
47,1,1,1,1,1,14907,45,0,1,2,3,0,235,260,0
NA,1,1,1,1,1,14909,55,0,1,1,2,0,994,873,0
45,0,1,1,1,1,14910,NA,NA,NA,NA,NA,0,0,0,NA
57,0,1,3,1,1,14912,67,1,2,1,1,1,205,242,0
46,0,1,2,1,1,14914,84,0,1,3,3,0,906,773,0
37,0,1,1,1,1,14915,45,0,1,2,3,0,220,392,0
44,1,1,3,1,1,14917,44,0,2,1,2,1,182,303,0
57,1,1,2,1,1,14918,NA,NA,NA,NA,NA,0,0,0,NA
50,1,1,2,1,1,14919,62,0,1,3,3,0,273,273,0
NA,0,1,4,1,1,14921,109,0,4,1,2,1,410,446,0
55,1,1,3,1,1,14922,24,1,1,1,1,1,82,139,0
57,1,1,1,1,1,14923,NA,NA,NA,NA,NA,0,0,0,NA
49,1,1,1,1,1,14925,110,0,1,2,3,0,512,585,0
41,1,1,4,1,1,14927,74,0,3,1,2,1,281,350,0
45,0,1,2,1,1,14930,76,0,1,2,2,0,331,347,0
48,1,1,2,1,1,14933,433,0,1,2,2,0,190,215,0
NA,NA,1,3,1,1,14935,33,1,2,3,3,1,133,182,0
64,1,1,2,1,1,14936,NA,NA,NA,NA,NA,0,0,0,NA
34,1,1,3,1,1,14942,111,0,2,2,3,1,472,473,0
NA,NA,1,1,1,1,14943,101,0,1,3,3,0,545,547,0
41,1,1,3,1,1,14944,102,0,1,3,3,1,1389,1145,0
55,1,1,2,1,1,14947,NA,NA,NA,NA,NA,0,0,0,NA
51,0,1,1,1,1,14948,107,0,1,3,3,0,478,441,0
50,1,1,2,1,1,14949,61,0,1,2,3,0,269,442,0
51,1,1,1,1,1,14950,100,0,1,1,2,0,555,605,0
50,1,1,4,1,1,14952,101,0,4,2,2,1,702,681,0
46,1,1,4,1,1,14954,59,0,3,1,1,1,222,271,0
41,1,1,1,1,1,14955,28,0,1,2,2,0,161,170,0
56,1,1,3,1,1,14956,NA,NA,NA,NA,NA,1,0,0,NA
57,0,1,1,1,1,14957,101,0,1,1,1,0,395,456,0
34,1,1,4,1,1,14958,103,0,4,1,3,1,390,369,0
44,1,1,1,1,1,14960,44,0,1,1,1,0,219,302,0
43,1,1,4,1,1,14961,31,0,2,1,2,1,123,131,0
47,0,1,1,1,1,14962,NA,NA,NA,NA,NA,0,0,0,NA
54,1,1,4,1,1,14963,24,1,1,1,3,1,77,153,0
56,1,1,2,1,1,14964,NA,NA,NA,NA,NA,0,0,0,NA
NA,1,1,2,1,1,14966,NA,NA,NA,NA,NA,0,0,0,NA
47,1,1,3,1,1,14967,89,0,1,3,3,1,367,375,0
38,1,1,4,1,1,14969,88,0,3,3,3,1,344,360,0
49,1,1,3,1,1,14970,NA,NA,NA,NA,NA,1,0,0,NA
54,1,1,2,1,1,14971,87,0,1,3,3,0,611,706,0
51,1,1,1,1,1,14972,50,1,2,1,1,0,226,251,0
49,1,1,2,1,1,14975,91,0,1,1,2,0,831,777,0
43,1,1,2,1,1,14976,51,0,1,2,3,0,238,312,0
45,0,1,4,1,1,14978,47,0,2,3,3,1,174,270,0
48,1,1,1,1,1,14979,136,0,1,2,2,0,553,543,0
56,1,1,4,1,1,14980,230,0,1,2,2,1,375,418,0
47,1,1,1,1,1,14984,61,0,3,1,1,0,287,386,0
63,1,1,1,1,1,14986,60,0,1,2,NA,0,61,0,0
51,1,1,3,1,1,14987,61,0,1,2,2,1,239,251,0
44,1,1,1,1,1,14989,NA,NA,NA,NA,NA,0,0,0,NA
46,1,1,1,1,1,14992,43,0,1,2,2,0,219,259,0
53,0,1,3,1,1,14993,50,0,2,1,NA,1,34,0,0
48,1,1,4,1,1,14995,41,1,2,2,3,1,159,279,0
NA,NA,1,3,1,1,14996,45,1,3,1,2,1,176,209,0
45,1,1,4,1,1,14997,174,0,3,1,1,1,628,643,0
NA,1,1,1,1,1,15002,NA,NA,NA,NA,NA,0,0,0,NA
33,0,1,2,1,1,15003,81,0,3,1,2,0,353,446,0
47,1,1,4,1,1,15004,95,0,4,2,2,1,342,335,0
39,0,1,1,1,1,15005,46,0,1,3,3,0,719,616,0
52,0,1,4,1,1,15006,53,1,3,1,1,1,180,236,0
53,0,1,2,1,1,15009,96,0,1,2,3,0,803,743,0
51,1,1,2,1,1,15010,96,0,1,3,2,0,403,425,0
65,1,1,4,1,1,15012,100,0,3,2,1,1,221,234,0
50,0,1,2,1,1,15013,NA,NA,NA,NA,NA,0,0,0,NA
35,1,1,2,1,1,15014,46,0,2,1,1,0,220,341,0
60,1,1,2,1,1,15016,NA,NA,NA,NA,NA,0,0,0,NA
46,1,1,1,1,1,15017,138,0,1,1,1,0,961,877,0
53,0,1,4,1,1,15018,110,0,3,1,1,1,345,412,0
45,1,1,2,1,1,15019,43,0,1,1,1,0,190,298,0
53,1,1,2,1,1,15020,47,0,1,1,NA,0,69,0,0
65,0,1,3,1,1,15022,NA,NA,NA,NA,NA,1,0,0,NA
45,0,1,2,1,1,15025,NA,NA,NA,NA,NA,0,0,0,NA
56,1,1,3,1,1,15026,126,0,1,2,1,1,624,599,0
52,1,1,2,1,1,15027,102,0,1,1,2,0,424,378,0
41,0,1,1,1,1,15028,20,1,1,3,3,0,109,199,0
50,1,1,3,1,1,15030,51,0,3,1,NA,1,116,0,0
44,1,1,2,1,1,15034,142,0,1,3,3,0,813,800,0
NA,1,1,1,1,1,15036,NA,NA,NA,NA,NA,0,0,0,NA
53,1,1,4,1,1,15037,77,0,4,2,2,1,263,336,0
49,1,1,1,1,1,15041,NA,NA,NA,NA,NA,0,0,0,NA
58,1,1,1,1,1,15043,26,1,1,2,3,0,114,184,0
51,1,1,1,1,1,15045,74,0,2,3,3,0,345,479,0
54,1,1,3,1,1,15047,NA,NA,NA,NA,NA,1,0,0,NA
58,1,1,1,1,1,15049,70,1,1,3,3,0,289,357,0
NA,1,1,4,1,1,15050,NA,NA,NA,NA,NA,1,0,0,NA
46,1,1,3,1,1,15051,74,0,3,2,1,1,947,886,0
49,1,1,2,1,1,15052,75,0,1,2,2,0,891,822,0
46,0,1,1,1,1,15053,27,1,1,1,2,0,135,172,0
39,1,1,1,1,1,15055,61,0,1,3,3,0,317,313,0
50,1,1,3,1,1,15056,NA,NA,NA,NA,NA,1,0,0,NA
45,1,1,4,1,1,15058,55,0,3,3,3,1,213,263,0
54,1,1,3,1,1,15060,65,0,3,2,NA,1,48,0,0
40,0,1,3,1,1,15061,79,0,3,1,1,1,841,841,0
46,0,1,3,1,1,15064,49,0,3,1,1,1,188,252,0
42,0,1,3,1,1,15065,NA,NA,NA,NA,NA,1,0,0,NA
49,0,1,3,1,1,15066,164,0,2,1,2,1,752,782,0
51,1,1,3,1,1,15067,30,1,1,1,2,1,111,216,0
62,1,1,1,1,1,15069,96,0,1,2,2,0,713,657,0
53,1,1,1,1,1,15070,59,1,3,3,3,0,269,395,0
45,1,1,4,1,1,15071,119,0,1,3,3,1,764,692,0
49,1,1,1,1,1,15073,NA,NA,NA,NA,NA,0,0,0,NA
62,1,1,1,1,1,15074,46,1,1,1,NA,0,32,0,0
NA,NA,1,3,1,1,15075,82,0,2,1,1,1,310,348,0
44,1,1,1,1,1,15077,72,0,1,2,1,0,352,350,0
48,1,1,4,1,1,15078,100,0,2,1,3,1,351,376,0
43,1,1,2,1,1,15079,44,0,1,1,1,0,206,244,0
39,1,1,2,1,1,15080,86,0,1,1,3,0,738,666,0
50,1,1,2,1,1,15081,114,0,1,3,3,0,899,774,0
65,0,1,2,1,1,15082,55,1,2,2,NA,0,161,0,0
47,1,1,1,1,1,15083,84,0,1,3,3,0,399,449,0
38,1,1,2,1,1,15085,164,0,1,2,3,0,943,797,0
46,1,1,2,1,1,15087,43,0,1,1,1,0,188,242,0
55,1,1,1,1,1,15089,100,0,2,1,1,0,427,400,0
46,1,1,2,1,1,15090,86,0,1,1,1,0,383,523,0
55,0,1,3,1,1,15091,NA,NA,NA,NA,NA,1,0,0,NA
53,1,1,2,1,1,15092,63,0,1,1,2,0,251,276,0
42,1,1,3,1,1,15093,40,0,1,3,3,1,764,668,0
53,1,1,1,1,1,15094,NA,NA,NA,NA,NA,0,0,0,NA
55,1,1,1,1,1,15096,96,0,1,3,3,0,680,670,0
55,1,1,1,1,1,15098,81,0,2,1,1,0,336,337,0
58,1,1,1,1,1,15099,46,0,1,1,NA,0,36,0,0
50,1,1,3,1,1,15100,95,0,1,1,1,1,360,419,0
51,1,1,1,1,1,15101,90,0,1,3,3,0,418,404,0
48,0,1,2,1,1,15102,90,0,1,3,3,0,375,434,0
45,0,1,2,1,1,15103,112,0,3,3,3,0,924,858,0
50,1,1,2,1,1,15104,61,0,1,1,1,0,260,348,0
48,0,1,3,1,1,15105,102,0,1,1,1,1,386,342,0
57,1,1,3,1,1,15106,37,1,2,1,NA,1,24,0,0
42,1,1,2,1,1,15107,80,0,1,2,2,0,367,389,0
44,1,1,2,1,1,15109,95,0,2,3,3,0,430,459,0
49,1,1,4,1,1,15110,52,0,4,1,1,1,183,229,0
39,0,1,4,1,1,15111,40,0,1,2,3,1,161,179,0
52,1,1,2,1,1,15113,102,0,1,2,2,0,428,423,0
49,1,1,4,1,1,15114,95,0,5,1,1,1,331,312,0
NA,NA,1,1,1,1,15115,NA,NA,NA,NA,NA,0,0,0,NA
44,1,1,4,1,1,15116,91,0,2,2,3,1,346,367,0
50,0,1,1,1,1,15117,109,0,1,1,2,0,901,812,0
55,1,1,1,1,1,15119,140,0,2,3,3,0,991,852,0
51,1,1,1,1,1,15120,NA,NA,NA,NA,NA,0,0,0,NA
54,1,1,2,1,1,15122,615,0,1,1,NA,0,46,0,0
47,1,1,3,1,1,15123,NA,NA,NA,NA,NA,1,0,0,NA
52,1,1,3,1,1,15125,27,1,2,2,2,1,114,170,0
54,0,1,3,1,1,15126,40,0,3,1,NA,1,27,0,0
57,1,1,1,1,1,15128,23,1,1,1,1,0,97,175,0
51,0,1,1,1,1,15130,NA,NA,NA,NA,NA,0,0,0,NA
42,0,1,4,1,1,15131,60,0,4,1,1,1,225,336,0
54,1,1,3,1,1,15132,NA,NA,NA,NA,NA,1,0,0,NA
53,1,1,2,1,1,15134,NA,NA,NA,NA,NA,0,0,0,NA
60,1,1,4,1,1,15135,NA,NA,NA,NA,NA,1,0,0,NA
50,1,1,1,1,1,15136,64,0,3,2,2,0,309,461,0
49,0,1,2,1,1,15137,NA,NA,NA,NA,NA,0,0,0,NA
34,1,1,3,1,1,15138,41,0,4,2,2,1,190,232,0
47,1,1,2,1,1,15141,83,0,1,2,3,0,388,406,0
48,1,1,3,1,1,15143,567,0,1,2,3,1,224,303,0
55,1,1,1,1,1,15144,108,0,1,1,1,0,452,551,0
49,0,1,2,1,1,15145,43,1,4,2,2,0,189,228,0
58,1,1,1,1,1,15146,NA,NA,NA,NA,NA,0,0,0,NA
56,1,1,4,1,1,15147,NA,NA,NA,NA,NA,1,0,0,NA
57,0,1,4,1,1,15149,NA,NA,NA,NA,NA,1,0,0,NA
48,0,1,3,1,1,15152,NA,NA,NA,NA,NA,1,0,0,NA
57,0,1,2,1,1,15153,NA,NA,NA,NA,NA,0,0,0,NA
51,1,1,3,1,1,15154,76,0,4,1,NA,1,57,0,0
NA,1,1,1,1,1,15155,NA,NA,NA,NA,NA,0,0,0,NA
60,1,1,1,1,1,15158,NA,NA,NA,NA,NA,0,0,0,NA
52,1,1,1,1,1,15160,81,0,1,2,3,0,366,318,0
49,1,1,2,1,1,15161,NA,NA,NA,NA,NA,0,0,0,NA
43,0,1,4,1,1,15164,72,0,3,3,3,1,266,420,0
42,0,1,3,1,1,15165,51,0,1,2,3,1,209,233,0
44,1,1,2,1,1,15166,91,0,1,1,1,0,872,851,0
42,1,1,1,1,1,15167,87,0,1,2,2,0,678,554,0
51,1,1,1,1,1,15168,42,1,2,3,3,0,204,223,0
42,1,1,4,1,1,15169,57,0,3,1,2,1,979,896,0
48,1,1,4,1,1,15170,NA,NA,NA,NA,NA,1,0,0,NA
38,1,1,1,1,1,15171,42,0,2,1,1,0,213,236,0
51,1,1,3,1,1,15173,104,0,4,3,3,1,393,418,0
56,0,1,3,1,1,15177,55,0,3,1,NA,1,114,0,0
54,0,1,1,1,1,15178,92,0,1,3,3,0,385,466,0
44,0,1,3,1,1,15180,74,0,2,2,2,1,310,424,0
56,1,1,1,1,1,15181,36,1,1,1,NA,0,29,0,0
55,1,1,1,1,1,15182,90,0,1,2,2,0,635,574,0
48,0,1,2,1,1,15183,82,0,1,3,3,0,358,336,0
56,0,1,1,1,1,15185,74,0,3,1,1,0,295,281,0
49,1,1,1,1,1,15186,75,0,1,1,NA,0,70,0,0
51,0,1,4,1,1,15187,NA,NA,NA,NA,NA,1,0,0,NA
43,1,1,2,1,1,15188,87,0,1,3,3,0,916,836,0
48,1,1,2,1,1,15192,NA,NA,NA,NA,NA,0,0,0,NA
45,1,1,1,1,1,15199,81,0,1,2,2,0,1201,1000,0
52,1,1,3,1,1,15200,23,1,2,1,NA,1,18,0,0
46,1,1,1,1,1,15202,NA,NA,NA,NA,NA,0,0,0,NA
49,0,1,1,1,1,15203,89,0,1,2,1,0,400,518,0
51,1,1,1,1,1,15205,46,0,3,1,NA,0,41,0,0
52,1,1,3,1,1,15206,26,1,1,1,1,1,95,124,0
42,1,1,2,1,1,15207,NA,NA,NA,NA,NA,0,0,0,NA
44,1,1,4,1,1,15215,NA,NA,NA,NA,NA,1,0,0,NA
35,1,1,3,1,1,15217,21,0,1,3,3,1,119,231,0
NA,NA,1,1,1,1,15219,29,1,1,1,1,0,115,260,0
38,1,1,1,1,1,15220,41,0,2,2,2,0,213,250,0
52,0,1,1,1,1,15222,175,0,1,1,1,0,485,447,0
58,1,1,3,1,1,15223,95,0,3,2,2,1,365,337,0
52,1,1,1,1,1,15225,54,1,1,3,3,0,258,280,0
38,1,1,1,1,1,15226,82,0,1,2,3,0,409,415,0
55,1,1,4,1,1,15228,63,1,4,3,3,1,508,572,0
59,1,1,4,1,1,15230,104,0,2,2,3,1,289,319,0
59,1,1,3,1,1,15231,44,1,3,1,NA,1,28,0,0
54,1,1,4,1,1,15234,404,0,4,1,1,1,125,377,0
43,1,1,3,1,1,15236,31,0,2,1,1,1,131,178,0
57,0,1,4,1,1,15237,NA,NA,NA,NA,NA,1,0,0,NA
41,1,1,3,1,1,15238,50,0,3,1,1,1,222,229,0
63,1,1,3,1,1,15239,42,1,4,1,NA,1,23,0,0
55,1,1,1,1,1,15240,133,0,1,1,NA,0,80,0,0
46,1,1,4,1,1,15243,280,0,4,2,2,1,426,405,0
47,1,1,4,1,1,15244,37,1,4,1,1,1,145,241,0
42,1,1,2,1,1,15245,86,0,1,1,1,0,594,543,0
54,1,1,4,1,1,15246,123,0,5,1,1,1,639,645,0
62,1,1,4,1,1,15247,80,0,5,1,NA,1,40,0,0
53,1,1,2,1,1,15249,62,0,1,1,NA,0,48,0,0
51,1,1,4,1,1,15250,103,0,3,1,1,1,341,466,0
41,0,1,1,1,1,15254,68,0,1,1,NA,0,64,0,0
44,1,1,1,1,1,15255,94,0,1,3,3,0,457,528,0
39,1,1,3,1,1,15256,70,0,1,3,3,1,1338,1146,0
41,1,1,1,1,1,15259,34,0,1,1,2,0,179,239,0
62,1,1,2,1,1,15262,NA,NA,NA,NA,NA,0,0,0,NA
52,1,1,3,1,1,15263,89,0,2,2,3,1,334,329,0
47,0,1,4,1,1,15264,60,0,4,2,2,1,214,251,0
45,1,1,4,1,1,15265,82,0,4,2,3,1,311,401,0
35,1,1,3,1,1,15272,107,0,2,2,2,1,454,484,0
48,1,1,2,1,1,15273,83,0,1,2,3,0,364,362,0
47,1,1,3,1,1,15276,41,0,1,1,NA,1,33,0,0
NA,NA,1,1,1,1,15277,75,0,3,1,2,0,560,525,0
44,1,1,4,1,1,15279,111,0,5,2,3,1,1052,910,0
52,1,1,1,1,1,15281,NA,NA,NA,NA,NA,0,0,0,NA
55,1,1,3,1,1,15282,52,1,3,3,3,1,186,341,0
51,1,1,3,1,1,15284,103,0,2,3,3,1,749,680,0
NA,0,1,2,1,1,15286,105,0,1,3,3,0,394,441,0
52,0,1,3,1,1,15287,29,1,4,3,3,1,717,731,0
40,1,1,1,1,1,15290,NA,NA,NA,NA,NA,0,0,0,NA
NA,NA,1,3,1,1,15292,41,0,2,1,2,1,156,238,0
42,1,1,1,1,1,15293,758,0,1,3,3,0,366,351,0
55,1,1,3,1,1,15294,36,1,1,1,1,1,131,350,0
50,1,1,4,1,1,15295,77,0,3,1,NA,1,52,0,0
45,0,1,4,1,1,15298,41,0,3,2,NA,1,30,0,0
48,1,1,4,1,1,15299,70,0,4,1,2,1,243,302,0
57,1,1,2,1,1,15301,104,0,3,1,1,0,380,432,0
37,0,1,3,1,1,15302,69,0,1,3,3,1,287,366,0
57,1,1,4,1,1,15303,59,0,3,1,NA,1,35,0,0
48,1,1,1,1,1,15304,53,0,1,3,3,0,263,328,0
53,1,1,1,1,1,15307,99,0,1,2,1,0,495,521,0
58,1,1,3,1,1,15308,67,0,1,1,NA,1,43,0,0
44,1,1,3,1,1,15309,101,0,1,1,2,1,406,428,0
46,0,1,4,1,1,15312,106,0,3,3,3,1,386,388,0
46,0,1,3,1,1,15313,177,0,4,2,3,1,1187,980,0
47,1,1,2,1,1,15315,123,0,1,2,3,0,1404,1255,0
55,1,1,4,1,1,15317,48,1,3,2,2,1,168,201,0
55,0,1,2,1,1,15319,34,1,1,3,NA,0,26,0,0
44,1,1,4,1,1,15322,101,0,5,2,3,1,381,451,0
45,1,1,3,1,1,15323,NA,NA,NA,NA,NA,1,0,0,NA
NA,0,1,1,1,1,15324,107,0,3,3,3,0,406,530,0
50,1,1,3,1,1,15327,67,0,1,1,1,1,696,673,0
49,1,1,3,1,1,15328,71,0,1,1,1,1,278,316,0
35,1,1,4,1,1,15329,33,0,3,1,1,1,131,249,0
47,0,1,4,1,1,15330,55,0,1,1,3,1,188,231,0
46,1,1,2,1,1,15332,48,0,1,1,NA,0,42,0,0
38,1,1,3,1,1,15335,78,0,2,2,3,1,488,437,0
59,1,1,4,1,1,15339,61,0,3,2,NA,1,36,0,0
54,0,1,2,1,1,15340,20,1,1,1,NA,0,14,0,0
55,1,1,2,1,1,15344,109,0,1,1,1,0,710,599,0
49,1,1,1,1,1,15345,151,0,4,1,1,0,968,846,0
48,1,1,1,1,1,15346,43,1,1,2,3,0,206,279,0
51,1,1,3,1,1,15348,32,1,2,1,1,1,417,386,0
40,0,1,3,1,1,15349,98,0,3,1,2,1,466,414,0
49,1,1,1,1,1,15350,108,0,1,3,3,0,870,822,0
49,1,1,1,1,1,15351,NA,NA,NA,NA,NA,0,0,0,NA
41,0,1,4,1,1,15352,101,0,5,1,1,1,369,365,0
49,0,1,3,1,1,15354,78,0,1,1,NA,1,56,0,0
48,1,1,1,1,1,15356,49,0,1,3,3,0,230,375,0
39,1,1,3,1,1,15360,60,0,1,1,NA,1,89,0,0
50,1,1,1,1,1,15361,108,0,1,2,2,0,500,468,0
53,1,1,1,1,1,15362,NA,NA,NA,NA,NA,0,0,0,NA
50,1,1,1,1,1,15363,63,0,1,3,3,0,926,807,0
NA,1,1,4,1,1,15368,102,0,4,1,1,1,393,431,0
47,1,1,3,1,1,15369,189,0,1,2,3,1,1238,1162,0
62,1,1,2,1,1,15370,59,1,1,2,3,0,646,624,0
55,1,1,2,1,1,15371,106,0,1,1,3,0,411,421,0
43,0,1,1,1,1,15372,48,0,1,1,2,0,241,335,0
52,1,1,1,1,1,15373,69,0,1,1,NA,0,110,0,0
49,1,1,2,1,1,15376,41,1,1,3,3,0,181,228,0
53,1,1,1,1,1,15378,63,0,1,1,NA,0,90,0,0
48,1,1,3,1,1,15380,62,0,3,2,2,1,252,260,0
NA,1,1,2,1,1,15381,67,1,1,3,2,0,263,260,0
57,1,1,4,1,1,15382,NA,NA,NA,NA,NA,1,0,0,NA
48,1,1,3,1,1,15384,81,0,2,2,3,1,564,577,0
49,1,1,3,1,1,15387,49,0,2,1,3,1,205,261,0
45,1,1,2,1,1,15388,89,0,1,1,NA,0,131,0,0
54,1,1,1,1,1,15389,NA,NA,NA,NA,NA,0,0,0,NA
47,1,1,2,1,1,15391,58,0,1,1,2,0,252,313,0
53,1,1,1,1,1,15392,64,0,1,1,NA,0,55,0,0
54,0,1,2,1,1,15393,46,1,1,1,1,0,169,197,0
45,1,1,1,1,1,15395,69,0,1,1,NA,0,66,0,0
41,1,1,1,1,1,15400,67,0,1,1,1,0,324,382,0
52,1,1,2,1,1,15401,117,0,1,3,3,0,490,501,0
34,1,1,1,1,1,15402,29,0,2,1,1,0,151,192,0
45,1,1,2,1,1,15404,37,0,1,1,NA,0,36,0,0
48,1,1,1,1,1,15406,71,0,1,1,1,0,338,350,0
48,1,1,1,1,1,15407,37,0,1,2,NA,0,38,0,0
NA,1,1,1,1,1,15408,54,1,1,1,1,0,212,228,0
55,1,1,3,1,1,15409,NA,NA,NA,NA,NA,1,0,0,NA
45,1,1,3,1,1,15412,72,0,3,3,3,1,303,337,0
47,1,1,3,1,1,15415,NA,NA,NA,NA,NA,1,0,0,NA
37,1,1,2,1,1,15416,93,0,1,3,2,0,434,433,0
45,1,1,3,1,1,15417,42,0,2,2,3,1,185,271,0
48,1,1,2,1,1,15418,106,0,1,1,NA,0,81,0,0
49,1,1,2,1,1,15420,61,0,1,1,NA,0,52,0,0
40,0,1,2,1,1,15421,66,0,1,1,1,0,286,358,0
39,1,1,4,1,1,15422,104,0,5,2,2,1,404,340,0
36,1,1,3,1,1,15423,202,0,1,3,3,1,1569,1367,0
45,0,1,2,1,1,15426,48,0,1,1,1,0,206,345,0
56,1,1,2,1,1,15429,66,1,3,1,1,0,249,323,0
58,1,1,1,1,1,15430,65,0,1,1,NA,0,53,0,0
45,1,1,2,1,1,15433,65,0,1,3,3,0,920,856,0
63,1,1,3,1,1,15434,113,0,1,1,NA,1,53,0,0
60,1,1,1,1,1,15435,48,1,1,3,3,0,204,260,0
50,1,1,1,1,1,15437,90,0,1,1,NA,0,161,0,0
44,1,1,1,1,1,15441,63,0,1,3,3,0,313,488,0
46,1,1,4,1,1,15442,30,1,3,1,2,1,109,156,0
46,1,1,3,1,1,15444,45,0,2,1,1,1,180,242,0
44,1,1,3,1,1,15445,64,0,1,3,NA,1,54,0,0
53,1,1,3,1,1,15446,NA,NA,NA,NA,NA,1,0,0,NA
49,1,1,1,1,1,15447,67,0,2,2,3,0,320,404,0
46,0,1,4,1,1,15448,87,0,3,1,2,1,306,316,0
57,1,1,1,1,1,15450,86,0,1,1,1,0,347,333,0
55,1,1,3,1,1,15451,69,0,2,1,1,1,235,291,0
56,1,1,4,1,1,15452,NA,NA,NA,NA,NA,1,0,0,NA
41,0,1,3,1,1,15453,41,0,3,2,3,1,179,274,0
43,0,1,1,1,1,15454,43,0,1,1,1,0,193,224,0
56,1,1,4,1,1,15455,101,0,5,1,2,1,651,590,0
NA,NA,1,2,1,1,15458,39,1,1,2,NA,0,31,0,0
54,1,1,3,1,1,15459,80,0,4,1,1,1,289,359,0
59,1,1,1,1,1,15460,81,0,1,1,NA,0,75,0,0
43,1,1,4,1,1,15462,60,0,2,1,1,1,235,267,0
56,1,1,1,1,1,15464,51,1,4,1,1,0,463,488,0
41,1,1,3,1,1,15465,39,0,2,3,2,1,482,473,0
41,0,1,1,1,1,15467,82,0,1,3,3,0,396,397,0
46,1,1,3,1,1,15468,110,0,2,1,2,1,433,510,0
37,1,1,3,1,1,15470,166,0,3,2,3,1,846,810,0
52,1,1,3,1,1,15471,42,1,1,1,2,1,154,195,0
39,1,1,1,1,1,15472,47,0,1,1,1,0,237,345,0
51,1,1,1,1,1,15475,50,0,1,2,NA,0,47,0,0
43,1,1,1,1,1,15476,79,0,1,2,2,0,402,356,0
40,1,1,4,1,1,15477,65,0,4,2,2,1,255,274,0
47,1,1,2,1,1,15478,119,0,1,2,3,0,897,797,0
46,1,1,4,1,1,15482,106,0,4,1,1,1,379,402,0
55,1,1,1,1,1,15483,15,1,1,1,NA,0,14,0,0
60,1,1,1,1,1,15487,450,0,3,1,NA,0,33,0,0
50,1,1,2,1,1,15488,33,1,1,1,1,0,145,207,0
49,1,1,4,1,1,15489,46,1,4,1,1,1,159,354,0
51,1,1,3,1,1,15492,42,1,2,2,2,1,180,262,0
44,0,1,2,1,1,15493,139,0,1,3,3,0,665,613,0
52,0,1,1,1,1,15495,61,0,1,1,NA,0,50,0,0
45,0,1,2,1,1,15497,107,0,1,3,3,0,465,481,0
50,1,1,2,1,1,15499,87,0,1,1,NA,0,116,0,0
48,1,1,1,1,1,15500,80,0,1,2,3,0,379,353,0
40,1,1,2,1,1,15501,41,0,1,1,1,0,201,310,0
NA,1,1,1,1,1,15502,48,0,1,2,2,0,203,188,0
57,1,1,3,1,1,15503,62,0,2,1,NA,1,40,0,0
55,1,1,4,1,1,15506,NA,NA,NA,NA,NA,1,0,0,NA
50,0,1,4,1,1,15507,31,0,4,1,NA,1,20,0,0
43,1,1,3,1,1,15508,54,0,3,1,1,1,218,317,0
50,1,1,1,1,1,15509,44,1,2,3,3,0,220,221,0
38,1,1,3,1,1,15517,129,0,1,2,3,1,759,690,0
53,1,1,3,1,1,15518,25,1,4,1,1,1,105,187,0
46,1,1,3,1,1,15519,61,0,2,1,NA,1,49,0,0
47,1,1,3,1,1,15520,45,0,3,1,2,1,181,304,0
41,1,1,4,1,1,15522,41,0,3,2,3,1,169,252,0
49,1,1,2,1,1,15523,68,0,2,1,3,0,762,696,0
55,0,1,3,1,1,15525,53,1,4,3,3,1,184,328,0
39,1,1,1,1,1,15526,45,0,1,1,1,0,225,259,0
NA,1,1,3,1,1,15528,48,0,1,3,3,1,197,290,0
52,1,1,1,1,1,15530,42,1,1,3,3,0,204,252,0
44,1,1,2,1,1,15531,74,0,1,1,1,0,328,290,0
53,1,1,4,1,1,15532,96,0,4,1,3,1,303,347,0
44,1,1,4,1,1,15533,66,0,2,1,1,1,250,248,0
49,1,1,4,1,1,15534,76,0,3,1,NA,1,52,0,0
40,1,1,3,1,1,15538,76,0,2,2,2,1,332,339,0
52,1,1,4,1,1,15544,33,1,3,2,3,1,127,322,0
53,1,1,4,1,1,15545,NA,NA,NA,NA,NA,1,0,0,NA
40,1,1,1,1,1,15547,NA,NA,NA,NA,NA,0,0,0,NA
53,1,1,4,1,1,15550,NA,NA,NA,NA,NA,1,0,0,NA
51,1,1,3,1,1,15553,32,0,3,2,NA,1,26,0,0
38,1,1,4,1,1,15555,98,0,2,3,2,1,382,333,0
60,0,1,2,1,1,15557,NA,NA,NA,NA,NA,0,0,0,NA
53,1,1,1,1,1,15558,86,0,1,2,3,0,378,469,0
47,0,1,3,1,1,15559,44,0,2,1,1,1,165,206,0
49,0,1,3,1,1,15560,57,0,3,1,NA,1,41,0,0
57,1,1,1,1,1,15561,81,0,1,3,3,0,572,524,0
45,1,1,1,1,1,15562,24,1,1,1,2,0,117,166,0
46,1,1,2,1,1,15566,104,0,1,3,3,0,591,587,0
45,1,1,1,1,1,15567,100,0,3,1,3,0,467,446,0
54,1,1,3,1,1,15568,67,0,4,1,1,1,236,250,0
47,1,1,3,1,1,15569,55,0,3,1,1,1,220,229,0
45,1,1,3,1,1,15570,111,0,1,2,2,1,738,694,0
49,1,1,2,1,1,15571,78,0,1,2,3,0,806,734,0
54,1,1,4,1,1,15572,49,1,4,3,3,1,170,202,0
52,1,1,4,1,1,15573,95,0,3,2,2,1,317,317,0
49,1,1,1,1,1,15578,31,0,1,1,NA,0,28,0,0
47,1,1,4,1,1,15579,102,0,4,1,1,1,363,424,0
60,1,1,3,1,1,15580,17,1,3,1,NA,1,11,0,0
50,1,1,1,1,1,15581,61,0,1,1,1,0,286,402,0
59,1,1,3,1,1,15584,69,0,2,1,NA,1,42,0,0
50,1,1,2,1,1,15585,36,1,1,2,2,0,543,520,0
55,1,1,3,1,1,15586,43,1,1,1,2,1,147,275,0
49,1,1,1,1,1,15587,83,0,2,2,2,0,383,432,0
56,0,1,4,1,1,15589,51,1,4,3,3,1,149,320,0
44,0,1,2,1,1,15590,75,0,1,3,3,0,332,360,0
46,1,1,2,1,1,15593,51,0,2,3,3,0,229,329,0
47,1,1,4,1,1,15595,109,0,2,3,3,1,396,361,0
58,1,1,3,1,1,15596,103,0,3,2,3,1,335,338,0
37,1,1,3,1,1,15597,22,0,1,1,2,1,102,200,0
49,1,1,4,1,1,15598,77,0,4,2,3,1,528,547,0
49,1,1,3,1,1,15599,82,0,1,1,2,1,319,441,0
NA,1,1,4,1,1,15600,33,0,5,1,NA,1,25,0,0
51,0,1,3,1,1,15602,54,0,4,1,1,1,459,438,0
46,1,1,4,1,1,15604,58,0,1,2,2,1,226,264,0
NA,1,1,3,1,1,15606,95,0,2,1,1,1,1069,982,0
47,1,1,3,1,1,15608,45,0,4,2,3,1,200,234,0
NA,NA,1,4,1,1,15610,109,0,3,1,NA,1,117,0,0
44,1,1,3,1,1,15612,49,0,2,1,2,1,206,217,0
42,1,1,4,1,1,15613,57,0,3,1,1,1,217,314,0
47,1,1,4,1,1,15615,45,0,3,2,2,1,172,231,0
52,1,1,1,1,1,15618,46,1,1,1,1,0,577,526,0
50,1,1,2,1,1,15621,63,0,1,1,1,0,256,278,0
45,1,1,3,1,1,15622,76,0,3,1,1,1,299,370,0
47,1,1,1,1,1,15624,86,0,1,1,1,0,413,432,0
49,1,1,3,1,1,15627,69,0,2,3,3,1,272,283,0
46,1,1,3,1,1,15628,48,0,1,1,1,1,198,225,0
47,1,1,3,1,1,15629,73,0,1,2,2,1,298,382,0
51,1,1,2,1,1,15631,171,0,1,1,NA,0,69,0,0
46,1,1,3,1,1,15632,22,1,1,3,3,1,109,116,0
41,1,1,2,1,1,15633,107,0,1,3,3,0,515,513,0
49,0,1,1,1,1,15634,18,1,1,2,3,0,99,156,0
55,1,1,3,1,1,15637,NA,NA,NA,NA,NA,1,0,0,NA
44,1,1,4,1,1,15638,59,0,4,2,3,1,225,254,0
39,1,1,1,1,1,15639,84,0,1,2,2,0,1040,921,0
48,1,1,2,1,1,15640,80,0,1,2,3,0,541,520,0
40,1,1,4,1,1,15641,29,0,2,2,2,1,131,216,0
28,1,1,2,1,1,15643,139,0,1,1,2,0,873,828,0
50,1,1,2,1,1,15644,39,1,2,1,1,0,519,520,0
53,1,1,3,1,1,15645,82,0,1,2,2,1,299,306,0
40,0,1,3,1,1,15646,95,0,1,2,2,1,395,387,0
51,1,1,3,1,1,15647,91,0,5,1,1,1,343,417,0
42,1,1,4,1,1,15649,102,0,4,3,3,1,400,480,0
38,1,1,2,1,1,15650,130,0,1,3,3,0,1258,1070,0
41,1,1,3,1,1,15651,179,0,2,2,3,1,486,504,0
53,1,1,2,1,1,15652,147,0,1,2,3,0,735,724,0
44,1,1,4,1,1,15655,51,0,1,3,3,1,198,235,0
49,1,1,1,1,1,15658,53,0,1,2,3,0,259,329,0
40,1,1,3,1,1,15659,102,0,2,2,2,1,426,483,0
39,1,1,2,1,1,15660,81,0,1,1,NA,0,73,0,0
48,1,1,3,1,1,15661,100,0,3,2,3,1,398,467,0
40,0,1,4,1,1,15664,142,0,3,1,1,1,630,551,0
45,1,1,4,1,1,15666,NA,NA,NA,NA,NA,1,0,0,NA
45,1,1,1,1,1,15667,80,0,2,1,2,0,384,456,0
43,1,1,4,1,1,15670,44,0,3,1,1,1,169,222,0
36,1,1,2,1,1,15671,82,0,2,2,2,0,379,377,0
38,1,1,4,1,1,15672,106,0,3,3,3,1,416,363,0
NA,0,1,3,1,1,15675,43,0,2,2,3,1,165,238,0
52,1,1,4,1,1,15676,85,0,3,3,3,1,291,292,0
40,1,1,4,1,1,15677,60,0,1,1,1,1,233,268,0
51,1,1,2,1,1,15678,53,1,1,1,2,0,223,278,0
48,1,1,4,1,1,15680,42,1,3,1,2,1,154,158,0
42,1,1,3,1,1,15684,15,1,2,2,2,1,90,154,0
46,1,1,1,1,1,15685,203,0,1,2,3,0,610,574,0
49,1,1,3,1,1,15686,74,0,3,1,1,1,659,680,0
44,1,1,1,1,1,15687,64,0,1,3,3,0,954,860,0
34,1,1,2,1,1,15690,88,0,1,2,3,0,400,377,0
50,1,1,1,1,1,15693,123,0,2,1,NA,0,139,0,0
39,1,1,4,1,1,15694,97,0,4,2,3,1,547,489,0
50,1,1,4,1,1,15695,55,0,3,2,2,1,202,282,0
44,1,1,2,1,1,15696,148,0,2,2,2,0,572,514,0
47,1,1,2,1,1,15697,55,0,1,3,3,0,696,634,0
46,1,1,4,1,1,15699,43,0,2,2,3,1,170,276,0
39,0,1,2,1,1,15700,55,0,1,2,2,0,255,323,0
49,0,1,2,1,1,15701,NA,NA,NA,NA,NA,0,0,0,NA
53,1,1,1,1,1,15703,44,1,2,1,2,0,192,285,0
51,1,1,1,1,1,15704,71,0,1,1,1,0,321,321,0
47,1,1,1,1,1,15708,84,0,1,2,3,0,407,411,0
49,1,1,1,1,1,15709,74,0,1,2,NA,0,153,0,0
52,0,1,4,1,1,15712,47,1,4,2,3,1,162,172,0
36,1,1,2,1,1,15713,34,0,1,2,3,0,172,282,0
51,1,1,4,1,1,15715,NA,NA,NA,NA,NA,1,0,0,NA
55,0,1,3,1,1,15716,50,1,1,3,3,1,181,219,0
46,1,1,3,1,1,15717,NA,NA,NA,NA,NA,1,0,0,NA
52,1,1,1,1,1,15718,93,0,1,1,1,0,1684,1405,0
43,1,1,2,1,1,15719,51,0,1,3,3,0,237,273,0
34,1,1,3,1,1,15720,74,0,3,3,3,1,320,338,0
48,1,1,1,1,1,15725,100,0,1,1,1,0,451,488,0
57,0,1,1,1,1,15726,97,0,1,2,3,0,393,397,0
NA,NA,1,4,1,1,15728,71,0,5,1,2,1,271,328,0
41,0,1,1,1,1,15729,102,0,1,2,3,0,498,459,0
57,0,1,4,1,1,15730,104,0,3,1,1,1,288,500,0
51,1,1,4,1,1,15732,52,1,4,1,1,1,182,294,0
55,1,1,1,1,1,15733,57,1,1,1,1,0,238,306,0
62,1,1,1,1,1,15734,21,1,1,1,1,0,83,160,0
37,1,1,4,1,1,15737,164,0,5,1,2,1,819,786,0
52,1,1,2,1,1,15739,NA,NA,NA,NA,NA,0,0,0,NA
42,1,1,1,1,1,15740,105,0,1,1,1,0,505,472,0
47,0,1,1,1,1,15743,22,1,1,3,2,0,102,237,0
42,1,1,1,1,1,15744,53,0,2,1,1,0,262,298,0
38,1,1,3,1,1,15746,79,0,2,3,2,1,797,781,0
47,1,1,4,1,1,15749,59,0,3,1,1,1,212,212,0
44,1,1,1,1,1,15751,102,0,2,1,1,0,493,514,0
41,1,1,4,1,1,15757,42,0,3,1,1,1,161,160,0
63,0,1,3,1,1,15759,42,1,2,2,3,1,117,221,0
61,0,1,1,1,1,15760,86,1,2,1,1,0,305,316,0
52,0,1,4,1,1,15761,31,1,3,1,1,1,93,134,0
48,1,1,4,1,1,15763,45,0,3,1,1,1,166,317,0
43,1,1,3,1,1,15764,99,0,1,1,3,1,402,374,0
37,1,1,1,1,1,15765,45,0,2,1,1,0,246,357,0
58,1,1,4,1,1,15766,90,0,2,2,3,1,369,427,0
NA,NA,1,1,1,1,15767,113,0,1,3,3,0,506,507,0
60,1,1,3,1,1,15769,NA,NA,NA,NA,NA,1,0,0,NA
54,1,1,4,1,1,15771,103,0,4,1,2,1,334,391,0
42,1,1,1,1,1,15772,73,0,1,3,3,0,1449,1316,0
52,1,1,1,1,1,15774,93,0,1,1,1,0,413,470,0
35,1,1,2,1,1,15775,131,0,2,2,2,0,782,730,0
51,1,1,2,1,1,15777,70,0,1,2,3,0,297,271,0
53,1,1,1,1,1,15778,NA,NA,NA,NA,NA,0,0,0,NA
54,1,1,1,1,1,15779,104,0,1,1,1,0,435,517,0
36,1,1,1,1,1,15781,49,0,2,1,1,0,246,292,0
37,1,1,1,1,1,15783,106,0,1,1,1,0,509,440,0
42,1,1,4,1,1,15785,49,0,5,2,3,1,196,237,0
57,1,1,3,1,1,15786,34,1,2,1,NA,1,22,0,0
43,1,1,4,1,1,15789,76,0,1,3,3,1,308,386,0
43,1,1,2,1,1,15790,44,0,1,1,2,0,195,185,0
40,1,1,3,1,1,15791,88,0,3,2,3,1,380,363,0
61,1,1,3,1,1,15792,46,1,1,3,NA,1,30,0,0
50,1,1,3,1,1,15793,48,1,2,2,3,1,202,219,0
50,1,1,4,1,1,15794,22,1,1,3,3,1,89,232,0
48,1,1,1,1,1,15795,81,0,1,3,3,0,380,454,0
46,1,1,4,1,1,15797,53,0,3,2,2,1,201,297,0
45,1,1,4,1,1,15800,43,0,4,2,2,1,922,780,0
53,1,1,3,1,1,15801,35,1,1,3,3,1,136,213,0
48,1,1,1,1,1,15802,NA,NA,NA,NA,NA,0,0,0,NA
53,1,1,1,1,1,15805,84,0,1,3,3,0,371,382,0
49,1,1,3,1,1,15808,102,0,1,1,1,1,689,640,0
44,1,1,1,1,1,15809,110,0,1,2,2,0,527,559,0
48,0,1,4,1,1,15810,71,0,3,1,1,1,238,320,0
44,1,1,1,1,1,15813,45,0,3,1,1,0,231,230,0
36,1,1,4,1,1,15816,96,0,2,3,3,1,375,457,0
44,1,1,2,1,1,15817,111,0,1,3,3,0,494,527,0
49,1,1,2,1,1,15819,NA,NA,NA,NA,NA,0,0,0,NA
51,1,1,2,1,1,15820,86,0,1,2,3,0,362,357,0
44,1,1,4,1,1,15821,41,0,4,1,1,1,159,233,0
52,1,1,4,1,1,15823,42,1,2,1,2,1,142,199,0
38,1,1,1,1,1,15824,80,0,3,3,3,0,896,820,0
47,1,1,3,1,1,15827,42,0,2,1,1,1,169,232,0
40,0,1,4,1,1,15831,44,0,2,2,2,1,169,219,0
51,1,1,2,1,1,15832,116,0,1,3,3,0,855,781,0
52,0,1,2,1,1,15833,40,1,1,3,3,0,163,358,0
46,0,1,2,1,1,15836,31,1,4,1,1,0,136,169,0
54,1,1,4,1,1,15840,54,1,4,2,3,1,186,203,0
50,1,1,2,1,1,15841,406,0,1,1,1,0,164,157,0
50,1,1,4,1,1,15842,11,1,3,1,1,1,53,226,0
49,1,1,3,1,1,15843,47,0,3,1,2,1,187,224,0
51,1,1,1,1,1,15844,87,0,1,2,2,0,390,413,0
43,1,1,4,1,1,15845,NA,NA,NA,NA,NA,1,0,0,NA
56,1,1,3,1,1,15846,66,0,2,2,NA,1,105,0,0
52,1,1,4,1,1,15847,40,1,3,1,1,1,137,176,0
49,1,1,4,1,1,15848,64,0,4,1,3,1,700,650,0
48,1,1,4,1,1,15850,52,0,4,1,3,1,189,207,0
46,0,1,2,1,1,15851,41,0,1,2,2,0,183,217,0
45,1,1,1,1,1,15852,103,0,1,3,3,0,490,548,0
62,1,1,2,1,1,15854,NA,NA,NA,NA,NA,0,0,0,NA
45,0,1,1,1,1,15858,40,0,1,3,3,0,198,266,0
52,1,1,1,1,1,15864,74,0,1,3,3,0,342,329,0
52,1,1,2,1,1,15865,NA,NA,NA,NA,NA,0,0,0,NA
51,0,1,1,1,1,15866,43,1,1,1,1,0,187,252,0
52,1,1,4,1,1,15867,79,0,3,2,3,1,271,311,0
45,1,1,1,1,1,15871,77,0,1,2,NA,0,74,0,0
52,1,1,1,1,1,15872,206,0,1,2,2,0,556,606,0
42,1,1,1,1,1,15875,51,0,2,2,2,0,268,276,0
56,0,1,1,1,1,15876,81,0,1,1,3,0,324,321,0
43,1,1,2,1,1,15877,49,0,2,1,NA,0,42,0,0
40,1,1,4,1,1,15879,NA,NA,NA,NA,NA,1,0,0,NA
43,1,1,2,1,1,15881,38,0,1,2,3,0,185,237,0
51,1,1,2,1,1,15882,36,1,3,2,3,0,155,229,0
45,1,1,1,1,1,15885,43,0,1,2,3,0,214,285,0
44,1,1,2,1,1,15886,24,1,1,3,3,0,126,213,0
57,1,1,2,1,1,15887,50,1,1,2,3,0,195,300,0
49,1,1,3,1,1,15889,61,0,1,1,2,1,497,449,0
51,1,1,3,1,1,15890,31,0,3,1,NA,1,24,0,0
44,1,1,4,1,1,15893,73,0,2,2,3,1,283,337,0
NA,1,1,4,1,1,15894,64,0,3,1,1,1,247,241,0
45,1,1,2,1,1,15895,105,0,1,2,3,0,462,476,0
38,1,1,1,1,1,15897,92,0,2,3,3,0,556,602,0
50,1,1,2,1,1,15898,45,1,1,2,2,0,194,239,0
51,1,1,1,1,1,15899,41,1,2,1,1,0,196,226,0
50,0,1,4,1,1,15901,82,0,4,1,1,1,271,313,0
34,1,1,3,1,1,15903,57,0,3,1,3,1,472,504,0
NA,NA,1,1,1,1,15904,41,0,2,1,1,0,168,287,0
48,0,1,4,1,1,15906,41,1,1,3,3,1,151,185,0
46,1,1,4,1,1,15907,47,0,5,2,2,1,185,268,0
44,0,1,1,1,1,15908,75,0,2,1,2,0,815,729,0
45,1,1,1,1,1,15910,55,0,2,2,3,0,266,339,0
50,0,1,2,1,1,15911,53,0,2,2,2,0,225,289,0
48,0,1,1,1,1,15912,93,0,1,2,2,0,849,823,0
52,1,1,1,1,1,15914,72,0,1,3,3,0,909,840,0
48,1,1,1,1,1,15916,162,0,1,2,2,0,940,872,0
55,1,1,1,1,1,15917,130,0,1,1,2,0,1241,1038,0
57,0,1,4,1,1,15918,46,1,3,1,1,1,128,170,0
57,1,1,3,1,1,15920,NA,NA,NA,NA,NA,1,0,0,NA
NA,1,1,4,1,1,15923,25,1,4,3,3,1,115,154,0
45,1,1,3,1,1,15926,93,0,1,1,2,1,373,433,0
54,1,1,4,1,1,15927,NA,NA,NA,NA,NA,1,0,0,NA
36,1,1,3,1,1,15929,107,0,1,3,3,1,454,482,0
38,1,1,2,1,1,15930,409,0,3,1,1,0,182,249,0
48,1,1,4,1,1,15931,58,0,2,2,2,1,784,687,0
41,0,1,2,1,1,15932,81,0,2,1,1,0,362,428,0
53,1,1,1,1,1,15933,54,1,1,1,2,0,236,276,0
47,1,1,1,1,1,15934,34,1,1,2,2,0,186,243,0
43,0,1,4,1,1,15935,40,0,3,1,2,1,147,246,0
42,1,1,1,1,1,15938,70,0,3,1,1,0,345,356,0
50,0,1,1,1,1,15940,59,0,1,1,NA,0,52,0,0
44,0,1,1,1,1,15941,40,0,1,1,1,0,198,314,0
48,1,1,3,1,1,15942,45,0,1,2,3,1,189,299,0
46,0,1,1,1,1,15943,74,0,1,3,3,0,1069,934,0
55,1,1,1,1,1,15946,55,1,1,1,1,0,229,307,0
50,1,1,4,1,1,15948,98,0,3,2,2,1,343,424,0
65,1,1,4,1,1,15949,NA,NA,NA,NA,NA,1,0,0,NA
56,1,1,2,1,1,15953,79,0,2,3,3,0,304,306,0
46,1,1,4,1,1,15954,69,0,2,2,3,1,258,256,0
46,0,1,3,1,1,15956,52,0,1,2,2,1,212,335,0
59,0,1,1,1,1,15957,42,1,1,2,2,0,173,370,0
53,1,1,3,1,1,15958,100,0,5,1,1,1,424,447,0
60,1,1,4,1,1,15960,70,1,5,1,2,1,414,391,0
52,1,1,2,1,1,15961,54,1,1,2,3,0,227,256,0
51,1,1,3,1,1,15962,105,0,3,1,1,1,386,423,0
53,1,1,1,1,1,15968,101,0,1,3,3,0,1034,867,0
NA,1,1,1,1,1,15972,165,0,1,1,2,0,477,448,0
49,1,1,4,1,1,15973,57,0,2,1,1,1,200,196,0
48,0,1,4,1,1,15975,61,0,3,1,1,1,729,669,0
45,0,1,3,1,1,15978,61,0,3,2,2,1,242,253,0
41,1,1,4,1,1,15979,36,0,4,1,1,1,138,200,0
35,1,1,2,1,1,15980,42,0,2,1,1,0,192,223,0
50,1,1,3,1,1,15981,105,0,2,1,1,1,396,491,0
53,1,1,4,1,1,15982,40,0,1,1,NA,1,26,0,0
50,1,1,2,1,1,15983,NA,NA,NA,NA,NA,0,0,0,NA
43,1,1,4,1,1,15988,37,0,5,1,NA,1,27,0,0
45,1,1,4,1,1,15993,41,0,3,2,2,1,165,228,0
50,1,1,2,1,1,15994,NA,NA,NA,NA,NA,0,0,0,NA
57,1,1,3,1,1,15995,67,1,3,2,1,1,228,430,0
56,1,1,2,1,1,15996,117,0,1,2,2,0,457,467,0
57,1,1,2,1,1,15997,22,1,2,1,NA,0,17,0,0
46,0,1,3,1,1,15998,98,0,1,1,1,1,382,414,0
52,1,1,3,1,1,15999,83,0,1,2,2,1,788,728,0
NA,1,1,1,1,1,16000,NA,NA,NA,NA,NA,0,0,0,NA
42,1,1,1,1,1,16001,43,0,1,1,1,0,214,245,0
43,1,1,3,1,1,16002,83,0,1,3,3,1,349,395,0
48,1,1,1,1,1,16004,47,0,1,2,3,0,238,290,0
44,1,1,1,1,1,16005,94,0,1,2,3,0,448,450,0
47,1,1,1,1,1,16006,108,0,1,1,2,0,708,636,0
47,1,1,4,1,1,16007,37,1,2,1,1,1,140,237,0
35,0,1,4,1,1,16008,68,0,3,1,2,1,991,877,0
41,1,1,1,1,1,16009,61,0,1,3,3,0,303,370,0
48,1,1,3,1,1,16010,84,0,5,1,1,1,321,335,0
NA,NA,1,4,1,1,16011,42,0,4,2,2,1,171,226,0
60,1,1,1,1,1,16014,214,0,1,2,2,0,467,463,0
54,0,1,1,1,1,16016,130,0,3,1,2,0,829,727,0
48,0,1,3,1,1,16018,92,0,1,1,1,1,349,397,0
54,1,1,3,1,1,16019,110,0,3,1,2,1,383,495,0
62,1,1,3,1,1,16020,42,1,2,3,2,1,131,205,0
60,1,1,1,1,1,16021,65,1,1,1,1,0,251,294,0
38,1,1,2,1,1,16025,51,0,1,3,3,0,241,289,0
40,1,1,1,1,1,16026,81,0,1,1,2,0,391,435,0
45,1,1,3,1,1,16027,82,0,1,3,3,1,344,323,0
47,1,1,2,1,1,16028,44,0,1,1,1,0,192,257,0
53,1,1,4,1,1,16030,102,0,4,1,1,1,327,301,0
46,1,1,3,1,1,16031,108,0,3,2,1,1,833,796,0
48,1,1,2,1,1,16033,27,1,1,3,3,0,128,147,0
40,0,1,1,1,1,16034,93,0,1,3,3,0,445,439,0
59,1,1,1,1,1,16035,51,1,1,3,3,0,494,445,0
53,1,1,1,1,1,16037,56,1,2,3,3,0,266,263,0
40,1,1,3,1,1,16039,48,0,3,3,3,1,211,269,0
NA,1,1,4,1,1,16040,105,0,3,1,1,1,398,463,0
59,0,1,2,1,1,16041,198,0,1,3,3,0,732,697,0
NA,NA,1,2,1,1,16042,817,0,1,2,3,0,304,394,0
64,1,1,1,1,1,16043,43,1,1,1,1,0,140,211,0
54,0,1,1,1,1,16044,84,0,1,3,3,0,350,410,0
44,1,1,3,1,1,16045,53,0,3,1,1,1,663,575,0
49,1,1,4,1,1,16046,49,0,3,1,1,1,177,292,0
45,1,1,1,1,1,16048,40,0,2,1,1,0,198,280,0
47,1,1,3,1,1,16051,84,0,2,3,3,1,344,348,0
44,1,1,3,1,1,16053,13,1,1,3,3,1,72,143,0
NA,1,1,2,1,1,16055,52,1,2,1,1,0,208,237,0
54,1,1,1,1,1,16056,35,0,1,1,NA,0,30,0,0
45,1,1,3,1,1,16057,41,0,3,1,1,1,169,242,0
NA,NA,1,3,1,1,16058,54,0,2,1,2,1,212,248,0
52,1,1,3,1,1,16059,33,1,2,1,3,1,132,188,0
48,1,1,4,1,1,16060,53,0,1,3,3,1,203,322,0
43,1,1,4,1,1,16062,141,0,3,1,1,1,575,552,0
49,1,1,4,1,1,16064,66,0,2,1,1,1,414,470,0
34,0,1,2,1,1,16067,65,0,3,2,3,0,1005,953,0
48,1,1,2,1,1,16068,42,1,1,1,3,0,186,248,0
62,1,1,2,1,1,16069,619,0,3,1,NA,0,38,0,0
53,1,1,4,1,1,16070,37,0,2,1,NA,1,24,0,0
41,1,1,3,1,1,16072,22,0,2,2,2,1,110,151,0
46,0,1,2,1,1,16073,60,0,1,3,3,0,268,264,0
48,1,1,4,1,1,16076,72,0,1,1,1,1,252,323,0
63,1,1,1,1,1,16077,39,1,3,1,NA,0,27,0,0
42,0,1,1,1,1,16081,84,0,1,2,1,0,591,522,0
43,0,1,4,1,1,16083,NA,NA,NA,NA,NA,1,0,0,NA
55,1,1,4,1,1,16084,78,0,4,2,NA,1,49,0,0
51,1,1,1,1,1,16085,105,0,1,2,2,0,471,442,0
53,1,1,1,1,1,16086,83,0,1,3,2,0,361,408,0
45,1,1,2,1,1,16087,29,1,2,3,3,0,144,216,0
46,1,1,3,1,1,16088,52,0,3,1,NA,1,166,0,0
53,1,1,2,1,1,16091,174,0,2,1,1,0,500,462,0
46,1,1,3,1,1,16092,64,0,2,2,3,1,456,544,0
53,1,1,1,1,1,16093,26,1,1,1,1,0,124,169,0
57,1,1,2,1,1,16095,168,0,1,1,1,0,671,774,0
41,1,1,1,1,1,16097,48,0,1,1,2,0,239,307,0
46,1,1,1,1,1,16098,111,0,1,1,1,0,515,458,0
60,1,1,3,1,1,16101,675,0,1,3,3,1,208,280,0
54,1,1,4,1,1,16103,42,1,4,1,2,1,149,201,0
51,1,1,3,1,1,16104,17,1,3,1,1,1,69,96,0
49,0,1,1,1,1,16105,84,0,1,3,2,0,375,370,0
56,0,1,2,1,1,16106,105,0,1,2,3,0,385,408,0
58,1,1,3,1,1,16107,46,1,1,3,3,1,157,293,0
56,1,1,2,1,1,16109,73,0,2,1,NA,0,54,0,0
49,1,1,4,1,1,16111,NA,NA,NA,NA,NA,1,0,0,NA
56,1,1,3,1,1,16112,42,1,2,3,3,1,154,176,0
49,0,1,2,1,1,16113,NA,NA,NA,NA,NA,0,0,0,NA
48,1,1,1,1,1,16114,66,0,3,1,3,0,317,292,0
44,1,1,3,1,1,16115,106,0,3,1,1,1,429,452,0
38,1,1,3,1,1,16120,68,0,1,2,3,1,1336,1222,0
39,1,1,2,1,1,16121,86,0,1,2,2,0,394,382,0
60,1,1,1,1,1,16122,95,0,1,2,3,0,364,378,0
57,1,1,2,1,1,16124,40,1,1,1,3,0,146,174,0
40,1,1,2,1,1,16127,46,0,1,1,3,0,220,251,0
50,0,1,2,1,1,16129,53,0,1,2,2,0,504,592,0
52,1,1,1,1,1,16131,41,0,1,1,NA,0,85,0,0
44,1,1,1,1,1,16133,137,0,1,3,3,0,1009,922,0
49,1,1,1,1,1,16134,131,0,1,2,3,0,724,652,0
43,1,1,1,1,1,16135,76,0,1,2,2,0,802,773,0
40,0,1,1,1,1,16136,450,0,1,3,3,0,215,322,0
53,1,1,4,1,1,16140,103,0,3,1,1,1,331,376,0
49,1,1,4,1,1,16141,44,1,5,1,1,1,163,318,0
50,0,1,4,1,1,16142,42,1,3,2,2,1,154,196,0
45,0,1,2,1,1,16143,54,0,1,3,3,0,848,839,0
52,1,1,4,1,1,16150,190,0,2,1,1,1,388,485,0
55,1,1,1,1,1,16151,104,0,2,3,3,0,441,444,0
41,1,1,1,1,1,16152,110,0,1,1,1,0,525,471,0
44,0,1,4,1,1,16154,62,0,4,1,1,1,221,274,0
48,1,1,1,1,1,16158,23,1,1,3,3,0,129,191,0
52,1,1,1,1,1,16160,46,1,1,1,2,0,214,269,0
52,1,1,1,1,1,16161,33,0,1,1,NA,0,31,0,0
49,1,1,4,1,1,16162,33,0,5,1,NA,1,23,0,0
49,1,1,3,1,1,16163,30,0,1,1,NA,1,23,0,0
39,1,1,1,1,1,16164,133,0,1,2,3,0,758,775,0
53,1,1,4,1,1,16165,101,0,4,1,3,1,333,364,0
49,0,1,4,1,1,16167,39,1,2,2,2,1,137,168,0
49,1,1,3,1,1,16169,NA,NA,NA,NA,NA,1,0,0,NA
51,0,0,4,2,1,16170,74,0,5,1,1,1,215,287,0
48,1,0,4,2,1,16171,31,1,4,3,3,1,113,120,0
57,1,0,3,2,1,16174,63,1,2,2,3,1,201,290,0
48,1,0,3,2,1,16176,95,0,1,1,2,1,336,332,0
51,1,0,3,2,1,16177,107,0,1,2,3,1,368,442,0
52,1,0,4,2,1,16178,46,1,3,1,1,1,135,169,0
46,1,0,3,2,1,16180,48,0,1,1,1,1,550,513,0
52,1,0,4,2,1,16181,47,1,5,1,2,1,140,195,0
55,0,0,4,2,1,16182,39,1,3,1,1,1,112,168,0
52,1,0,4,2,1,16184,104,0,5,1,1,1,300,418,0
48,1,0,1,2,1,16185,172,0,5,1,1,0,538,597,0
50,1,0,2,2,1,16186,106,0,3,1,1,0,407,428,0
46,0,0,2,2,1,16188,151,0,1,3,3,0,755,686,0
48,1,0,3,2,1,16189,68,0,1,1,1,1,238,316,0
44,1,0,4,2,1,16190,63,0,5,1,1,1,212,227,0
54,1,0,4,2,1,16191,49,1,4,1,2,1,141,165,0
58,1,0,3,2,1,16192,404,0,1,3,3,1,123,191,0
42,1,0,4,2,1,16194,23,0,5,1,1,1,87,145,0
49,0,0,3,2,1,16195,44,1,2,1,2,1,158,196,0
47,1,0,4,2,1,16197,204,0,5,1,1,1,664,628,0
42,1,0,3,2,1,16200,42,0,2,1,1,1,164,200,0
47,1,0,4,2,1,16203,42,0,4,1,1,1,135,261,0
45,1,0,4,2,1,16204,36,0,5,1,2,1,127,162,0
45,1,0,2,2,1,16208,31,1,1,2,3,0,151,167,0
55,1,0,3,2,1,16209,43,1,2,1,2,1,141,188,0
55,1,0,1,2,1,16211,100,0,1,2,3,0,390,476,0
50,1,0,3,2,1,16212,23,1,3,2,2,1,99,162,0
45,1,0,4,2,1,16213,47,0,4,2,2,1,177,335,0
55,1,0,4,2,1,16214,88,0,5,2,3,1,252,295,0
52,1,0,4,2,1,16217,23,1,3,1,1,1,72,149,0
47,1,0,4,2,1,16218,40,0,4,1,1,1,131,195,0
59,0,0,3,2,1,16219,22,1,1,1,2,1,54,155,0
40,1,0,4,2,1,16220,21,0,4,3,3,1,84,141,0
42,1,0,3,2,1,16221,42,0,2,2,3,1,170,198,0
42,1,0,3,2,1,16222,56,0,1,3,3,1,224,288,0
45,1,0,4,2,1,16224,41,0,4,1,1,1,136,174,0
45,0,0,3,2,1,16225,69,0,2,3,3,1,528,495,0
42,1,0,4,2,1,16226,104,0,5,1,1,1,348,463,0
59,0,0,4,2,1,16227,20,1,3,1,1,1,44,143,0
50,1,0,4,2,1,16229,41,1,4,2,2,1,146,201,0
59,1,0,3,2,1,16230,94,0,1,3,3,1,268,273,0
26,1,0,1,2,1,16231,56,0,1,1,1,0,247,286,0
53,1,0,4,2,1,16234,24,1,5,3,3,1,88,176,0
50,0,0,1,2,1,16235,28,1,1,2,2,0,140,231,0
51,1,0,2,2,1,16236,46,1,1,1,2,0,178,199,0
44,1,0,4,2,1,16238,72,0,1,3,3,1,256,271,0
50,1,0,1,2,1,16239,62,0,1,1,NA,0,53,0,0
51,1,0,4,2,1,16240,61,0,3,1,1,1,186,275,0
55,1,0,1,2,1,16243,NA,NA,NA,NA,NA,0,0,0,NA
55,0,0,4,2,1,16244,NA,NA,NA,NA,NA,1,0,0,NA
40,1,0,4,2,1,16245,49,0,5,1,1,1,187,218,0
60,1,0,3,2,1,16246,NA,NA,NA,NA,NA,1,0,0,NA
55,0,0,1,2,1,16247,35,1,1,2,NA,0,28,0,0
43,1,0,4,2,1,16248,44,0,5,1,2,1,156,236,0
42,0,0,2,2,1,16249,107,0,3,1,1,0,610,683,0
53,1,0,3,2,1,16250,60,0,1,1,2,1,587,647,0
59,1,0,3,2,1,16253,64,1,1,2,2,1,186,257,0
45,0,0,4,2,1,16254,48,0,5,1,1,1,149,212,0
53,0,0,4,2,1,16255,67,0,4,3,3,1,189,232,0
45,0,0,4,2,1,16257,100,0,4,1,1,1,320,286,0
61,1,0,1,2,1,16258,78,0,1,1,NA,0,50,0,0
49,1,0,4,2,1,16261,42,1,5,2,2,1,148,203,0
42,1,0,4,2,1,16262,106,0,4,1,1,1,359,468,0
45,1,0,4,2,1,16263,55,0,1,2,2,1,195,275,0
44,1,0,3,2,1,16264,40,0,3,1,1,1,152,260,0
48,1,0,4,2,1,16266,46,0,5,3,3,1,165,292,0
53,1,0,2,2,1,16268,34,0,1,1,NA,0,104,0,0
53,0,0,3,2,1,16269,42,1,3,1,1,1,125,155,0
47,1,0,4,2,1,16270,40,0,4,3,3,1,152,157,0
49,1,0,4,2,1,16271,24,1,3,1,1,1,90,175,0
48,0,0,1,2,1,16273,NA,NA,NA,NA,NA,0,0,0,NA
NA,1,0,1,2,1,16274,52,0,2,1,1,0,206,320,0
53,1,0,3,2,1,16275,42,1,1,1,2,1,636,592,0
53,1,0,4,2,1,16276,41,1,4,2,1,1,135,234,0
54,1,0,4,2,1,16278,46,1,5,2,2,1,141,168,0
63,0,0,4,2,1,16280,52,1,5,1,NA,1,18,0,0
64,0,0,3,2,1,16285,32,1,2,3,NA,1,14,0,0
45,0,0,4,2,1,16286,67,0,2,1,NA,1,56,0,0
47,1,0,3,2,1,16287,165,0,1,3,2,1,565,525,0
45,0,0,4,2,1,16290,50,0,5,3,2,1,170,305,0
49,1,0,3,2,1,16291,72,0,1,1,3,1,251,349,0
54,0,0,3,2,1,16292,47,1,1,1,3,1,139,176,0
52,1,0,4,2,1,16293,64,0,5,1,2,1,188,221,0
NA,NA,0,1,2,1,16294,53,0,1,1,1,0,594,631,0
58,1,0,4,2,1,16295,60,1,4,1,3,1,152,182,0
41,1,0,3,2,1,16296,57,0,1,2,1,1,231,267,0
53,1,0,4,2,1,16300,57,1,4,1,2,1,164,244,0
59,0,0,2,2,1,16301,101,0,3,1,3,0,302,369,0
40,1,0,3,2,1,16303,27,0,2,1,1,1,108,245,0
52,1,0,2,2,1,16304,98,0,1,2,1,0,372,375,0
45,1,0,4,2,1,16305,78,0,3,1,2,1,274,417,0
45,0,0,1,2,1,16307,39,0,2,1,1,0,169,295,0
42,1,0,4,2,1,16308,31,0,3,2,2,1,125,264,0
41,1,0,3,2,1,16309,93,0,1,3,3,1,363,360,0
58,1,0,2,2,1,16310,45,0,3,1,NA,0,57,0,0
51,0,0,1,2,1,16312,41,1,1,1,2,0,164,173,0
50,1,0,3,2,1,16313,42,1,3,1,1,1,149,166,0
41,0,0,4,2,1,16314,NA,NA,NA,NA,NA,1,0,0,NA
36,0,0,4,2,1,16315,45,0,4,2,1,1,160,229,0
47,1,0,4,2,1,16317,49,0,4,3,3,1,173,253,0
45,1,0,3,2,1,16319,737,0,1,2,3,1,273,497,0
54,1,0,3,2,1,16320,53,1,1,3,3,1,194,189,0
46,1,0,4,2,1,16322,45,0,5,1,2,1,161,190,0
44,1,0,3,2,1,16325,65,0,2,2,3,1,256,250,0
62,1,0,3,2,1,16327,89,0,1,1,NA,1,69,0,0
47,1,0,4,2,1,16328,32,0,4,1,NA,1,22,0,0
52,1,0,4,2,1,16330,44,1,3,1,1,1,131,180,0
57,0,0,1,2,1,16331,72,1,3,2,3,0,268,419,0
36,1,0,3,2,1,16334,44,0,1,2,1,1,1105,1034,0
47,1,0,4,2,1,16335,87,0,4,2,2,1,289,286,0
48,1,0,4,2,1,16341,49,0,3,1,2,1,161,252,0
52,0,0,2,2,1,16342,404,0,3,1,1,0,134,250,0
37,1,0,4,2,1,16345,115,0,4,1,1,1,403,506,0
46,0,0,4,2,1,16346,33,1,3,1,1,1,101,148,0
42,1,0,3,2,1,16347,51,0,1,3,3,1,815,792,0
57,1,0,1,2,1,16350,44,1,3,1,2,0,164,216,0
49,1,0,3,2,1,16353,70,0,1,2,2,1,571,538,0
44,0,0,3,2,1,16356,55,0,3,1,1,1,193,303,0
49,1,0,3,2,1,16357,41,1,5,1,3,1,155,191,0
51,1,0,2,2,1,16358,44,1,1,1,2,0,170,295,0
54,1,0,4,2,1,16359,25,1,3,1,1,1,80,112,0
61,1,0,4,2,1,16362,30,1,3,1,1,1,70,124,0
NA,NA,0,4,2,1,16363,106,0,5,3,3,1,405,542,0
43,1,0,4,2,1,16364,106,0,5,1,1,1,361,347,0
51,1,0,4,2,1,16366,52,1,4,1,2,1,163,260,0
NA,NA,0,3,2,1,16368,NA,NA,NA,NA,NA,1,0,0,NA
61,1,0,1,2,1,16369,36,1,1,1,NA,0,25,0,0
59,0,0,4,2,1,16370,NA,NA,NA,NA,NA,1,0,0,NA
42,1,0,1,2,1,16371,29,0,1,2,3,0,150,204,0
63,1,0,1,2,1,16373,91,1,1,2,3,0,362,348,0
44,1,0,4,2,1,16375,5,1,3,1,1,1,19,113,0
46,1,0,3,2,1,16378,162,0,3,1,1,1,619,570,0
43,1,0,4,2,1,16379,42,0,4,2,2,1,158,180,0
48,1,0,3,2,1,16383,43,0,1,2,2,1,162,180,0
42,1,0,3,2,1,16384,52,0,3,1,2,1,200,255,0
50,0,0,3,2,1,16386,48,1,1,3,3,1,174,193,0
32,0,0,2,2,1,16387,406,0,3,1,1,0,156,224,0
43,1,0,3,2,1,16388,55,0,2,1,1,1,215,251,0
57,1,0,4,2,1,16389,81,0,1,2,3,1,228,272,0
46,1,0,3,2,1,16390,107,0,1,1,3,1,386,378,0
49,1,0,2,2,1,16391,NA,NA,NA,NA,NA,0,0,0,NA
42,0,0,1,2,1,16392,77,0,1,1,2,0,333,396,0
43,0,0,4,2,1,16393,9,1,3,1,2,1,26,102,0
46,1,0,4,2,1,16394,42,0,4,3,3,1,154,219,0
51,1,0,4,2,1,16397,57,0,4,1,2,1,180,224,0
46,1,0,4,2,1,16398,153,0,5,3,3,1,380,361,0
59,1,0,4,2,1,16401,37,1,5,1,NA,1,19,0,0
44,1,0,4,2,1,16405,404,0,5,1,2,1,132,172,0
46,1,0,4,2,1,16406,46,0,1,2,2,1,174,171,0
52,1,0,4,2,1,16407,106,0,5,1,2,1,310,310,0
45,1,0,4,2,1,16408,41,0,5,2,3,1,157,180,0
41,1,0,3,2,1,16409,45,0,3,1,1,1,180,262,0
35,1,0,4,2,1,16410,59,0,3,1,1,1,204,189,0
48,1,0,4,2,1,16411,24,1,4,2,3,1,89,186,0
55,1,0,4,2,1,16412,69,0,3,2,3,1,198,203,0
54,0,0,4,2,1,16413,32,0,5,2,NA,1,19,0,0
49,1,0,4,2,1,16415,26,1,3,1,1,1,92,315,0
47,1,0,4,2,1,16416,44,0,4,2,3,1,154,225,0
49,1,0,4,2,1,16417,43,1,5,1,3,1,140,255,0
29,0,0,4,2,1,16418,102,0,5,1,1,1,336,365,0
54,1,0,2,2,1,16419,40,1,1,3,3,0,159,214,0
55,1,0,4,2,1,16421,39,0,5,2,NA,1,23,0,0
49,1,0,4,2,1,16422,43,1,4,2,3,1,150,296,0
39,1,0,4,2,1,16425,62,0,4,1,3,1,222,284,0
52,1,0,3,2,1,16427,206,0,3,2,3,1,396,363,0
43,1,0,4,2,1,16429,55,0,4,1,1,1,188,217,0
54,0,0,3,2,1,16430,81,0,1,2,3,1,625,595,0
49,1,0,3,2,1,16433,23,1,3,1,1,1,84,132,0
41,0,0,3,2,1,16434,22,0,3,2,3,1,88,196,0
55,1,0,3,2,1,16435,48,1,1,3,3,1,698,648,0
64,1,0,4,2,1,16437,79,0,5,3,NA,1,32,0,0
47,1,0,4,2,1,16438,47,0,4,1,2,1,152,171,0
41,1,0,3,2,1,16439,150,0,1,1,2,1,495,543,0
44,0,0,3,2,1,16440,65,0,2,2,3,1,667,573,0
45,1,0,4,2,1,16441,56,0,4,1,2,1,183,279,0
52,0,0,4,2,1,16442,88,0,4,2,3,1,265,318,0
49,1,0,4,2,1,16445,NA,NA,NA,NA,NA,1,0,0,NA
40,0,0,1,2,1,16446,50,0,1,2,3,0,237,259,0
42,0,0,4,2,1,16447,34,0,1,3,3,1,117,211,0
47,1,0,4,2,1,16448,50,0,3,1,1,1,163,283,0
49,1,0,1,2,1,16450,88,0,2,2,3,0,381,375,0
41,1,0,3,2,1,16455,78,0,1,3,3,1,574,530,0
41,0,0,3,2,1,16456,103,0,3,1,1,1,377,346,0
44,1,0,4,2,1,16458,411,0,4,1,1,1,135,305,0
40,1,0,3,2,1,16459,67,0,1,2,2,1,773,749,0
41,0,0,4,2,1,16461,11,1,3,2,3,1,55,185,0
53,0,0,3,2,1,16462,55,1,5,2,3,1,184,213,0
44,1,0,3,2,1,16463,126,0,1,3,3,1,765,666,0
52,1,0,1,2,1,16464,103,0,2,1,1,0,408,426,0
56,1,0,3,2,1,16467,133,0,1,1,NA,1,80,0,0
36,1,0,1,2,1,16468,91,0,1,3,3,0,563,511,0
44,1,0,4,2,1,16469,22,1,3,1,2,1,77,135,0
44,1,0,4,2,1,16470,108,0,2,2,1,1,368,398,0
38,1,0,2,2,1,16471,53,0,1,3,3,0,587,498,0
59,1,0,2,2,1,16473,37,1,1,2,1,0,632,634,0
50,1,0,4,2,1,16475,107,0,5,1,2,1,322,307,0
41,0,0,3,2,1,16476,84,0,1,3,3,1,319,385,0
54,1,0,4,2,1,16477,54,1,5,2,3,1,164,200,0
53,1,0,3,2,1,16478,9,1,2,1,2,1,29,156,0
59,0,0,1,2,1,16481,48,0,1,1,NA,0,33,0,0
38,1,0,4,2,1,16483,80,0,3,3,3,1,288,285,0
48,1,0,4,2,1,16485,59,0,3,2,2,1,394,406,0
43,1,0,3,2,1,16487,145,0,1,2,3,1,449,522,0
51,1,0,4,2,1,16488,NA,NA,NA,NA,NA,1,0,0,NA
50,1,0,3,2,1,16490,830,0,1,2,2,1,288,321,0
44,1,0,4,2,1,16491,40,0,4,1,2,1,135,163,0
51,1,0,4,2,1,16494,58,0,5,1,1,1,176,261,0
43,1,0,4,2,1,16495,50,0,5,1,1,1,173,174,0
49,1,0,4,2,1,16496,43,1,4,2,2,1,153,179,0
41,1,0,3,2,1,16498,40,0,2,3,3,1,170,250,0
35,1,0,3,2,1,16500,106,0,1,2,3,1,415,381,0
45,0,0,4,2,1,16502,65,0,5,1,1,1,682,650,0
59,1,0,2,2,1,16503,65,1,1,2,3,0,211,312,0
38,1,0,2,2,1,16506,49,0,1,2,2,0,213,306,0
52,1,0,4,2,1,16507,96,0,4,2,2,1,294,274,0
50,1,0,4,2,1,16508,54,0,4,1,1,1,172,233,0
61,1,0,2,2,1,16512,NA,NA,NA,NA,NA,0,0,0,NA
43,1,0,1,2,1,16513,67,0,1,1,NA,0,121,0,0
43,0,0,2,2,1,16515,65,0,1,3,2,0,268,311,0
49,1,0,4,2,1,16516,101,0,5,2,2,1,324,437,0
47,1,0,4,2,1,16517,114,0,4,2,3,1,389,458,0
51,0,0,4,2,1,16520,108,0,4,1,2,1,314,371,0
57,1,0,3,2,1,16521,NA,NA,NA,NA,NA,1,0,0,NA
46,0,0,1,2,1,16522,17,1,1,2,3,0,82,144,0
45,1,0,2,2,1,16523,44,0,1,2,2,0,194,241,0
51,1,0,4,2,1,16525,55,0,5,1,1,1,172,240,0
47,1,0,3,2,1,16526,99,0,1,1,1,1,491,441,0
49,1,0,4,2,1,16528,44,1,3,1,1,1,143,179,0
52,1,0,4,2,1,16529,11,1,3,2,2,1,54,149,0
41,1,0,1,2,1,16530,82,0,1,1,1,0,369,388,0
46,1,0,4,2,1,16533,51,0,5,1,2,1,174,198,0
49,0,0,4,2,1,16534,64,0,3,2,3,1,200,317,0
48,1,0,3,2,1,16536,NA,NA,NA,NA,NA,1,0,0,NA
47,0,0,4,2,1,16537,108,0,5,1,2,1,345,364,0
46,1,0,4,2,1,16539,58,0,1,2,3,1,210,215,0
39,1,0,4,2,1,16541,110,0,5,2,3,1,391,415,0
61,0,0,3,2,1,16542,81,1,1,2,2,1,209,225,0
43,1,0,4,2,1,16543,65,0,5,1,1,1,224,278,0
44,1,0,2,2,1,16544,99,0,1,3,3,0,552,505,0
43,1,0,4,2,1,16547,72,0,3,3,3,1,256,285,0
34,1,0,4,2,1,16548,54,0,5,2,2,1,201,288,0
41,1,0,3,2,1,16549,163,0,1,1,1,1,1063,940,0
50,1,0,3,2,1,16552,403,0,4,3,3,1,145,216,0
46,1,0,3,2,1,16553,97,0,1,2,2,1,364,353,0
42,1,0,4,2,1,16555,47,0,5,1,3,1,165,317,0
43,1,0,4,2,1,16556,41,0,4,1,1,1,142,166,0
52,1,0,4,2,1,16561,45,1,5,1,2,1,140,253,0
55,0,0,3,2,1,16563,48,1,5,2,2,1,162,179,0
41,1,0,4,2,1,16565,98,0,2,3,3,1,697,639,0
48,1,0,2,2,1,16566,413,0,2,2,2,0,167,247,0
44,1,0,3,2,1,16568,108,0,1,2,2,1,481,492,0
43,1,0,3,2,1,16569,100,0,1,3,3,1,382,369,0
41,1,0,2,2,1,16572,84,0,1,3,3,0,911,774,0
39,1,0,3,2,1,16574,115,0,1,1,1,1,1259,1102,0
37,1,0,4,2,1,16576,46,0,5,1,1,1,166,222,0
42,1,0,3,2,1,16577,47,0,3,2,3,1,186,226,0
33,1,0,4,2,1,16579,66,0,5,1,1,1,229,222,0
49,1,0,4,2,1,16580,62,0,5,1,2,1,198,238,0
58,1,0,3,2,1,16583,30,1,1,2,2,1,98,137,0
47,1,0,3,2,1,16585,69,0,1,1,NA,1,49,0,0
38,1,0,4,2,1,16586,101,0,3,1,1,1,354,402,0
43,1,0,3,2,1,16587,30,0,1,2,1,1,131,198,0
47,1,0,2,2,1,16588,43,0,1,3,3,0,190,228,0
56,0,0,4,2,1,16590,102,0,5,2,2,1,275,310,0
49,0,0,4,2,1,16593,41,1,4,2,2,1,134,162,0
NA,0,0,4,2,1,16594,32,1,2,1,2,1,123,174,0
49,1,0,4,2,1,16595,84,0,5,2,3,1,273,298,0
39,1,0,4,2,1,16598,46,0,4,2,3,1,174,232,0
51,1,0,3,2,1,16601,52,1,1,1,2,1,413,376,0
44,1,0,4,2,1,16603,60,0,5,1,1,1,205,252,0
47,1,0,4,2,1,16604,48,0,5,1,1,1,153,188,0
49,1,0,3,2,1,16606,33,1,1,2,3,1,932,851,0
51,1,0,4,2,1,16608,69,0,2,1,NA,1,90,0,0
44,0,0,3,2,1,16609,705,0,1,1,1,1,244,330,0
44,1,0,4,2,1,16610,44,0,5,2,2,1,158,190,0
49,1,0,4,2,1,16614,47,1,5,1,2,1,148,162,0
56,1,0,2,2,1,16615,45,1,1,1,1,0,151,165,0
42,1,0,1,2,1,16617,81,0,2,1,1,0,927,897,0
45,1,0,4,2,1,16622,47,0,3,1,1,1,168,207,0
50,1,0,3,2,1,16625,73,0,1,1,1,1,253,307,0
64,0,0,4,2,1,16626,111,0,5,1,1,1,197,267,0
43,1,0,4,2,1,16627,102,0,4,2,3,1,356,351,0
49,1,0,4,2,1,16628,43,1,4,1,1,1,135,210,0
39,1,0,3,2,1,16630,100,0,1,2,3,1,395,496,0
44,1,0,4,2,1,16631,NA,NA,NA,NA,NA,1,0,0,NA
50,1,0,1,2,1,16634,44,1,2,1,1,0,188,286,0
41,0,0,4,2,1,16635,55,0,3,1,3,1,180,284,0
47,1,0,4,2,1,16636,42,0,5,2,3,1,151,192,0
42,1,0,3,2,1,16637,106,0,1,2,3,1,883,790,0
47,1,0,3,2,1,16638,NA,NA,NA,NA,NA,1,0,0,NA
41,1,0,1,2,1,16640,47,0,3,2,3,0,219,278,0
52,1,0,3,2,1,16641,93,0,3,2,1,1,322,320,0
55,1,0,4,2,1,16642,88,0,1,3,3,1,252,286,0
35,1,0,4,2,1,16644,27,0,5,1,3,1,103,153,0
57,0,0,2,2,1,16645,84,0,1,2,2,0,283,344,0
50,0,0,4,2,1,16648,62,0,4,1,1,1,181,206,0
42,0,0,3,2,1,16649,96,0,1,3,3,1,365,428,0
45,1,0,2,2,1,16651,108,0,1,2,3,0,1034,959,0
52,1,0,4,2,1,16652,111,0,3,2,3,1,331,335,0
60,0,0,4,2,1,16654,32,1,4,1,NA,1,13,0,0
62,1,0,3,2,1,16655,NA,NA,NA,NA,NA,1,0,0,NA
39,0,0,1,2,1,16656,52,0,1,1,1,0,227,246,0
64,1,0,2,2,1,16658,31,1,1,1,NA,0,16,0,0
47,1,0,4,2,1,16659,80,0,2,2,3,1,379,365,0
47,1,0,3,2,1,16660,77,0,1,2,3,1,291,250,0
54,1,0,4,2,1,16661,108,0,5,3,3,1,317,331,0
53,1,0,3,2,1,16662,83,0,1,3,3,1,398,481,0
49,0,0,4,2,1,16666,80,0,5,1,NA,1,47,0,0
61,1,0,3,2,1,16667,427,0,1,1,NA,1,21,0,0
51,0,0,1,2,1,16668,NA,NA,NA,NA,NA,0,0,0,NA
44,1,0,1,2,1,16669,42,0,1,1,1,0,193,205,0
53,0,0,3,2,1,16670,86,0,1,2,2,1,276,395,0
44,0,0,4,2,1,16671,45,0,3,1,3,1,140,201,0
58,1,0,4,2,1,16673,76,0,5,1,NA,1,38,0,0
44,0,0,2,2,1,16674,50,0,1,2,3,0,204,200,0
42,1,0,4,2,1,16675,22,1,3,1,2,1,89,191,0
44,0,0,4,2,1,16676,51,0,4,1,1,1,176,209,0
52,1,0,3,2,1,16677,108,0,1,1,1,1,402,494,0
41,1,0,4,2,1,16679,61,0,4,2,2,1,222,240,0
47,1,0,3,2,1,16680,35,1,1,1,2,1,131,279,0
52,0,0,4,2,1,16681,NA,NA,NA,NA,NA,1,0,0,NA
43,1,0,3,2,1,16684,81,0,1,3,2,1,532,547,0
54,1,0,1,2,1,16685,72,0,3,1,2,0,283,272,0
49,0,0,3,2,1,16686,37,1,2,1,1,1,121,144,0
NA,NA,0,4,2,1,16687,54,0,5,1,1,1,209,205,0
41,1,0,4,2,1,16688,42,0,4,1,1,1,148,239,0
42,0,0,1,2,1,16690,43,0,1,3,3,0,201,245,0
44,1,0,4,2,1,16693,89,0,2,1,1,1,297,368,0
30,1,0,4,2,1,16694,43,0,5,1,2,1,149,192,0
36,1,0,4,2,1,16698,60,0,4,2,3,1,224,411,0
45,1,0,4,2,1,16699,43,0,3,1,1,1,144,182,0
50,1,0,4,2,1,16702,102,0,4,1,1,1,319,383,0
31,1,0,4,2,1,16703,94,0,2,3,3,1,337,319,0
52,0,0,4,2,1,16704,47,1,3,2,2,1,138,169,0
51,1,0,1,2,1,16708,109,0,1,1,2,0,437,393,0
50,1,0,3,2,1,16711,116,0,1,2,2,1,761,678,0
37,1,0,2,2,1,16713,40,0,1,3,3,0,189,265,0
50,1,0,3,2,1,16714,12,1,1,2,3,1,64,200,0
46,1,0,4,2,1,16715,125,0,3,3,3,1,407,373,0
44,1,0,2,2,1,16717,79,0,1,2,2,0,333,425,0
45,1,0,4,2,1,16719,172,0,2,1,1,1,405,423,0
45,0,0,3,2,1,16720,95,0,1,3,3,1,359,355,0
43,1,0,4,2,1,16721,109,0,3,2,2,1,419,507,0
50,1,0,3,2,1,16724,80,0,3,1,1,1,277,244,0
50,1,0,4,2,1,16726,22,1,5,2,2,1,97,112,0
52,1,0,3,2,1,16731,101,0,1,3,3,1,1105,1027,0
49,1,0,4,2,1,16732,49,0,3,1,1,1,160,241,0
54,1,0,4,2,1,16733,103,0,5,1,2,1,289,380,0
58,1,0,3,2,1,16734,61,1,2,1,1,1,181,226,0
61,0,0,4,2,1,16735,61,0,5,1,NA,1,26,0,0
50,1,0,4,2,1,16736,55,0,4,3,3,1,190,281,0
53,1,0,2,2,1,16737,103,0,3,1,3,0,369,420,0
47,1,0,2,2,1,16738,60,0,1,1,1,0,243,318,0
49,1,0,1,2,1,16739,58,0,2,1,1,0,246,256,0
47,1,0,4,2,1,16740,NA,NA,NA,NA,NA,1,0,0,NA
50,0,0,4,2,1,16741,92,0,2,1,1,1,271,371,0
57,1,0,4,2,1,16742,46,1,4,1,1,1,122,230,0
50,1,0,3,2,1,16743,185,0,1,3,3,1,1157,1008,0
49,1,0,4,2,1,16744,57,0,3,1,1,1,179,243,0
45,0,0,3,2,1,16745,NA,NA,NA,NA,NA,1,0,0,NA
49,1,0,4,2,1,16746,31,1,5,3,3,1,110,128,0
NA,1,0,3,2,1,16747,84,0,1,2,2,1,335,376,0
49,1,0,4,2,1,16749,31,1,5,1,3,1,103,145,0
37,1,0,1,2,1,16750,36,0,1,3,3,0,178,180,0
58,1,0,4,2,1,16753,64,1,1,1,1,1,158,261,0
55,1,0,3,2,1,16754,103,0,1,3,3,1,323,446,0
46,1,0,3,2,1,16756,40,0,1,1,2,1,154,273,0
52,0,0,4,2,1,16757,42,1,4,1,1,1,117,168,0
49,0,0,3,2,1,16759,88,0,3,1,1,1,299,279,0
59,1,0,4,2,1,16761,NA,NA,NA,NA,NA,1,0,0,NA
46,1,0,1,2,1,16763,401,0,1,1,1,0,170,257,0
53,1,0,4,2,1,16764,NA,NA,NA,NA,NA,1,0,0,NA
51,1,0,3,2,1,16765,133,0,1,1,2,1,394,352,0
46,1,0,4,2,1,16766,50,0,3,1,2,1,182,229,0
57,1,0,4,2,1,16768,92,0,4,1,NA,1,43,0,0
60,0,0,4,2,1,16771,20,1,3,2,2,1,51,164,0
52,1,0,4,2,1,16773,42,1,3,1,1,1,126,140,0
54,1,0,4,2,1,16774,42,1,4,1,1,1,122,162,0
43,1,0,4,2,1,16775,41,0,5,1,1,1,143,170,0
46,1,0,4,2,1,16776,54,0,5,2,1,1,192,220,0
47,1,0,3,2,1,16779,108,0,1,2,2,1,692,706,0
51,1,0,4,2,1,16780,39,0,4,3,NA,1,26,0,0
43,1,0,3,2,1,16784,64,0,1,3,3,1,510,510,0
52,1,0,4,2,1,16786,105,0,3,2,2,1,320,355,0
NA,1,0,3,2,1,16787,83,0,1,1,2,1,314,370,0
53,1,0,4,2,1,16791,41,0,3,1,NA,1,23,0,0
45,1,0,4,2,1,16796,20,0,3,1,NA,1,14,0,0
51,1,0,4,2,1,16797,45,1,3,1,2,1,136,226,0
51,1,0,4,2,1,16798,108,0,5,2,3,1,400,435,0
39,1,0,4,2,1,16799,30,0,4,1,1,1,109,289,0
44,1,0,4,2,1,16800,43,0,4,3,2,1,155,213,0
52,0,0,3,2,1,16801,102,0,1,1,3,1,324,292,0
44,1,0,4,2,1,16802,41,0,4,2,NA,1,29,0,0
46,1,0,4,2,1,16804,38,0,2,2,3,1,136,231,0
41,1,0,1,2,1,16805,83,0,1,3,2,0,389,412,0
59,1,0,4,2,1,16807,43,1,3,3,NA,1,24,0,0
60,0,0,4,2,1,16808,NA,NA,NA,NA,NA,1,0,0,NA
45,0,0,2,2,1,16809,22,1,1,1,3,0,82,162,0
48,1,0,3,2,1,16810,48,0,2,2,2,1,190,283,0
51,1,0,4,2,1,16811,NA,NA,NA,NA,NA,1,0,0,NA
42,0,0,1,2,1,16813,23,1,2,1,2,0,97,163,0
54,1,0,3,2,1,16814,NA,NA,NA,NA,NA,1,0,0,NA
49,0,0,2,2,1,16815,31,1,1,3,3,0,127,204,0
40,1,0,4,2,1,16816,36,0,3,1,2,1,135,184,0
48,1,0,4,2,1,16818,106,0,5,1,3,1,333,325,0
42,1,0,3,2,1,16819,122,0,1,2,2,1,629,677,0
50,1,0,3,2,1,16820,61,0,2,3,3,1,216,310,0
46,1,0,4,2,1,16821,105,0,5,1,2,1,352,345,0
41,0,0,4,2,1,16822,126,0,2,1,1,1,675,614,0
61,1,0,3,2,1,16824,95,0,2,3,2,1,254,312,0
34,1,0,3,2,1,16828,103,0,3,1,1,1,388,360,0
45,1,0,3,2,1,16829,44,0,3,3,3,1,172,324,0
51,1,0,4,2,1,16832,29,1,5,1,1,1,92,172,0
46,1,0,4,2,1,16833,104,0,5,2,3,1,347,343,0
46,0,0,4,2,1,16835,34,1,5,2,3,1,115,208,0
50,1,0,2,2,1,16837,75,0,1,1,2,0,752,733,0
43,1,0,1,2,1,16838,63,0,3,2,2,0,305,376,0
34,1,0,4,2,1,16839,67,0,5,1,1,1,238,364,0
38,1,0,1,2,1,16841,102,0,2,2,3,0,472,485,0
43,1,0,4,2,1,16842,95,0,1,3,3,1,327,405,0
52,1,0,2,2,1,16844,41,1,2,3,2,0,171,190,0
49,1,0,1,2,1,16845,26,1,2,2,3,0,126,161,0
54,0,0,1,2,1,16846,21,1,1,1,1,0,80,121,0
49,1,0,3,2,1,16848,NA,NA,NA,NA,NA,1,0,0,NA
51,1,0,4,2,1,16849,40,1,4,1,1,1,122,216,0
59,0,0,4,2,1,16850,43,1,5,1,1,1,97,201,0
43,1,0,4,2,1,16851,56,0,4,1,3,1,195,273,0
46,1,0,3,2,1,16853,41,0,2,1,NA,1,30,0,0
45,1,0,4,2,1,16854,104,0,2,3,3,1,353,335,0
49,0,0,1,2,1,16856,45,1,1,1,2,0,187,204,0
51,0,0,3,2,1,16859,88,0,1,3,3,1,293,308,0
50,1,0,1,2,1,16861,95,0,1,2,3,0,404,431,0
45,1,0,3,2,1,16862,84,0,2,1,1,1,311,320,0
46,1,0,1,2,1,16863,25,0,1,1,NA,0,24,0,0
49,1,0,2,2,1,16864,48,0,1,1,1,0,194,261,0
57,1,0,3,2,1,16866,NA,NA,NA,NA,NA,1,0,0,NA
45,1,0,4,2,1,16867,100,0,5,1,1,1,333,325,0
45,1,0,4,2,1,16868,57,0,5,1,1,1,194,260,0
44,1,0,3,2,1,16869,10,1,2,1,3,1,43,244,0
33,1,0,4,2,1,16871,43,0,4,1,1,1,155,174,0
49,1,0,4,2,1,16872,37,0,4,1,NA,1,24,0,0
62,0,0,4,2,1,16873,85,1,3,2,2,1,178,245,0
49,1,0,3,2,1,16874,78,0,1,1,1,1,267,304,0
47,1,0,4,2,1,16875,83,0,1,1,1,1,267,326,0
56,1,0,4,2,1,16877,41,1,4,1,1,1,109,288,0
51,1,0,4,2,1,16879,80,0,5,3,3,1,255,282,0
47,0,0,4,2,1,16880,41,0,4,1,2,1,124,251,0
48,0,0,4,2,1,16881,8,1,5,1,NA,1,3,0,0
52,1,0,1,2,1,16883,86,0,1,2,2,0,352,414,0
39,0,0,4,2,1,16884,90,0,1,3,2,1,318,290,0
46,1,0,2,2,1,16886,45,0,1,2,3,0,197,324,0
43,1,0,1,2,1,16888,18,1,1,1,1,0,88,168,0
46,1,0,2,2,1,16890,65,0,1,3,3,0,273,272,0
41,1,0,3,2,1,16892,50,0,1,3,3,1,211,233,0
57,1,0,4,2,1,16894,31,1,3,2,3,1,94,158,0
54,0,0,3,2,1,16896,92,0,3,1,2,1,281,334,0
50,1,0,3,2,1,16897,56,0,1,2,3,1,771,704,0
53,1,0,4,2,1,16898,53,1,5,1,1,1,164,230,0
52,1,0,2,2,1,16900,86,0,1,3,3,0,326,373,0
40,1,0,4,2,1,16901,31,0,3,2,3,1,121,259,0
50,1,0,1,2,1,16903,32,1,2,3,3,0,150,159,0
58,0,0,4,2,1,16905,44,1,5,1,1,1,100,174,0
56,1,0,3,2,1,16907,72,0,1,3,3,1,574,548,0
46,1,0,3,2,1,16908,42,0,2,2,2,1,160,295,0
52,0,0,3,2,1,16909,123,0,1,1,1,1,726,703,0
51,1,0,2,2,1,16910,13,1,1,1,2,0,51,71,0
54,1,0,4,2,1,16911,43,1,4,1,1,1,123,232,0
48,1,0,4,2,1,16912,82,0,1,2,3,1,265,369,0
38,1,0,4,2,1,16914,46,0,1,3,2,1,182,233,0
53,1,0,3,2,1,16915,116,0,1,1,1,1,648,656,0
61,0,0,4,2,1,16918,NA,NA,NA,NA,NA,1,0,0,NA
50,1,0,2,2,1,16919,92,0,1,3,3,0,352,390,0
43,1,0,1,2,1,16924,40,0,1,1,1,0,183,280,0
69,1,0,1,2,1,16925,NA,NA,NA,NA,NA,0,0,0,NA
48,1,0,1,2,1,16927,97,0,1,3,3,0,421,552,0
50,1,0,4,2,1,16935,41,1,4,2,2,1,137,160,0
NA,1,0,4,2,1,16937,NA,NA,NA,NA,NA,1,0,0,NA
61,1,0,3,2,1,16940,31,1,2,1,NA,1,16,0,0
41,1,0,4,2,1,16942,42,0,4,3,3,1,154,242,0
43,1,0,4,2,1,16943,101,0,5,3,3,1,347,359,0
46,1,0,4,2,1,16944,48,0,4,2,3,1,375,438,0
45,1,0,1,2,1,16946,31,1,5,3,3,0,152,179,0
53,1,0,4,2,1,16949,31,1,3,1,2,1,92,126,0
47,1,0,4,2,1,16952,24,1,3,2,3,1,86,189,0
42,1,0,2,2,1,16957,164,0,1,3,3,0,763,688,0
NA,NA,0,3,2,1,16958,37,1,2,1,1,1,150,240,0
44,1,0,3,2,1,16961,42,0,2,3,3,1,165,213,0
56,1,0,3,2,1,16963,210,0,1,1,1,1,711,722,0
48,1,0,3,2,1,16964,92,0,1,1,3,1,326,347,0
39,1,0,3,2,1,16968,26,0,1,1,2,1,659,626,0
34,1,0,4,2,1,16969,38,0,4,1,1,1,137,188,0
58,0,0,3,2,1,16970,101,0,2,1,2,1,278,387,0
41,1,0,4,2,1,16971,85,0,2,2,2,1,304,303,0
54,1,0,1,2,1,16974,61,1,1,1,1,0,235,429,0
52,1,0,4,2,1,16976,41,1,4,1,1,1,136,184,0
44,1,0,4,2,1,16977,97,0,3,3,3,1,336,337,0
38,1,0,2,2,1,16981,68,0,1,1,1,0,292,296,0
45,1,0,4,2,1,16983,59,0,5,1,1,1,202,273,0
37,1,0,3,2,1,16984,60,0,3,2,3,1,246,342,0
45,1,0,4,2,1,16987,45,0,5,3,3,1,166,177,0
48,0,0,3,2,1,16989,94,0,1,1,2,1,319,486,0
58,1,0,3,2,1,16991,80,0,1,2,3,1,236,314,0
47,1,0,4,2,1,16993,27,1,3,1,1,1,91,212,0
48,0,0,3,2,1,16995,102,0,2,1,3,1,343,341,0
48,1,0,4,2,1,16997,25,1,5,3,3,1,95,246,0
58,1,0,3,2,1,16998,44,1,1,1,1,1,138,252,0
45,1,0,4,2,1,16999,71,0,4,1,1,1,244,310,0
51,1,0,3,2,1,17000,224,0,1,2,2,1,585,554,0
NA,NA,0,4,2,1,17003,409,0,4,3,3,1,152,300,0
42,1,0,3,2,1,17004,43,0,4,2,2,1,173,229,0
49,1,0,3,2,1,17005,38,1,1,2,3,1,455,469,0
50,1,0,1,2,1,17009,54,0,1,2,2,0,234,318,0
35,1,0,4,2,1,17010,42,0,5,1,1,1,146,216,0
45,1,0,4,2,1,17011,NA,NA,NA,NA,NA,1,0,0,NA
39,0,0,3,2,1,17013,50,0,1,2,2,1,191,203,0
32,1,0,2,2,1,17014,47,0,1,2,2,0,208,254,0
47,1,0,4,2,1,17015,100,0,5,1,1,1,320,350,0
50,1,0,3,2,1,17018,50,0,2,1,1,1,170,190,0
48,1,0,3,2,1,17019,NA,NA,NA,NA,NA,1,0,0,NA
42,1,0,4,2,1,17020,42,0,5,1,1,1,143,214,0
49,1,0,3,2,1,17024,224,0,1,2,3,1,415,433,0
50,0,0,1,2,1,17028,49,1,2,3,3,0,211,250,0
41,1,0,1,2,1,17031,56,0,2,3,3,0,1512,1289,0
33,1,0,3,2,1,17032,198,0,3,3,3,1,638,611,0
62,1,0,3,2,1,17033,33,1,1,2,NA,1,82,0,0
48,0,0,4,2,1,17034,68,0,4,1,1,1,216,240,0
44,1,0,4,2,1,17035,83,0,5,3,3,1,290,335,0
45,1,0,3,2,1,17036,76,0,1,3,3,1,722,633,0
37,1,0,4,2,1,17038,103,0,5,1,1,1,352,373,0
60,1,0,3,2,1,17040,65,1,3,3,3,1,453,484,0
52,1,0,4,2,1,17041,95,0,4,3,3,1,372,353,0
45,0,0,3,2,1,17042,35,0,4,1,NA,1,25,0,0
47,1,0,3,2,1,17044,26,1,2,1,1,1,99,218,0
42,0,0,2,2,1,17046,40,0,1,3,3,0,173,220,0
49,1,0,3,2,1,17047,75,0,1,3,3,1,271,269,0
48,1,0,2,2,1,17048,83,0,1,1,1,0,775,752,0
52,1,0,4,2,1,17049,47,1,5,1,2,1,144,176,0
46,1,0,2,2,1,17050,188,0,1,3,3,0,820,849,0
45,0,0,4,2,1,17051,97,0,1,1,2,1,311,327,0
33,0,0,1,2,1,17052,21,0,2,1,1,0,96,231,0
32,0,0,3,2,1,17053,68,0,1,1,1,1,249,304,0
40,1,0,3,2,1,17055,107,0,2,3,3,1,511,461,0
54,1,0,3,2,1,17057,NA,NA,NA,NA,NA,1,0,0,NA
47,1,0,3,2,1,17061,NA,NA,NA,NA,NA,1,0,0,NA
41,1,0,3,2,1,17062,68,0,1,2,3,1,713,623,0
49,1,0,4,2,1,17063,24,1,3,3,3,1,103,339,0
57,0,0,4,2,1,17065,53,1,4,2,3,1,143,164,0
47,1,0,1,2,1,17066,48,0,1,2,3,0,217,314,0
53,1,0,4,2,1,17068,102,0,3,2,2,1,302,426,0
54,1,0,4,2,1,17069,104,0,5,1,1,1,293,315,0
60,1,0,4,2,1,17070,49,1,4,1,2,1,115,164,0
54,1,0,1,2,1,17071,85,0,1,2,3,0,343,398,0
50,1,0,3,2,1,17075,41,1,2,2,2,1,155,189,0
51,1,0,4,2,1,17077,84,0,5,1,1,1,251,332,0
44,0,0,3,2,1,17079,95,0,1,1,1,1,594,591,0
47,1,0,4,2,1,17080,NA,NA,NA,NA,NA,1,0,0,NA
38,1,0,4,2,1,17081,61,0,4,3,3,1,220,338,0
57,1,0,3,2,1,17082,101,0,2,2,3,1,307,364,0
48,1,0,2,2,1,17083,53,0,1,3,3,0,517,702,0
44,1,0,4,2,1,17084,64,0,4,2,2,1,225,352,0
45,1,0,4,2,1,17086,43,0,4,1,1,1,145,265,0
36,1,0,1,2,1,17088,42,0,1,1,1,0,189,186,0
46,1,0,4,2,1,17089,48,0,4,3,3,1,164,231,0
49,1,0,1,2,1,17092,31,1,2,2,2,0,155,224,0
58,1,0,4,2,1,17093,40,1,5,2,3,1,114,110,0
58,1,0,3,2,1,17094,NA,NA,NA,NA,NA,1,0,0,NA
47,0,0,1,2,1,17097,74,0,1,1,1,0,319,298,0
51,1,0,3,2,1,17098,44,1,1,2,3,1,161,270,0
46,1,0,4,2,1,17100,71,0,3,3,3,1,245,250,0
56,1,0,4,2,1,17103,54,1,5,3,3,1,158,213,0
45,1,0,4,2,1,17105,103,0,1,3,3,1,342,417,0
40,0,0,3,2,1,17106,96,0,1,3,3,1,366,368,0
54,0,0,1,2,1,17107,81,0,2,2,2,0,316,311,0
40,1,0,4,2,1,17109,58,0,3,1,2,1,203,293,0
40,1,0,4,2,1,17110,106,0,3,1,1,1,364,343,0
57,1,0,4,2,1,17114,80,0,1,2,3,1,222,260,0
51,1,0,3,2,1,17115,83,0,3,2,3,1,293,334,0
54,0,0,4,2,1,17116,NA,NA,NA,NA,NA,1,0,0,NA
47,1,0,2,2,1,17117,41,0,1,3,3,0,182,274,0
54,1,0,4,2,1,17121,22,1,3,2,2,1,78,158,0
51,1,0,4,2,1,17122,47,1,3,1,2,1,141,197,0
59,1,0,3,2,1,17124,NA,NA,NA,NA,NA,1,0,0,NA
50,1,0,3,2,1,17125,101,0,1,2,2,1,351,360,0
48,1,0,1,2,1,17129,26,1,1,1,3,0,118,172,0
44,1,0,4,2,1,17131,43,0,5,1,1,1,146,259,0
42,1,0,3,2,1,17132,55,0,1,2,2,1,214,223,0
37,1,0,3,2,1,17133,66,0,3,1,NA,1,50,0,0
52,0,0,4,2,1,17134,101,0,5,1,1,1,286,278,0
43,1,0,2,2,1,17135,92,0,1,3,3,0,387,385,0
52,1,0,4,2,1,17139,43,1,5,3,3,1,136,304,0
58,1,0,3,2,1,17141,72,1,5,2,2,1,217,204,0
43,0,0,2,2,1,17144,49,0,2,3,3,0,203,392,0
54,0,0,4,2,1,17147,65,0,4,1,1,1,173,282,0
50,1,0,3,2,1,17148,410,0,1,2,2,1,147,192,0
47,1,0,3,2,1,17149,NA,NA,NA,NA,NA,1,0,0,NA
47,1,0,3,2,1,17151,NA,NA,NA,NA,NA,1,0,0,NA
50,0,0,3,2,1,17152,44,1,3,1,1,1,148,218,0
49,1,0,4,2,1,17153,67,0,2,3,3,1,221,286,0
37,1,0,3,2,1,17158,97,0,1,2,2,1,386,445,0
49,0,0,3,2,1,17160,69,0,1,2,3,1,736,647,0
49,1,0,3,2,1,17161,54,0,2,2,1,1,203,243,0
38,1,0,3,2,1,17162,44,0,2,2,3,1,197,271,0
43,1,0,1,2,1,17163,109,0,1,2,3,0,524,510,0
59,0,0,3,2,1,17164,85,0,1,3,3,1,237,282,0
46,1,0,4,2,1,17165,53,0,1,1,1,1,663,616,0
56,1,0,3,2,1,17170,93,0,1,3,3,1,289,292,0
59,1,0,3,2,1,17171,NA,NA,NA,NA,NA,1,0,0,NA
50,1,0,4,2,1,17172,174,0,3,1,1,1,359,400,0
51,1,0,3,2,1,17173,544,0,2,1,2,1,178,269,0
52,0,0,3,2,1,17174,65,0,1,1,NA,1,76,0,0
44,1,0,3,2,1,17176,52,0,3,2,3,1,212,259,0
46,0,0,4,2,1,17177,40,0,5,1,1,1,125,213,0
53,1,0,3,2,1,17178,66,0,1,1,NA,1,86,0,0
NA,1,0,3,2,1,17180,118,0,1,2,1,1,624,617,0
45,1,0,1,2,1,17183,41,0,3,3,3,0,204,219,0
56,1,0,3,2,1,17185,122,0,1,3,3,1,553,500,0
48,0,0,3,2,1,17186,18,1,2,1,NA,1,11,0,0
34,0,0,3,2,1,17187,81,0,1,2,3,1,307,341,0
45,0,0,3,2,1,17189,124,0,2,3,3,1,661,736,0
48,1,0,4,2,1,17191,103,0,5,3,3,1,338,387,0
40,0,0,4,2,1,17192,39,0,5,1,1,1,125,220,0
43,1,0,1,2,1,17194,82,0,1,1,3,0,360,327,0
48,0,0,4,2,1,17195,51,0,5,1,1,1,166,242,0
45,0,0,3,2,1,17196,42,0,2,1,1,1,145,274,0
43,1,0,3,2,1,17198,78,0,1,3,3,1,738,708,0
49,0,0,4,2,1,17200,63,0,5,1,2,1,195,228,0
51,1,0,1,2,1,17203,98,0,1,1,1,0,580,558,0
48,0,0,3,2,1,17204,47,0,1,1,NA,1,90,0,0
52,1,0,4,2,1,17206,37,1,3,1,1,1,112,164,0
42,1,0,1,2,1,17207,26,0,1,1,2,0,118,166,0
50,1,0,4,2,1,17209,62,0,5,1,3,1,193,250,0
47,1,0,4,2,1,17210,26,1,2,3,3,1,103,263,0
48,1,0,4,2,1,17212,28,1,3,1,1,1,93,195,0
33,1,0,4,2,1,17213,87,0,5,2,3,1,312,299,0
54,1,0,4,2,1,17215,53,1,5,1,3,1,152,208,0
49,1,0,3,2,1,17216,86,0,1,1,2,1,420,438,0
58,1,0,4,2,1,17219,169,0,2,1,1,1,505,524,0
53,1,0,3,2,1,17221,63,0,1,1,3,1,201,294,0
49,1,0,4,2,1,17222,43,1,5,1,2,1,142,264,0
48,0,0,4,2,1,17223,65,0,5,1,1,1,194,341,0
54,1,0,4,2,1,17224,40,1,3,2,2,1,126,192,0
53,1,0,3,2,1,17225,66,0,1,2,2,1,512,457,0
56,1,0,4,2,1,17226,76,0,2,2,1,1,340,383,0
39,1,0,4,2,1,17227,32,0,4,1,1,1,117,193,0
42,1,0,4,2,1,17231,56,0,5,3,3,1,197,309,0
53,1,0,3,2,1,17232,116,0,1,3,3,1,652,615,0
47,1,0,4,2,1,17233,102,0,5,1,1,1,329,425,0
49,1,0,1,2,1,17234,43,1,1,3,3,0,198,262,0
47,1,0,4,2,1,17235,47,0,5,1,1,1,151,240,0
42,1,0,4,2,1,17236,57,0,4,1,2,1,192,317,0
53,0,0,3,2,1,17246,65,0,1,2,NA,1,43,0,0
50,1,0,3,2,1,17247,142,0,1,2,2,1,624,570,0
48,1,0,4,2,1,17249,115,0,5,1,1,1,631,595,0
50,1,0,4,2,1,17250,42,1,5,2,3,1,144,189,0
40,0,0,4,2,1,17252,41,0,4,3,3,1,151,188,0
58,1,0,1,2,1,17253,104,0,2,1,1,0,382,347,0
45,1,0,1,2,1,17257,58,0,1,2,1,0,264,319,0
48,0,0,3,2,1,17258,71,0,1,2,1,1,249,357,0
34,1,0,4,2,1,17259,21,0,3,3,3,1,87,92,0
58,0,0,3,2,1,17261,653,0,1,2,3,1,181,291,0
40,0,0,3,2,1,17262,44,0,1,3,3,1,570,557,0
49,1,0,4,2,1,17263,74,0,4,1,1,1,228,221,0
47,0,0,4,2,1,17264,104,0,4,1,2,1,317,427,0
56,1,0,1,2,1,17267,64,0,1,1,NA,0,48,0,0
40,0,0,3,2,1,17268,NA,NA,NA,NA,NA,1,0,0,NA
51,1,0,3,2,1,17269,65,0,1,3,3,1,224,287,0
42,1,0,4,2,1,17271,110,0,5,1,1,1,376,376,0
36,1,0,4,2,1,17272,57,0,4,3,3,1,209,291,0
48,1,0,3,2,1,17274,90,0,1,1,1,1,315,367,0
50,1,0,4,2,1,17276,43,1,5,1,1,1,132,230,0
48,0,0,4,2,1,17279,105,0,1,1,2,1,325,349,0
55,0,0,4,2,1,17283,95,0,3,2,2,1,365,340,0
64,1,0,3,2,1,17285,31,1,2,1,NA,1,14,0,0
46,1,0,2,2,1,17286,87,0,1,3,3,0,357,389,0
57,1,0,3,2,1,17287,174,0,1,2,3,1,347,378,0
47,0,0,1,2,1,17288,42,0,1,1,1,0,172,192,0
52,1,0,4,2,1,17289,41,1,5,3,3,1,141,216,0
45,1,0,2,2,1,17290,34,0,1,2,3,0,146,170,0
37,1,0,4,2,1,17292,43,0,3,2,2,1,163,252,0
44,1,0,4,2,1,17295,44,0,4,2,3,1,161,215,0
47,1,0,2,2,1,17299,74,0,2,2,3,0,307,284,0
49,0,0,3,2,1,17303,71,0,2,2,2,1,251,233,0
49,1,0,3,2,1,17304,53,0,3,1,1,1,187,226,0
53,0,0,4,2,1,17305,102,0,5,2,2,1,294,321,0
44,1,0,4,2,1,17306,104,0,5,1,2,1,345,390,0
56,1,0,3,2,1,17307,506,0,1,1,NA,1,30,0,0
45,1,0,3,2,1,17308,72,0,1,1,1,1,423,488,0
55,1,0,4,2,1,17311,41,1,4,2,2,1,130,163,0
52,1,0,4,2,1,17313,NA,NA,NA,NA,NA,1,0,0,NA
44,1,0,3,2,1,17315,112,0,1,3,3,1,437,402,0
42,1,0,2,2,1,17318,45,0,1,3,3,0,203,239,0
47,1,0,3,2,1,17321,26,1,2,2,3,1,113,205,0
43,1,0,4,2,1,17322,69,0,4,2,3,1,249,257,0
42,1,0,4,2,1,17323,25,0,4,1,1,1,89,165,0
51,1,0,1,2,1,17324,43,1,3,1,2,0,183,239,0
52,1,0,4,2,1,17326,27,1,4,1,1,1,86,133,0
NA,1,0,3,2,1,17327,82,0,1,2,1,1,333,327,0
43,1,0,4,2,1,17328,101,0,4,1,1,1,334,311,0
50,1,0,4,2,1,17329,55,0,4,1,1,1,175,235,0
46,0,0,4,2,1,17330,40,0,5,2,3,1,135,245,0
51,1,0,4,2,1,17331,108,0,5,3,3,1,327,324,0
52,1,0,4,2,1,17335,97,0,1,1,2,1,289,330,0
47,1,0,3,2,1,17337,44,0,1,1,2,1,165,213,0
42,1,0,4,2,1,17341,159,0,3,1,2,1,379,396,0
38,1,0,3,2,1,17343,37,0,2,1,2,1,145,246,0
54,1,0,3,2,1,17345,101,0,3,1,3,1,320,313,0
59,1,0,4,2,1,17346,NA,NA,NA,NA,NA,1,0,0,NA
42,1,0,2,2,1,17347,95,0,1,3,3,0,393,379,0
48,1,0,3,2,1,17349,88,0,1,2,2,1,316,388,0
47,0,0,3,2,1,17350,75,0,1,3,3,1,269,371,0
47,1,0,4,2,1,17352,101,0,5,1,1,1,328,380,0
47,1,0,4,2,1,17358,22,1,3,1,1,1,81,198,0
41,1,0,4,2,1,17359,58,0,3,1,1,1,203,294,0
42,1,0,4,2,1,17361,50,0,5,2,3,1,185,301,0
41,1,0,3,2,1,17364,80,0,2,2,3,1,312,305,0
49,1,0,3,2,1,17365,104,0,1,1,3,1,357,386,0
48,1,0,3,2,1,17366,NA,NA,NA,NA,NA,1,0,0,NA
45,1,0,3,2,1,17367,108,0,1,3,3,1,599,612,0
58,1,0,4,2,1,17368,46,1,5,1,2,1,117,193,0
52,1,0,1,2,1,17369,91,0,1,2,1,0,369,354,0
51,1,0,4,2,1,17371,160,0,1,2,2,1,434,420,0
47,1,0,3,2,1,17373,61,0,2,1,1,1,233,261,0
45,1,0,3,2,1,17379,47,0,1,2,3,1,192,280,0
51,1,0,4,2,1,17380,81,0,5,3,2,1,256,267,0
49,0,0,3,2,1,17382,140,0,1,2,3,1,409,416,0
40,1,0,2,2,1,17384,105,0,2,3,3,0,449,455,0
51,1,0,3,2,1,17385,488,0,1,1,NA,1,32,0,0
49,1,0,4,2,1,17386,58,0,4,1,1,1,185,229,0
56,1,0,4,2,1,17387,62,1,3,1,1,1,167,287,0
54,1,0,4,2,1,17389,21,1,3,2,3,1,80,159,0
45,1,0,3,2,1,17390,217,0,1,2,2,1,684,718,0
38,0,0,4,2,1,17391,101,0,5,1,1,1,334,317,0
42,1,0,4,2,1,17392,18,0,4,1,NA,1,13,0,0
42,1,0,4,2,1,17393,82,0,5,1,1,1,283,326,0
45,0,0,3,2,1,17394,55,0,1,3,3,1,775,763,0
46,0,0,4,2,1,17395,NA,NA,NA,NA,NA,1,0,0,NA
52,1,0,3,2,1,17396,91,0,1,1,1,1,310,313,0
45,1,0,1,2,1,17397,46,0,1,2,1,0,224,364,0
53,1,0,4,2,1,17398,91,0,5,1,1,1,264,314,0
54,1,0,1,2,1,17399,102,0,1,3,3,0,406,378,0
43,1,0,4,2,1,17400,41,0,5,1,3,1,143,186,0
49,1,0,1,2,1,17402,NA,NA,NA,NA,NA,0,0,0,NA
48,1,0,4,2,1,17403,87,0,1,1,2,1,278,301,0
57,1,0,3,2,1,17404,NA,NA,NA,NA,NA,1,0,0,NA
57,0,0,4,2,1,17405,80,0,5,1,NA,1,38,0,0
55,1,0,1,2,1,17410,81,0,1,3,3,0,324,346,0
47,0,0,2,2,1,17411,50,0,2,1,1,0,194,204,0
52,0,0,4,2,1,17412,54,1,5,2,3,1,162,237,0
47,1,0,4,2,1,17413,46,0,5,1,1,1,152,173,0
49,0,0,3,2,1,17414,40,1,1,3,3,1,138,242,0
43,1,0,4,2,1,17415,48,0,5,1,2,1,164,237,0
36,1,0,4,2,1,17417,24,0,3,2,1,1,100,181,0
35,1,0,4,2,1,17418,47,0,5,1,1,1,172,197,0
37,1,0,3,2,1,17421,112,0,1,3,3,1,720,745,0
45,1,0,4,2,1,17422,50,0,3,1,1,1,173,196,0
48,1,0,2,2,1,17424,NA,NA,NA,NA,NA,0,0,0,NA
50,1,0,4,2,1,17426,76,0,3,1,1,1,237,307,0
50,1,0,4,2,1,17428,NA,NA,NA,NA,NA,1,0,0,NA
56,1,0,3,2,1,17429,101,0,1,2,2,1,314,401,0
40,1,0,3,2,1,17430,146,0,1,1,1,1,774,686,0
52,1,0,3,2,1,17431,42,1,3,1,2,1,144,203,0
42,1,0,3,2,1,17432,78,0,1,1,1,1,297,307,0
58,1,0,3,2,1,17433,NA,NA,NA,NA,NA,1,0,0,NA
41,1,0,4,2,1,17434,65,0,1,1,1,1,219,312,0
52,0,0,2,2,1,17437,41,1,1,2,3,0,158,211,0
NA,0,0,3,2,1,17440,75,0,1,2,2,1,803,716,0
43,1,0,3,2,1,17443,45,0,1,2,2,1,179,290,0
51,1,0,3,2,1,17444,NA,NA,NA,NA,NA,1,0,0,NA
55,0,0,1,2,1,17445,51,0,1,1,NA,0,37,0,0
40,1,0,2,2,1,17447,137,0,1,3,3,0,585,485,0
57,1,0,3,2,1,17448,33,1,1,2,NA,1,22,0,0
35,1,0,2,2,1,17449,64,0,3,1,2,0,488,418,0
49,1,0,1,2,1,17450,114,0,1,3,3,0,572,573,0
41,1,0,4,2,1,17451,49,0,5,1,1,1,167,304,0
53,1,0,3,2,1,17453,35,1,1,1,2,1,115,142,0
55,1,0,3,2,1,17455,77,0,1,1,1,1,377,396,0
48,1,0,4,2,1,17457,111,0,2,1,1,1,346,367,0
37,0,0,4,2,1,17458,90,0,3,3,3,1,306,343,0
40,1,0,4,2,1,17461,105,0,3,1,3,1,361,388,0
54,0,0,4,2,1,17463,65,0,3,1,1,1,172,205,0
42,0,0,4,2,1,17467,56,0,5,1,1,1,185,326,0
46,1,0,1,2,1,17468,75,0,1,3,3,0,341,317,0
40,1,0,4,2,1,17471,109,0,5,1,1,1,372,330,0
40,1,0,2,2,1,17472,54,0,3,1,2,0,232,253,0
55,1,0,3,2,1,17473,40,1,2,1,1,1,621,519,0
50,0,0,4,2,1,17475,41,1,3,1,2,1,123,156,0
43,0,0,2,2,1,17476,111,0,2,1,2,0,462,463,0
46,1,0,2,2,1,17480,87,0,1,1,1,0,812,765,0
51,0,0,3,2,1,17483,42,1,1,2,3,1,144,204,0
64,1,0,4,2,1,17484,46,1,4,3,3,1,98,121,0
55,1,0,4,2,1,17488,43,1,4,1,1,1,121,209,0
41,1,0,4,2,1,17489,58,0,5,3,3,1,210,269,0
44,0,0,4,2,1,17490,110,0,5,2,2,1,370,454,0
41,1,0,1,2,1,17491,144,0,1,3,3,0,618,566,0
53,1,0,3,2,1,17492,84,0,1,1,2,1,267,316,0
44,1,0,1,2,1,17493,74,0,2,1,1,0,331,302,0
45,1,0,1,2,1,17494,101,0,2,1,2,0,434,444,0
51,0,0,1,2,1,17495,NA,NA,NA,NA,NA,0,0,0,NA
49,1,0,3,2,1,17499,83,0,1,2,3,1,302,318,0
48,1,0,3,2,1,17500,47,0,5,3,3,1,177,289,0
55,0,0,4,2,1,17501,94,0,5,1,NA,1,47,0,0
52,0,0,4,2,1,17502,NA,NA,NA,NA,NA,1,0,0,NA
41,0,0,3,2,1,17504,45,0,3,1,1,1,162,296,0
NA,1,0,1,2,1,17506,53,1,1,3,3,0,217,212,0
52,1,0,4,2,1,17507,61,0,5,1,1,1,181,218,0
54,0,0,4,2,1,17509,52,1,5,3,3,1,573,521,0
40,1,0,4,2,1,17511,42,0,5,1,3,1,149,227,0
51,1,0,3,2,1,17514,80,0,1,3,3,1,284,320,0
60,1,0,3,2,1,17515,NA,NA,NA,NA,NA,1,0,0,NA
NA,1,0,4,2,1,17517,41,1,1,2,3,1,177,203,0
44,1,0,2,2,1,17518,48,0,1,2,3,0,211,239,0
47,1,0,4,2,1,17520,80,0,1,3,3,1,274,270,0
39,0,0,3,2,1,17521,47,0,2,3,2,1,184,261,0
40,1,0,3,2,1,17523,701,0,1,1,2,1,259,401,0
46,1,0,4,2,1,17524,35,1,3,2,2,1,131,179,0
NA,NA,0,3,2,1,17527,40,0,3,2,2,1,152,199,0
49,1,0,4,2,1,17530,63,0,5,3,3,1,208,283,0
42,0,0,3,2,1,17533,71,0,1,1,1,1,266,386,0
47,1,0,3,2,1,17534,28,1,2,2,2,1,118,200,0
64,1,0,4,2,1,17535,155,0,4,1,2,1,211,256,0
51,1,0,2,2,1,17538,90,0,1,3,3,0,353,324,0
54,1,0,4,2,1,17539,25,1,3,1,3,1,75,140,0
52,1,0,4,2,1,17541,46,1,4,2,3,1,151,221,0
34,0,0,4,2,1,17542,20,0,5,1,1,1,76,120,0
45,1,0,1,2,1,17543,66,0,3,1,1,0,282,266,0
49,1,0,3,2,1,17544,20,1,2,2,3,1,83,145,0
47,1,0,3,2,1,17546,92,0,1,1,2,1,325,453,0
36,1,0,2,2,1,17550,NA,NA,NA,NA,NA,0,0,0,NA
55,1,0,4,2,1,17551,44,1,5,1,1,1,121,190,0
49,1,0,4,2,1,17552,21,1,3,2,3,1,89,187,0
59,0,0,3,2,1,17553,74,1,1,2,2,1,205,285,0
52,1,0,4,2,1,17556,20,1,4,1,2,1,64,154,0
46,1,0,2,2,1,17557,45,0,1,3,3,0,194,194,0
45,1,0,2,2,1,17558,108,0,1,1,2,0,552,549,0
43,0,0,4,2,1,17559,NA,NA,NA,NA,NA,1,0,0,NA
58,1,0,1,2,1,17561,81,0,1,3,3,0,430,468,0
41,1,0,3,2,1,17562,60,0,1,2,2,1,583,579,0
48,1,0,3,2,1,17563,80,0,1,3,3,1,293,302,0
47,1,0,4,2,1,17564,43,0,4,1,2,1,142,169,0
52,1,0,4,2,1,17567,49,1,4,1,1,1,160,251,0
49,1,0,4,2,1,17570,110,0,1,1,1,1,340,362,0
43,1,0,3,2,1,17571,411,0,1,3,3,1,159,205,0
36,1,0,3,2,1,17574,44,0,3,1,1,1,180,198,0
43,1,0,4,2,1,17577,72,0,3,1,3,1,247,256,0
47,1,0,3,2,1,17578,63,0,1,3,3,1,235,227,0
45,1,0,4,2,1,17579,106,0,5,2,2,1,364,353,0
44,1,0,3,2,1,17583,57,0,1,1,1,1,215,271,0
49,1,0,3,2,1,17584,50,0,2,3,3,1,194,330,0
46,1,0,4,2,1,17587,38,0,1,2,2,1,743,620,0
47,1,0,3,2,1,17588,155,0,1,1,2,1,801,760,0
55,1,0,3,2,1,17590,86,0,1,2,NA,1,88,0,0
57,1,0,3,2,1,17591,NA,NA,NA,NA,NA,1,0,0,NA
44,1,0,1,2,1,17592,89,0,1,3,3,0,405,417,0
44,1,0,3,2,1,17594,69,0,1,1,1,1,251,367,0
54,1,0,3,2,1,17595,44,1,2,3,3,1,160,193,0
44,1,0,3,2,1,17596,98,0,1,1,2,1,777,703,0
45,1,0,2,2,1,17597,126,0,1,2,2,0,488,508,0
34,1,0,1,2,1,17598,89,0,1,2,2,0,408,377,0
44,0,0,2,2,1,17599,54,0,1,1,1,0,521,500,0
47,0,0,4,2,1,17600,80,0,5,2,3,1,259,250,0
37,0,0,3,2,1,17601,47,0,1,2,3,1,184,260,0
39,1,0,3,2,1,17602,43,0,3,1,2,1,166,271,0
37,1,0,3,2,1,17603,68,0,1,1,NA,1,134,0,0
61,1,0,3,2,1,17604,47,1,1,2,2,1,132,247,0
53,1,0,3,2,1,17610,NA,NA,NA,NA,NA,1,0,0,NA
48,1,0,4,2,1,17611,109,0,3,1,1,1,341,460,0
33,1,0,4,2,1,17612,123,0,5,1,1,1,393,518,0
46,1,0,1,2,1,17613,NA,NA,NA,NA,NA,0,0,0,NA
51,1,0,3,2,1,17622,41,1,2,2,3,1,147,219,0
46,1,0,4,2,1,17623,21,1,3,2,2,1,82,194,0
51,1,0,1,2,1,17626,26,1,3,3,3,0,125,202,0
51,1,0,1,2,1,17627,80,0,1,1,1,0,330,335,0
52,1,0,4,2,1,17628,47,1,4,1,1,1,146,187,0
51,1,0,4,2,1,17629,23,1,3,1,1,1,78,177,0
53,1,0,3,2,1,17631,NA,NA,NA,NA,NA,1,0,0,NA
50,0,0,2,2,1,17633,50,1,2,1,1,0,178,272,0
46,1,0,3,2,1,17636,85,0,2,3,3,1,313,324,0
39,1,0,4,2,1,17638,40,0,1,2,3,1,155,179,0
47,0,0,4,2,1,17639,43,0,3,1,1,1,133,148,0
59,1,0,3,2,1,17640,NA,NA,NA,NA,NA,1,0,0,NA
58,0,0,4,2,1,17643,76,0,3,1,1,1,180,234,0
45,1,0,3,2,1,17644,406,0,1,1,2,1,145,165,0
51,1,0,3,2,1,17645,77,0,1,1,2,1,582,630,0
32,1,0,4,2,1,17647,26,0,4,1,1,1,97,145,0
45,1,0,4,2,1,17650,35,0,5,1,1,1,127,218,0
57,1,0,4,2,1,17651,50,1,5,2,1,1,143,285,0
52,1,0,3,2,1,17652,NA,NA,NA,NA,NA,1,0,0,NA
47,1,0,4,2,1,17653,103,0,5,1,1,1,330,308,0
45,1,0,4,2,1,17655,61,0,3,1,1,1,203,229,0
46,1,0,1,2,1,17656,61,0,1,3,3,0,279,275,0
39,1,0,3,2,1,17659,44,0,3,2,3,1,181,174,0
NA,1,0,1,2,1,17660,102,0,1,1,1,0,386,360,0
42,1,0,2,2,1,17661,43,0,1,3,3,0,187,277,0
52,1,0,3,2,1,17662,94,0,1,3,3,1,325,383,0
48,1,0,4,2,1,17664,73,0,4,2,2,1,246,353,0
48,1,0,4,2,1,17665,50,0,5,1,1,1,157,191,0
46,1,0,4,2,1,17666,47,0,3,2,2,1,170,197,0
58,1,0,3,2,1,17667,110,0,1,2,2,1,338,340,0
43,1,0,3,2,1,17668,40,0,1,3,3,1,541,595,0
50,0,0,4,2,1,17670,107,0,5,1,1,1,318,423,0
41,1,0,2,2,1,17671,59,0,1,2,1,0,274,365,0
49,0,0,1,2,1,17673,45,1,1,3,3,0,192,318,0
53,1,0,3,2,1,17674,NA,NA,NA,NA,NA,1,0,0,NA
47,1,0,1,2,1,17675,82,0,1,2,2,0,371,409,0
47,1,0,2,2,1,17676,106,0,2,1,1,0,780,766,0
41,1,0,3,2,1,17677,86,0,1,1,1,1,322,328,0
47,1,0,3,2,1,17678,85,0,1,2,2,1,313,310,0
42,1,0,1,2,1,17679,84,0,1,2,3,0,380,558,0
44,1,0,3,2,1,17680,42,0,2,2,2,1,170,223,0
49,1,0,4,2,1,17682,83,0,1,3,3,1,277,376,0
41,1,0,3,2,1,17683,46,0,2,1,3,1,174,273,0
40,0,0,3,2,1,17685,85,0,2,1,1,1,322,404,0
46,1,0,4,2,1,17687,57,0,5,1,1,1,417,429,0
44,0,0,2,2,1,17690,45,0,2,2,2,0,189,232,0
49,1,0,4,2,1,17694,104,0,4,1,1,1,332,335,0
40,1,0,4,2,1,17696,101,0,5,2,1,1,365,309,0
57,1,0,3,2,1,17699,100,0,1,3,3,1,304,299,0
41,0,0,4,2,1,17705,56,0,5,1,1,1,184,247,0
43,1,0,4,2,1,17707,49,0,3,1,2,1,179,195,0
47,1,0,3,2,1,17708,101,0,3,2,2,1,369,452,0
52,1,0,3,2,1,17709,144,0,2,3,3,1,407,434,0
52,1,0,3,2,1,17711,110,0,1,1,1,1,462,436,0
46,1,0,4,2,1,17712,151,0,2,3,3,1,432,425,0
55,0,0,3,2,1,17713,85,0,3,2,2,1,259,259,0
53,0,0,1,2,1,17714,406,0,1,3,3,0,157,267,0
41,1,0,3,2,1,17715,24,0,2,1,1,1,95,228,0
52,1,0,3,2,1,17716,96,0,1,2,3,1,653,684,0
48,1,0,3,2,1,17721,44,1,1,1,2,1,161,260,0
46,0,0,4,2,1,17723,54,0,3,1,2,1,175,228,0
48,0,0,3,2,1,17725,19,1,2,2,2,1,74,169,0
45,1,0,4,2,1,17726,NA,NA,NA,NA,NA,1,0,0,NA
37,1,0,3,2,1,17730,45,0,1,3,2,1,184,222,0
47,0,0,3,2,1,17731,99,0,3,2,3,1,355,459,0
47,0,0,4,2,1,17733,85,0,5,2,3,1,273,301,0
45,1,0,1,2,1,17735,88,0,1,1,1,0,390,399,0
38,0,0,4,2,1,17740,46,0,4,3,3,1,158,203,0
44,1,0,1,2,1,17741,79,0,3,2,3,0,358,376,0
57,1,0,3,2,1,17743,74,0,1,2,2,1,963,843,0
39,1,0,2,2,1,17744,75,0,1,3,3,0,515,442,0
44,1,0,3,2,1,17746,36,0,2,1,1,1,429,405,0
44,1,0,4,2,1,17747,42,0,4,1,3,1,148,157,0
49,1,0,2,2,1,17748,62,0,1,3,3,0,468,458,0
49,1,0,4,2,1,17749,43,1,5,1,2,1,369,425,0
49,1,0,1,2,1,17750,87,0,1,1,2,0,362,373,0
52,1,0,1,2,1,17751,12,1,1,2,3,0,81,198,0
37,1,0,2,2,1,17753,46,0,1,2,2,0,203,262,0
42,1,0,2,2,1,17754,27,0,1,2,2,0,127,235,0
54,1,0,4,2,1,17755,143,0,5,1,1,1,319,317,0
52,1,0,1,2,1,17756,60,0,2,1,1,0,243,367,0
40,1,0,2,2,1,17759,64,0,3,1,2,0,274,308,0
43,1,0,4,2,1,17760,45,0,4,1,1,1,151,204,0
45,1,0,4,2,1,17761,40,0,5,1,1,1,140,183,0
50,1,0,3,2,1,17762,34,1,4,3,3,1,129,221,0
51,1,0,3,2,1,17763,90,0,1,3,3,1,1104,933,0
55,1,0,1,2,1,17764,43,1,1,2,3,0,172,211,0
47,0,0,4,2,1,17765,43,0,5,1,1,1,130,205,0
45,1,0,4,2,1,17769,70,0,1,3,3,1,254,311,0
48,1,0,4,2,1,17771,40,1,1,3,3,1,144,174,0
46,1,0,3,2,1,17772,92,0,3,3,3,1,337,360,0
54,1,0,4,2,1,17773,76,0,4,1,NA,1,42,0,0
66,0,0,3,2,1,17774,89,1,1,3,3,1,180,306,0
63,1,0,4,2,1,17775,153,0,5,2,2,1,262,400,0
53,1,0,1,2,1,17776,35,0,1,1,NA,0,28,0,0
51,1,0,4,2,1,17777,90,0,2,2,3,1,281,314,0
48,1,0,4,2,1,17778,51,0,3,1,1,1,163,279,0
67,0,0,4,2,1,17779,38,1,5,1,NA,1,10,0,0
44,1,0,3,2,1,17781,41,0,3,1,1,1,159,194,0
46,1,0,1,2,1,17783,42,0,1,2,2,0,203,343,0
42,1,0,4,2,1,17784,48,0,5,1,1,1,173,183,0
41,1,0,4,2,1,17788,40,0,4,1,1,1,144,166,0
48,1,0,2,2,1,17789,86,0,1,1,1,0,489,536,0
NA,1,0,4,2,1,17794,44,1,2,2,2,1,180,312,0
56,0,0,4,2,1,17795,NA,NA,NA,NA,NA,1,0,0,NA
43,0,0,3,2,1,17796,89,0,3,3,3,1,735,758,0
53,1,0,4,2,1,17797,40,1,4,1,2,1,126,144,0
40,1,0,2,2,1,17798,141,0,1,2,3,0,516,533,0
47,1,0,4,2,1,17799,120,0,4,3,3,1,670,595,0
42,1,0,2,2,1,17800,57,0,1,1,2,0,238,268,0
40,1,0,4,2,1,17802,47,0,5,1,1,1,168,204,0
48,1,0,3,2,1,17803,NA,NA,NA,NA,NA,1,0,0,NA
44,1,0,4,2,1,17807,57,0,4,1,1,1,192,271,0
53,0,0,4,2,1,17809,25,1,5,2,3,1,82,189,0
47,1,0,4,2,1,17811,42,0,1,2,3,1,156,160,0
NA,1,0,2,2,1,17812,104,0,1,3,3,0,404,363,0
42,1,0,4,2,1,17813,107,0,5,2,2,1,373,361,0
42,1,0,3,2,1,17814,45,0,1,2,3,1,181,225,0
54,0,0,3,2,1,17817,108,0,1,1,1,1,331,398,0
NA,1,0,3,2,1,17818,82,0,4,2,3,1,317,427,0
53,0,0,4,2,1,17819,36,1,3,2,1,1,108,229,0
47,1,0,1,2,1,17820,32,1,1,2,2,0,152,299,0
55,1,0,4,2,1,17823,NA,NA,NA,NA,NA,1,0,0,NA
57,1,0,4,2,1,17824,39,1,4,2,NA,1,22,0,0
53,1,0,3,2,1,17827,89,0,1,1,1,1,286,445,0
50,1,0,3,2,1,17829,25,1,2,1,1,1,91,130,0
31,1,0,4,2,1,17831,65,0,4,1,1,1,222,274,0
53,1,0,2,2,1,17832,54,1,1,1,1,0,208,226,0
44,1,0,4,2,1,17833,39,0,3,1,1,1,132,251,0
40,0,0,4,2,1,17836,63,0,1,3,3,1,225,354,0
46,1,0,3,2,1,17837,116,0,1,2,2,1,661,621,0
40,1,0,3,2,1,17838,46,0,3,1,2,1,177,253,0
40,1,0,1,2,1,17840,50,0,1,1,1,0,791,723,0
49,0,0,4,2,1,17842,109,0,5,1,1,1,327,310,0
47,1,0,3,2,1,17844,49,0,1,1,NA,1,61,0,0
46,1,0,3,2,1,17847,189,0,1,2,3,1,491,409,0
48,1,0,3,2,1,17848,23,1,4,1,3,1,87,165,0
47,0,0,4,2,1,17850,50,0,1,1,2,1,155,190,0
33,1,0,4,2,1,17853,51,0,5,1,2,1,179,289,0
48,1,0,3,2,1,17855,81,0,2,1,1,1,285,283,0
46,1,0,4,2,1,17858,102,0,5,1,1,1,333,430,0
59,1,0,4,2,1,17859,NA,NA,NA,NA,NA,1,0,0,NA
46,1,0,4,2,1,17860,50,0,5,3,3,1,178,200,0
61,1,0,3,2,1,17861,47,1,2,1,1,1,122,141,0
48,1,0,2,2,1,17862,94,0,1,1,1,0,368,404,0
54,1,0,4,2,1,17863,NA,NA,NA,NA,NA,1,0,0,NA
43,0,0,3,2,1,17864,115,0,1,3,3,1,897,779,0
48,1,0,1,2,1,17865,17,1,1,2,1,0,97,254,0
49,1,0,1,2,1,17866,26,1,4,2,2,0,133,264,0
42,1,0,3,2,1,17867,74,0,2,1,1,1,276,333,0
43,1,0,3,2,1,17868,98,0,1,2,2,1,635,620,0
48,0,0,2,2,1,17869,47,0,2,3,3,0,806,700,0
40,1,0,4,2,1,17874,51,0,5,1,2,1,175,222,0
57,0,0,3,2,1,17876,NA,NA,NA,NA,NA,1,0,0,NA
44,1,0,3,2,1,17877,803,0,1,3,3,1,299,310,0
46,0,0,3,2,1,17878,106,0,1,2,3,1,377,397,0
44,1,0,4,2,1,17880,40,0,4,2,3,1,145,188,0
53,1,0,1,2,1,17882,44,1,1,2,3,0,197,247,0
44,1,0,3,2,1,17885,574,0,1,1,1,1,207,219,0
57,1,0,4,2,1,17886,103,0,3,1,1,1,269,272,0
53,1,0,4,2,1,17890,91,0,2,1,2,1,261,306,0
45,1,0,4,2,1,17891,47,0,3,2,2,1,167,279,0
49,1,0,1,2,1,17892,23,1,1,3,3,0,110,222,0
43,1,0,3,2,1,17893,101,0,3,2,2,1,384,380,0
49,1,0,4,2,1,17894,84,0,5,1,1,1,443,424,0
57,0,0,4,2,1,17895,21,1,5,1,2,1,49,152,0
50,0,0,2,2,1,17896,63,0,4,1,1,0,240,283,0
54,1,0,3,2,1,17897,82,0,3,2,2,1,274,335,0
47,0,0,2,2,1,17898,29,1,1,2,2,0,116,150,0
40,1,0,1,2,1,17903,68,0,1,2,3,0,796,733,0
44,1,0,3,2,1,17905,103,0,1,3,3,1,391,366,0
42,1,0,3,2,1,17906,136,0,1,3,3,1,767,677,0
56,0,0,4,2,1,17907,111,0,5,1,2,1,279,337,0
46,1,0,4,2,1,17909,47,0,1,2,3,1,172,280,0
51,1,0,3,2,1,17910,109,0,1,1,2,1,363,405,0
52,1,0,4,2,1,17912,54,1,4,2,2,1,172,243,0
52,1,0,4,2,1,17914,109,0,2,1,1,1,322,347,0
45,1,0,4,2,1,17915,44,0,5,1,1,1,146,187,0
42,1,0,1,2,1,17916,83,0,1,3,3,0,387,402,0
52,0,0,3,2,1,17917,659,0,1,1,3,1,202,249,0
56,1,0,3,2,1,17918,25,1,1,1,NA,1,16,0,0
39,1,0,3,2,1,17919,82,0,1,3,2,1,321,338,0
39,1,0,2,2,1,17920,56,0,1,3,3,0,545,528,0
48,1,0,2,2,1,17921,97,0,1,2,2,0,394,405,0
61,1,0,4,2,1,17922,NA,NA,NA,NA,NA,1,0,0,NA
54,0,0,3,2,1,17923,81,0,1,1,3,1,248,270,0
43,1,0,2,2,1,17924,47,0,1,2,2,0,212,262,0
41,0,0,4,2,1,17926,49,0,5,1,1,1,160,318,0
60,1,0,2,2,1,17928,80,1,1,2,2,0,254,271,0
52,0,0,4,2,1,17929,100,0,5,1,1,1,286,333,0
37,1,0,2,2,1,17930,90,0,1,3,3,0,389,371,0
50,1,0,4,2,1,17931,42,1,5,1,1,1,131,216,0
56,1,0,4,2,1,17932,101,0,5,1,1,1,266,332,0
45,1,0,1,2,1,17934,41,0,1,1,1,0,189,209,0
40,1,0,4,2,1,17936,101,0,5,1,1,1,343,333,0
47,1,0,3,2,1,17938,71,0,2,1,3,1,258,321,0
50,1,0,1,2,1,17939,129,0,1,1,1,0,752,664,0
42,1,0,4,2,1,17940,32,0,1,3,3,1,124,157,0
46,1,0,4,2,1,17941,100,0,4,1,1,1,328,352,0
60,0,0,4,2,1,17942,99,0,2,3,3,1,226,321,0
39,1,0,2,2,1,17943,37,0,1,1,NA,0,32,0,0
45,1,0,3,2,1,17944,45,0,3,2,1,1,186,310,0
36,1,0,4,2,1,17945,41,0,3,1,1,1,151,195,0
53,1,0,3,2,1,17946,103,0,1,3,2,1,676,637,0
45,1,0,3,2,1,17950,64,0,1,1,NA,1,47,0,0
40,1,0,4,2,1,17952,33,0,3,1,1,1,119,235,0
48,1,0,3,2,1,17953,208,0,1,3,3,1,651,570,0
40,1,0,3,2,1,17954,38,0,1,2,2,1,158,280,0
NA,NA,0,4,2,1,17956,61,0,5,1,1,1,231,301,0
40,0,0,4,2,1,17959,35,0,1,3,2,1,124,194,0
48,0,0,3,2,1,17961,54,0,3,1,2,1,178,282,0
46,1,0,4,2,1,17962,29,1,3,1,2,1,105,245,0
54,1,0,4,2,1,17964,67,0,3,3,3,1,196,326,0
40,1,0,4,2,1,17965,63,0,4,2,2,1,228,233,0
48,1,0,3,2,1,17969,78,0,1,2,2,1,285,315,0
41,1,0,1,2,1,17970,147,0,3,2,3,0,529,505,0
48,1,0,4,2,1,17973,28,1,5,2,2,1,107,138,0
62,1,0,4,2,1,17975,79,0,3,2,NA,1,35,0,0
43,0,0,4,2,1,17976,20,1,3,2,3,1,73,98,0
49,1,0,1,2,1,17978,47,0,1,3,3,0,215,275,0
53,0,0,2,2,1,17980,49,1,1,2,2,0,181,249,0
55,1,0,3,2,1,17981,70,0,1,1,NA,1,43,0,0
51,1,0,4,2,1,17985,40,1,5,2,2,1,134,187,0
38,1,0,2,2,1,17987,44,0,3,1,1,0,191,315,0
59,1,0,4,2,1,17989,25,1,5,1,NA,1,12,0,0
49,1,0,4,2,1,17990,50,0,5,2,2,1,171,203,0
45,1,0,2,2,1,17991,123,0,1,2,3,0,483,482,0
56,1,0,3,2,1,17995,97,0,3,1,NA,1,55,0,0
55,1,0,4,2,1,17996,47,0,4,1,NA,1,26,0,0
38,1,0,2,2,1,17998,63,0,1,3,3,0,593,550,0
46,1,0,1,2,1,18000,40,0,3,1,1,0,766,695,0
51,1,0,4,2,1,18004,56,0,4,1,1,1,167,181,0
33,1,0,4,2,1,18005,228,0,5,1,2,1,690,597,0
43,0,0,4,2,1,18006,55,0,3,2,2,1,374,395,0
42,1,0,4,2,1,18007,95,0,4,1,1,1,324,305,0
46,1,0,4,2,1,18009,111,0,5,1,1,1,362,381,0
46,1,0,3,2,1,18010,44,0,1,3,3,1,175,359,0
NA,1,0,3,2,1,18011,97,0,1,1,1,1,363,347,0
58,1,0,3,2,1,18012,41,1,2,2,3,1,131,170,0
NA,1,0,4,2,1,18014,42,0,4,1,2,1,169,239,0
49,1,0,4,2,1,18016,62,0,4,1,1,1,198,366,0
56,0,0,2,2,1,18019,53,0,1,1,NA,0,69,0,0
52,1,0,4,2,1,18020,41,1,4,1,2,1,128,127,0
57,1,0,4,2,1,18021,43,1,5,1,1,1,113,197,0
49,0,0,4,2,1,18022,61,0,1,2,2,1,192,226,0
44,1,0,3,2,1,18023,29,1,2,1,1,1,118,167,0
45,1,0,3,2,1,18024,84,0,1,3,3,1,313,306,0
48,1,0,4,2,1,18025,51,0,4,2,3,1,187,234,0
29,1,0,2,2,1,18027,85,0,1,2,2,0,361,418,0
41,1,0,4,2,1,18028,54,0,3,2,3,1,204,242,0
52,1,0,3,2,1,18029,25,1,2,1,3,1,83,167,0
49,0,0,2,2,1,18031,44,1,1,1,1,0,173,257,0
46,0,0,3,2,1,18033,64,0,2,1,2,1,221,229,0
54,1,0,3,2,1,18037,70,0,1,3,3,1,239,287,0
45,1,0,4,2,1,18038,78,0,4,1,1,1,260,252,0
48,1,0,4,2,1,18041,40,1,3,1,1,1,133,160,0
52,1,0,4,2,1,18042,45,1,3,1,1,1,137,195,0
40,1,0,2,2,1,18044,101,0,2,3,3,0,775,733,0
31,1,0,4,2,1,18045,41,0,4,1,3,1,141,197,0
50,1,0,4,2,1,18047,79,0,2,1,1,1,604,593,0
46,1,0,3,2,1,18048,29,1,3,2,2,1,122,211,0
54,0,0,4,2,1,18052,76,0,3,3,3,1,214,260,0
54,1,0,2,2,1,18054,NA,NA,NA,NA,NA,0,0,0,NA
52,0,0,3,2,1,18055,52,1,1,3,3,1,196,253,0
41,1,0,4,2,1,18056,81,0,1,3,3,1,287,304,0
70,1,0,4,2,1,18057,48,1,5,2,3,1,66,162,0
45,1,0,3,2,1,18060,82,0,3,1,1,1,301,345,0
49,0,0,4,2,1,18061,40,1,4,1,1,1,126,207,0
46,1,0,4,2,1,18063,45,0,4,1,2,1,153,221,0
50,1,0,4,2,1,18065,123,0,5,2,2,1,652,610,0
51,0,0,4,2,1,18066,100,0,5,1,1,1,288,399,0
50,1,0,4,2,1,18069,45,1,4,1,1,1,139,179,0
49,1,0,4,2,1,18070,42,1,5,1,1,1,135,204,0
46,1,0,4,2,1,18071,100,0,5,1,1,1,331,341,0
73,0,0,4,2,1,18074,76,1,5,2,NA,1,11,0,0
45,0,0,4,2,1,18077,43,0,1,2,2,1,141,212,0
49,1,0,3,2,1,18078,60,0,1,2,3,1,507,461,0
57,0,0,4,2,1,18079,NA,NA,NA,NA,NA,1,0,0,NA
40,1,0,4,2,1,18080,53,0,3,2,2,1,191,233,0
45,0,0,3,2,1,18083,51,0,1,3,3,1,667,623,0
42,1,0,4,2,1,18085,8,1,3,1,1,1,43,161,0
36,1,0,4,2,1,18086,57,0,3,2,2,1,220,245,0
38,1,0,4,2,1,18087,43,0,4,2,2,1,161,185,0
40,1,0,1,2,1,18089,91,0,2,3,3,0,431,418,0
45,1,0,4,2,1,18090,39,0,2,3,3,1,155,175,0
54,1,0,2,2,1,18093,114,0,1,2,3,0,697,573,0
58,1,0,4,2,1,18095,121,0,3,3,3,1,10000,408,0
52,0,0,4,2,1,18096,106,0,5,1,1,1,302,325,0
34,0,0,4,2,1,18097,48,0,5,1,2,1,170,285,0
65,1,0,4,2,1,18099,NA,NA,NA,NA,NA,1,0,0,NA
48,0,0,3,2,1,18102,141,0,3,1,2,1,708,651,0
43,1,0,3,2,1,18103,46,0,3,1,1,1,178,238,0
NA,1,0,4,2,1,18104,104,0,5,1,1,1,394,413,0
46,1,0,3,2,1,18107,NA,NA,NA,NA,NA,1,0,0,NA
49,1,0,1,2,1,18108,22,1,2,1,1,0,106,253,0
48,1,0,4,2,1,18110,21,1,3,3,3,1,92,175,0
40,1,0,4,2,1,18113,110,0,4,3,3,1,385,422,0
54,1,0,4,2,1,18115,46,1,3,3,3,1,146,203,0
48,1,0,3,2,1,18116,146,0,1,2,3,1,449,400,0
47,1,0,3,2,1,18117,40,0,3,2,3,1,581,568,0
61,1,0,2,2,1,18120,86,1,1,2,2,0,263,270,0
37,0,0,4,2,1,18122,41,0,5,2,1,1,142,157,0
50,1,0,4,2,1,18126,82,0,5,2,2,1,263,324,0
51,1,0,4,2,1,18127,NA,NA,NA,NA,NA,1,0,0,NA
43,1,0,4,2,1,18130,49,0,5,1,1,1,168,284,0
51,1,0,3,2,1,18131,45,1,3,1,1,1,159,205,0
43,1,0,1,2,1,18132,99,0,1,2,3,0,452,452,0
44,1,0,4,2,1,18139,40,0,3,1,1,1,151,232,0
51,1,0,3,2,1,18140,NA,NA,NA,NA,NA,1,0,0,NA
38,0,0,4,2,1,18142,35,0,3,2,2,1,129,223,0
42,1,0,3,2,1,18143,92,0,1,1,1,1,353,388,0
53,1,0,3,2,1,18144,26,1,1,2,2,1,569,521,0
42,0,0,4,2,1,18146,405,0,5,1,1,1,125,232,0
55,1,0,4,2,1,18150,30,1,3,1,NA,1,17,0,0
43,1,0,3,2,1,18151,192,0,1,1,2,1,844,726,0
56,0,0,3,2,1,18153,104,0,1,3,3,1,310,375,0
41,1,0,1,2,1,18155,47,0,3,2,2,0,234,270,0
40,1,0,4,2,1,18156,43,0,2,2,3,1,163,283,0
44,0,0,2,2,1,18158,96,0,2,3,3,0,909,758,0
38,1,0,4,2,1,18159,46,0,5,1,1,1,167,201,0
36,1,0,4,2,1,18160,45,0,5,1,2,1,161,218,0
52,1,0,3,2,1,18161,NA,NA,NA,NA,NA,1,0,0,NA
41,0,0,3,2,1,18162,56,0,1,2,1,1,213,261,0
57,1,0,4,2,1,18164,110,0,5,2,3,1,292,350,0
49,1,0,4,2,1,18165,79,0,3,1,1,1,255,377,0
50,0,0,1,2,1,18166,18,1,1,3,3,0,88,220,0
53,1,0,3,2,1,18170,10,1,2,3,3,1,48,249,0
48,1,0,1,2,1,18171,55,0,1,2,2,0,656,588,0
48,0,0,3,2,1,18172,42,1,2,3,3,1,152,206,0
40,1,0,2,2,1,18174,27,0,1,3,2,0,129,226,0
39,0,0,3,2,1,18177,40,0,3,1,1,1,147,209,0
34,1,0,4,2,1,18181,42,0,4,2,3,1,158,197,0
41,1,0,2,2,1,18185,43,0,1,3,3,0,188,262,0
41,1,0,4,2,1,18186,43,0,4,1,1,1,145,283,0
48,1,0,2,2,1,18187,65,0,2,1,1,0,257,335,0
37,1,0,2,2,1,18188,26,0,1,2,2,0,768,767,0
48,1,0,4,2,1,18194,45,0,5,1,1,1,143,193,0
45,1,0,3,2,1,18195,42,0,2,1,1,1,159,363,0
43,1,0,2,2,1,18196,30,0,1,1,1,0,780,763,0
54,1,0,4,2,1,18197,51,0,4,1,NA,1,29,0,0
41,1,0,3,2,1,18198,70,0,1,2,NA,1,55,0,0
43,0,0,1,2,1,18199,120,0,1,2,3,0,718,727,0
45,1,0,2,2,1,18200,72,0,1,3,3,0,302,304,0
44,1,0,4,2,1,18201,52,0,4,1,1,1,181,249,0
43,0,0,4,2,1,18203,82,0,4,1,2,1,267,270,0
43,1,0,4,2,1,18204,36,0,1,2,3,1,491,486,0
52,1,0,2,2,1,18205,54,1,1,2,3,0,211,255,0
NA,1,0,4,2,1,18206,33,0,3,1,1,1,136,200,0
45,0,0,3,2,1,18209,44,0,1,1,1,1,482,538,0
47,1,0,4,2,1,18211,NA,NA,NA,NA,NA,1,0,0,NA
47,1,0,4,2,1,18212,52,0,5,1,2,1,464,543,0
48,1,0,3,2,1,18213,83,0,1,3,3,1,307,447,0
52,0,0,4,2,1,18215,40,1,4,1,1,1,116,173,0
41,0,0,4,2,1,18216,41,0,5,1,3,1,132,172,0
49,1,0,4,2,1,18220,54,0,2,3,3,1,181,248,0
49,1,0,1,2,1,18221,86,0,1,1,3,0,360,325,0
52,0,0,3,2,1,18223,NA,NA,NA,NA,NA,1,0,0,NA
47,1,0,1,2,1,18224,62,0,1,3,3,0,923,810,0
43,0,0,4,2,1,18226,22,1,4,2,2,1,89,171,0
53,1,0,4,2,1,18227,51,1,1,3,3,1,412,422,0
65,1,0,3,2,1,18229,NA,NA,NA,NA,NA,1,0,0,NA
43,1,0,4,2,1,18230,42,0,5,1,1,1,146,312,0
40,1,0,2,2,1,18233,58,0,1,3,3,0,280,270,0
50,0,0,4,2,1,18234,40,1,5,2,3,1,127,288,0
63,1,0,4,2,1,18237,23,1,3,1,NA,1,10,0,0
51,1,0,4,2,1,18240,45,1,5,1,1,1,140,243,0
56,1,0,3,2,1,18241,NA,NA,NA,NA,NA,1,0,0,NA
47,1,0,3,2,1,18242,12,1,1,3,3,1,60,145,0
49,0,0,4,2,1,18244,22,1,5,1,1,1,61,172,0
38,0,0,4,2,1,18246,56,0,3,2,2,1,197,191,0
44,1,0,3,2,1,18247,83,0,3,1,1,1,300,376,0
41,1,0,2,2,1,18249,139,0,1,2,3,0,849,823,0
39,1,0,4,2,1,18250,46,0,5,1,2,1,158,169,0
56,0,0,4,2,1,18253,43,1,3,2,2,1,123,118,0
50,1,0,4,2,1,18254,47,1,3,3,3,1,157,253,0
59,1,0,4,2,1,18258,34,1,4,1,NA,1,18,0,0
47,1,0,3,2,1,18259,21,1,2,1,1,1,84,163,0
56,1,0,3,2,1,18260,35,1,1,3,NA,1,24,0,0
43,1,0,2,2,1,18261,47,0,2,2,1,0,207,273,0
59,1,0,4,2,1,18262,64,1,1,2,3,1,161,234,0
46,0,0,4,2,1,18265,72,0,3,2,2,1,243,303,0
42,1,0,4,2,1,18266,60,0,3,1,1,1,204,283,0
45,1,0,3,2,1,18267,16,1,3,2,3,1,81,176,0
49,1,0,4,2,1,18268,37,0,3,1,NA,1,24,0,0
43,1,0,4,2,1,18269,85,0,4,3,3,1,291,290,0
46,0,0,2,2,1,18270,43,0,1,3,3,0,178,225,0
44,1,0,4,2,1,18271,51,0,5,2,1,1,190,247,0
45,1,0,3,2,1,18273,88,0,1,2,3,1,333,477,0
52,1,0,1,2,1,18274,NA,NA,NA,NA,NA,0,0,0,NA
51,1,0,3,2,1,18275,52,1,1,2,2,1,658,642,0
59,1,0,1,2,1,18276,74,0,2,3,NA,0,53,0,0
47,1,0,2,2,1,18277,83,0,1,2,2,0,579,661,0
53,0,0,4,2,1,18278,107,0,5,1,1,1,292,346,0
43,1,0,2,2,1,18281,46,0,2,2,3,0,199,213,0
38,1,0,2,2,1,18283,80,0,1,1,2,0,907,788,0
30,1,0,4,2,1,18285,42,0,5,1,1,1,142,161,0
44,1,0,4,2,1,18287,100,0,5,1,1,1,333,373,0
32,1,0,3,2,1,18289,107,0,1,2,2,1,427,472,0
50,1,0,4,2,1,18291,54,0,5,1,2,1,177,193,0
43,0,0,4,2,1,18294,52,0,4,1,2,1,167,260,0
45,0,0,4,2,1,18295,70,0,4,1,1,1,236,405,0
51,1,0,3,2,1,18296,88,0,3,2,3,1,315,311,0
38,1,0,3,2,1,18300,100,0,3,2,1,1,402,453,0
53,1,0,3,2,1,18301,215,0,3,2,3,1,389,384,0
36,1,0,4,2,1,18303,102,0,3,2,2,1,359,448,0
50,1,0,4,2,1,18305,21,1,5,2,2,1,86,209,0
49,1,0,4,2,1,18307,20,1,5,1,1,1,66,104,0
45,1,0,2,2,1,18308,85,0,1,2,2,0,821,719,0
46,1,0,4,2,1,18309,37,0,3,1,1,1,119,166,0
48,1,0,3,2,1,18310,56,0,3,2,2,1,213,325,0
45,1,0,4,2,1,18311,45,0,1,3,3,1,165,224,0
50,1,0,1,2,1,18313,23,1,2,2,2,0,113,129,0
47,1,0,4,2,1,18314,106,0,5,1,3,1,337,355,0
39,1,0,3,2,1,18315,433,0,1,2,3,1,171,194,0
52,1,0,2,2,1,18318,84,0,1,1,2,0,315,359,0
44,1,0,3,2,1,18319,82,0,1,2,3,1,307,377,0
45,0,0,3,2,1,18321,151,0,1,2,2,1,601,567,0
38,1,0,4,2,1,18323,482,0,1,2,2,1,173,207,0
50,1,0,2,2,1,18325,142,0,1,3,3,0,699,693,0
NA,1,0,4,2,1,18326,31,1,5,1,NA,1,25,0,0
50,0,0,3,2,1,18327,107,0,1,2,3,1,1097,917,0
46,0,0,3,2,1,18328,71,0,1,1,NA,1,67,0,0
43,1,0,4,2,1,18330,37,0,5,1,NA,1,26,0,0
42,1,0,3,2,1,18331,47,0,2,1,1,1,181,216,0
52,1,0,1,2,1,18332,43,1,2,2,2,0,191,268,0
43,1,0,4,2,1,18333,26,1,3,1,2,1,98,206,0
53,1,0,4,2,1,18334,101,0,2,3,3,1,301,293,0
50,1,0,4,2,1,18335,18,1,3,1,NA,1,12,0,0
34,1,0,4,2,1,18336,54,0,3,1,1,1,188,278,0
57,1,0,4,2,1,18338,33,1,5,1,NA,1,17,0,0
51,1,0,4,2,1,18339,111,0,4,1,1,1,329,389,0
49,0,0,3,2,1,18345,94,0,1,1,2,1,317,400,0
52,1,0,4,2,1,18346,41,1,3,3,3,1,134,173,0
49,1,0,3,2,1,18347,48,0,1,3,3,1,447,529,0
47,1,0,3,2,1,18349,41,0,2,1,2,1,149,246,0
38,0,0,4,2,1,18350,79,0,3,1,2,1,408,405,0
42,1,0,4,2,1,18351,28,0,4,1,1,1,98,128,0
53,1,0,2,2,1,18352,47,0,2,1,NA,0,34,0,0
46,1,0,3,2,1,18353,20,0,1,1,NA,1,15,0,0
37,1,0,4,2,1,18356,57,0,1,1,2,1,406,440,0
46,0,0,4,2,1,18358,42,0,5,1,1,1,129,171,0
60,1,0,4,2,1,18359,22,1,3,1,NA,1,11,0,0
48,1,0,1,2,1,18360,122,0,2,3,3,0,902,859,0
56,1,0,3,2,1,18361,80,0,1,1,NA,1,79,0,0
53,1,0,4,2,1,18362,48,1,5,1,1,1,144,237,0
43,1,0,4,2,1,18363,54,0,5,1,2,1,183,242,0
45,1,0,4,2,1,18364,104,0,4,2,3,1,349,452,0
52,1,0,4,2,1,18365,48,1,2,2,2,1,158,245,0
40,0,0,4,2,1,18368,107,0,5,1,1,1,356,459,0
49,1,0,4,2,1,18373,64,0,4,1,2,1,207,369,0
50,0,0,2,2,1,18375,62,0,1,1,2,0,527,481,0
50,1,0,4,2,1,18377,71,0,4,1,1,1,222,213,0
48,1,0,2,2,1,18380,98,0,1,2,3,0,452,436,0
46,1,0,4,2,1,18382,NA,NA,NA,NA,NA,1,0,0,NA
56,1,0,1,2,1,18384,39,1,2,1,2,0,155,226,0
48,1,0,3,2,1,18385,97,0,1,3,3,1,352,497,0
41,1,0,3,2,1,18386,127,0,1,3,2,1,454,392,0
50,1,0,4,2,1,18387,44,1,4,1,1,1,139,201,0
39,1,0,3,2,1,18392,88,0,1,3,3,1,342,365,0
43,1,0,4,2,1,18393,74,0,3,3,3,1,263,400,0
45,0,0,3,2,1,18396,167,0,1,2,3,1,423,511,0
48,1,0,3,2,1,18397,79,0,1,2,3,1,289,371,0
51,1,0,4,2,1,18399,44,1,5,3,2,1,148,221,0
47,0,0,4,2,1,18400,NA,NA,NA,NA,NA,1,0,0,NA
50,1,0,1,2,1,18401,NA,NA,NA,NA,NA,0,0,0,NA
49,1,0,3,2,1,18403,225,0,1,1,2,1,718,628,0
42,1,0,3,2,1,18404,89,0,1,3,3,1,344,357,0
49,1,0,3,2,1,18407,26,1,1,3,2,1,106,175,0
52,0,0,4,2,1,18410,40,1,1,2,2,1,133,201,0
55,1,0,4,2,1,18411,27,1,3,1,2,1,83,149,0
59,1,0,4,2,1,18415,43,1,4,1,NA,1,21,0,0
47,1,0,4,2,1,18416,51,0,5,1,1,1,177,257,0
49,1,0,1,2,1,18418,31,1,2,3,3,0,145,183,0
56,1,0,3,2,1,18419,54,0,1,1,NA,1,92,0,0
46,1,0,3,2,1,18420,89,0,1,2,2,1,662,569,0
48,1,0,3,2,1,18422,NA,NA,NA,NA,NA,1,0,0,NA
49,0,0,4,2,1,18423,42,1,2,3,2,1,140,246,0
40,1,0,3,2,1,18426,93,0,1,1,2,1,662,681,0
45,1,0,3,2,1,18427,68,0,1,2,2,1,264,372,0
51,1,0,3,2,1,18428,742,0,1,1,2,1,244,311,0
40,1,0,3,2,1,18429,83,0,1,2,3,1,325,399,0
41,1,0,4,2,1,18430,73,0,5,1,1,1,447,469,0
60,1,0,1,2,1,18433,37,1,3,1,NA,0,25,0,0
49,1,0,3,2,1,18434,NA,NA,NA,NA,NA,1,0,0,NA
42,1,0,2,2,1,18436,640,0,1,3,3,0,267,297,0
46,1,0,4,2,1,18438,101,0,5,1,2,1,327,398,0
49,1,0,4,2,1,18440,21,1,5,1,3,1,67,165,0
56,1,0,4,2,1,18441,108,0,1,3,3,1,293,348,0
57,0,0,3,2,1,18442,NA,NA,NA,NA,NA,1,0,0,NA
44,0,0,4,2,1,18444,56,0,3,1,1,1,172,213,0
56,1,0,4,2,1,18446,NA,NA,NA,NA,NA,1,0,0,NA
54,1,0,4,2,1,18447,35,1,3,1,1,1,104,219,0
47,1,0,4,2,1,18451,49,0,1,3,3,1,168,196,0
42,1,0,4,2,1,18452,102,0,2,2,3,1,354,451,0
55,1,0,4,2,1,18453,100,0,4,1,1,1,271,331,0
41,1,0,1,2,1,18455,30,0,3,3,3,0,144,172,0
69,1,0,1,2,1,18457,NA,NA,NA,NA,NA,0,0,0,NA
52,1,0,3,2,1,18458,81,0,1,1,2,1,268,324,0
58,1,0,4,2,1,18460,102,0,1,1,1,1,260,310,0
54,1,0,4,2,1,18465,400,0,5,1,1,1,110,268,0
45,1,0,3,2,1,18466,91,0,1,2,2,1,343,368,0
47,0,0,4,2,1,18467,59,0,1,1,1,1,182,205,0
38,1,0,1,2,1,18468,187,0,1,2,2,0,578,587,0
46,1,0,4,2,1,18471,43,0,4,1,2,1,144,266,0
49,1,0,4,2,1,18473,53,0,1,1,2,1,166,249,0
49,1,0,3,2,1,18474,98,0,1,2,3,1,351,372,0
52,1,0,3,2,1,18475,NA,NA,NA,NA,NA,1,0,0,NA
47,1,0,4,2,1,18476,41,1,4,1,1,1,133,241,0
49,1,0,2,2,1,18477,122,0,1,1,1,0,730,609,0
36,1,0,4,2,1,18480,52,0,5,2,2,1,197,224,0
53,1,0,2,2,1,18483,65,0,1,2,NA,0,49,0,0
54,1,0,3,2,1,18485,87,0,2,2,2,1,281,313,0
51,1,0,3,2,1,18486,81,0,1,2,3,1,282,330,0
46,1,0,4,2,1,18488,46,0,5,3,3,1,176,269,0
46,1,0,4,2,1,18489,19,0,3,1,NA,1,14,0,0
40,1,0,1,2,1,18491,45,0,3,3,3,0,225,270,0
47,1,0,4,2,1,18492,102,0,5,1,3,1,332,444,0
51,1,0,3,2,1,18494,7,1,3,1,NA,1,6,0,0
52,1,0,4,2,1,18495,31,0,5,2,NA,1,21,0,0
43,0,0,4,2,1,18496,41,0,4,1,1,1,129,284,0
43,1,0,4,2,1,18499,16,1,5,1,1,1,71,144,0
50,1,0,4,2,1,18501,88,0,3,1,2,1,270,320,0
52,1,0,4,2,1,18502,40,0,3,1,NA,1,25,0,0
45,0,0,3,2,1,18503,54,0,1,1,2,1,189,317,0
53,1,0,3,2,1,18504,NA,NA,NA,NA,NA,1,0,0,NA
44,1,0,4,2,1,18505,37,0,2,2,3,1,151,232,0
61,1,0,2,2,1,18506,NA,NA,NA,NA,NA,0,0,0,NA
39,0,0,3,2,1,18508,99,0,1,1,1,1,367,360,0
58,1,0,3,2,1,18510,NA,NA,NA,NA,NA,1,0,0,NA
44,1,0,4,2,1,18513,33,0,1,2,3,1,132,150,0
39,0,0,1,2,1,18514,98,0,1,1,1,0,436,418,0
58,1,0,3,2,1,18515,109,0,1,3,3,1,315,308,0
51,1,0,4,2,1,18516,46,1,5,1,1,1,143,201,0
46,0,0,2,2,1,18517,49,0,1,2,2,0,192,227,0
51,0,0,4,2,1,18521,24,1,3,3,3,1,75,216,0
50,1,0,3,2,1,18523,74,0,1,1,2,1,256,280,0
53,1,0,4,2,1,18524,NA,NA,NA,NA,NA,1,0,0,NA
54,0,0,4,2,1,18526,50,0,2,1,NA,1,26,0,0
51,0,0,1,2,1,18528,NA,NA,NA,NA,NA,0,0,0,NA
NA,1,0,4,2,1,18529,45,0,5,2,2,1,182,207,0
50,1,0,1,2,1,18530,27,1,2,3,3,0,129,291,0
45,1,0,4,2,1,18531,40,0,4,1,3,1,141,216,0
42,1,0,2,2,1,18534,163,0,2,1,1,0,748,660,0
NA,1,0,1,2,1,18538,40,1,1,3,3,0,694,713,0
56,1,0,1,2,1,18539,100,0,1,2,2,0,379,472,0
58,1,0,4,2,1,18540,16,1,4,1,NA,1,8,0,0
45,1,0,2,2,1,18541,95,0,1,2,3,0,393,464,0
53,0,0,4,2,1,18542,108,0,5,1,3,1,301,319,0
45,1,0,4,2,1,18544,30,1,1,1,1,1,101,211,0
54,1,0,4,2,1,18545,NA,NA,NA,NA,NA,1,0,0,NA
45,1,0,2,2,1,18546,85,0,1,1,1,0,344,420,0
45,1,0,3,2,1,18549,81,0,1,2,2,1,326,392,0
48,0,0,3,2,1,18550,96,0,1,3,3,1,333,314,0
44,1,0,4,2,1,18554,101,0,5,2,1,1,353,397,0
45,1,0,4,2,1,18556,79,0,5,1,1,1,261,288,0
61,1,0,4,2,1,18557,103,0,5,1,2,1,231,241,0
50,1,0,2,2,1,18558,114,0,1,2,2,0,445,414,0
48,1,0,1,2,1,18559,65,0,1,1,NA,0,55,0,0
59,1,0,1,2,1,18566,62,0,1,1,NA,0,43,0,0
51,1,0,1,2,1,18567,69,0,1,2,2,0,620,682,0
57,0,0,3,2,1,18568,NA,NA,NA,NA,NA,1,0,0,NA
55,1,0,3,2,1,18571,541,0,2,2,1,1,174,313,0
39,1,0,4,2,1,18572,20,0,5,2,3,1,94,183,0
55,1,0,4,2,1,18573,35,1,5,1,NA,1,19,0,0
49,1,0,3,2,1,18574,41,1,2,1,2,1,150,236,0
32,1,0,2,2,1,18575,86,0,1,3,2,0,368,388,0
44,1,0,3,2,1,18576,133,0,1,2,3,1,1223,1079,0
48,1,0,2,2,1,18579,50,0,1,3,3,0,214,214,0
44,1,0,4,2,1,18580,23,1,3,1,2,1,80,287,0
54,1,0,1,2,1,18583,30,1,1,1,NA,0,25,0,0
46,0,0,1,2,1,18586,58,0,2,3,3,0,255,275,0
42,1,0,3,2,1,18587,42,0,3,1,1,1,160,185,0
NA,1,0,3,2,1,18589,77,0,1,3,3,1,302,310,0
37,1,0,4,2,1,18591,96,0,1,2,2,1,720,669,0
33,1,0,1,2,1,18594,82,0,1,3,3,0,376,450,0
37,1,0,3,2,1,18595,43,0,2,1,2,1,165,255,0
57,1,0,4,2,1,18597,NA,NA,NA,NA,NA,1,0,0,NA
51,1,0,3,2,1,18599,43,1,1,3,3,1,166,231,0
59,1,0,4,2,1,18602,NA,NA,NA,NA,NA,1,0,0,NA
50,0,0,4,2,1,18605,24,1,5,2,2,1,82,190,0
48,1,0,3,2,1,18606,NA,NA,NA,NA,NA,1,0,0,NA
48,1,0,3,2,1,18607,304,0,4,1,NA,1,21,0,0
41,1,0,4,2,1,18608,49,0,3,2,2,1,181,282,0
57,0,0,4,2,1,18609,42,1,4,1,1,1,100,250,0
53,0,0,3,2,1,18611,81,0,2,2,3,1,266,268,0
46,1,0,3,2,1,18612,80,0,1,1,1,1,288,306,0
45,1,0,2,2,1,18613,30,1,1,1,3,0,128,178,0
48,1,0,4,2,1,18614,41,1,5,2,2,1,149,176,0
42,1,0,1,2,1,18618,68,0,1,3,3,0,312,320,0
54,1,0,4,2,1,18620,45,1,5,2,2,1,139,200,0
49,0,0,3,2,1,18622,74,0,1,3,2,1,1273,1115,0
50,1,0,3,2,1,18623,84,0,3,3,3,1,588,537,0
38,1,0,3,2,1,18624,18,0,2,3,3,1,85,163,0
43,1,0,4,2,1,18625,47,0,3,2,3,1,172,253,0
62,1,0,4,2,1,18626,110,0,5,2,3,1,240,263,0
45,1,0,3,2,1,18630,56,0,1,1,1,1,222,229,0
37,0,0,4,2,1,18631,45,0,5,1,2,1,148,293,0
46,0,0,4,2,1,18633,106,0,1,2,2,1,343,364,0
50,0,0,4,2,1,18634,NA,NA,NA,NA,NA,1,0,0,NA
46,0,0,2,2,1,18635,47,0,2,1,NA,0,37,0,0
44,1,0,4,2,1,18636,35,0,3,1,NA,1,25,0,0
51,1,0,3,2,1,18637,36,1,3,2,1,1,139,173,0
49,1,0,4,2,1,18638,NA,NA,NA,NA,NA,1,0,0,NA
61,1,0,4,2,1,18639,NA,NA,NA,NA,NA,1,0,0,NA
41,1,0,4,2,1,18641,106,0,3,1,1,1,362,329,0
46,0,0,3,2,1,18644,92,0,1,3,3,1,811,742,0
40,0,0,3,2,1,18645,92,0,1,1,2,1,338,427,0
46,1,0,4,2,1,18647,90,0,1,2,3,1,304,330,0
59,1,0,1,2,1,18648,NA,NA,NA,NA,NA,0,0,0,NA
42,1,0,3,2,1,18649,587,0,1,1,1,1,215,270,0
51,1,0,4,2,1,18651,112,0,5,1,1,1,333,370,0
47,1,0,4,2,1,18653,42,0,5,1,1,1,133,235,0
42,1,0,4,2,1,18654,41,0,5,1,1,1,146,194,0
40,0,0,3,2,1,18655,46,0,2,2,3,1,174,181,0
55,1,0,4,2,1,18656,NA,NA,NA,NA,NA,1,0,0,NA
39,0,0,1,2,1,18659,49,0,4,1,1,0,494,474,0
51,1,0,4,2,1,18660,22,1,3,2,3,1,80,134,0
51,0,0,4,2,1,18661,52,1,4,2,2,1,167,207,0
42,1,0,4,2,1,18663,104,0,5,1,1,1,349,440,0
51,1,0,2,2,1,18664,408,0,2,2,2,0,159,217,0
45,1,0,4,2,1,18665,101,0,1,3,3,1,345,437,0
48,1,0,4,2,1,18667,108,0,2,3,3,1,356,403,0
49,1,0,3,2,1,18668,84,0,1,2,2,1,852,896,0
38,1,0,4,2,1,18670,24,0,3,1,1,1,93,131,0
44,1,0,4,2,1,18671,42,0,5,1,1,1,144,192,0
53,1,0,4,2,1,18673,15,1,5,1,NA,1,9,0,0
50,1,0,4,2,1,18674,25,1,5,1,2,1,87,153,0
52,1,0,4,2,1,18675,45,1,5,3,3,1,148,240,0
51,1,0,2,2,1,18676,46,1,1,1,1,0,592,525,0
50,1,0,4,2,1,18677,56,0,3,1,1,1,350,423,0
56,1,0,4,2,1,18680,32,1,5,1,NA,1,18,0,0
48,0,0,4,2,1,18681,NA,NA,NA,NA,NA,1,0,0,NA
44,1,0,4,2,1,18682,42,0,4,1,1,1,146,195,0
49,1,0,3,2,1,18686,54,0,2,2,2,1,204,227,0
54,1,0,4,2,1,18688,32,1,4,3,NA,1,21,0,0
51,1,0,3,2,1,18689,62,0,2,3,3,1,222,231,0
55,0,0,4,2,1,18690,16,1,4,1,NA,1,8,0,0
59,1,0,1,2,1,18691,45,1,5,1,1,0,159,161,0
44,1,0,4,2,1,18692,48,0,4,2,3,1,170,202,0
53,1,0,4,2,1,18693,63,0,4,1,1,1,183,193,0
45,1,0,4,2,1,18694,23,1,5,1,1,1,85,262,0
42,1,0,3,2,1,18695,95,0,1,2,3,1,363,421,0
58,1,0,4,2,1,18697,25,1,4,1,1,1,67,141,0
47,1,0,3,2,1,18699,137,0,1,3,3,1,635,599,0
49,1,0,2,2,1,18700,86,0,1,3,3,0,353,415,0
46,1,0,1,2,1,18703,131,0,1,3,3,0,589,569,0
47,1,0,4,2,1,18707,59,0,2,1,1,1,196,298,0
49,1,0,4,2,1,18708,73,0,5,2,2,1,369,326,0
61,1,0,3,2,1,18709,55,0,1,1,NA,1,54,0,0
58,1,0,4,2,1,18711,30,1,1,1,NA,1,16,0,0
48,0,0,3,2,1,18712,806,0,1,2,3,1,278,304,0
48,1,0,4,2,1,18713,42,1,5,1,1,1,132,184,0
48,1,0,4,2,1,18714,32,1,5,2,3,1,119,159,0
55,1,0,4,2,1,18715,18,1,5,1,NA,1,11,0,0
48,1,0,2,2,1,18716,70,0,1,2,3,0,534,467,0
57,1,0,2,2,1,18717,9,1,1,1,1,0,37,75,0
51,1,0,1,2,1,18719,NA,NA,NA,NA,NA,0,0,0,NA
54,1,0,4,2,1,18720,49,1,4,1,2,1,136,248,0
NA,1,0,2,2,1,18721,NA,NA,NA,NA,NA,0,0,0,NA
57,1,0,3,2,1,18723,120,0,1,3,3,1,362,384,0
61,1,0,4,2,1,18725,33,1,3,1,1,1,77,135,0
52,1,0,4,2,1,18726,41,1,5,1,3,1,125,162,0
36,0,0,4,2,1,18727,50,0,3,1,1,1,170,317,0
44,1,0,2,2,1,18728,108,0,1,3,3,0,476,421,0
45,1,0,3,2,1,18729,98,0,1,2,3,1,800,740,0
50,0,0,4,2,1,18731,46,1,5,1,1,1,137,170,0
50,1,0,3,2,1,18735,59,0,2,1,3,1,207,271,0
51,1,0,3,2,1,18736,21,1,5,1,1,1,75,178,0
50,1,0,3,2,1,18737,403,0,1,1,1,1,135,179,0
54,1,0,1,2,1,18738,88,0,1,2,3,0,351,376,0
53,0,0,4,2,1,18740,84,0,4,1,1,1,230,241,0
45,1,0,4,2,1,18744,43,0,5,2,3,1,164,271,0
47,1,0,4,2,1,18746,52,0,4,1,2,1,168,179,0
NA,NA,0,3,2,1,18750,66,0,5,2,2,1,251,415,0
48,0,0,3,2,1,18755,104,0,1,2,3,1,365,425,0
39,0,0,4,2,1,18756,17,0,3,1,NA,1,11,0,0
46,1,0,4,2,1,18757,44,0,2,2,3,1,167,178,0
39,1,0,3,2,1,18760,75,0,1,3,3,1,530,476,0
42,1,0,3,2,1,18761,82,0,2,1,1,1,307,314,0
51,1,0,4,2,1,18763,100,0,5,1,1,1,302,389,0
42,1,0,1,2,1,18764,81,0,1,2,3,0,369,366,0
44,1,0,4,2,1,18765,21,1,4,1,2,1,75,128,0
42,1,0,3,2,1,18768,413,0,1,2,3,1,162,184,0
46,1,0,3,2,1,18771,86,0,3,2,2,1,326,356,0
46,0,0,4,2,1,18774,104,0,5,1,1,1,326,350,0
NA,1,0,3,2,1,18775,66,0,2,1,2,1,251,452,0
38,1,0,3,2,1,18776,25,0,2,2,3,1,112,181,0
36,0,0,4,2,1,18777,90,0,3,2,3,1,326,359,0
63,1,0,3,2,1,18778,NA,NA,NA,NA,NA,1,0,0,NA
51,1,0,4,2,1,18780,81,0,4,3,3,1,250,356,0
54,0,0,3,2,1,18782,NA,NA,NA,NA,NA,1,0,0,NA
NA,1,0,4,2,1,18784,45,0,4,1,1,1,170,249,0
42,0,0,4,2,1,18786,40,0,4,2,3,1,143,281,0
58,1,0,3,2,1,18788,37,1,1,3,3,1,375,378,0
45,1,0,4,2,1,18789,58,0,3,2,2,1,202,206,0
41,1,0,4,2,1,18791,81,0,1,3,3,1,286,434,0
42,0,0,4,2,1,18792,47,0,5,1,2,1,167,257,0
47,0,0,4,2,1,18794,42,0,3,1,1,1,135,252,0
47,1,0,3,2,1,18795,109,0,3,1,2,1,385,372,0
46,1,0,4,2,1,18796,48,0,4,2,NA,1,33,0,0
37,1,0,4,2,1,18797,115,0,5,1,1,1,693,743,0
NA,1,0,4,2,1,18799,122,0,5,1,1,1,443,440,0
52,1,0,3,2,1,18800,37,1,3,1,1,1,390,388,0
46,1,0,3,2,1,18801,93,0,1,1,NA,1,100,0,0
42,1,0,1,2,1,18804,32,0,2,1,1,0,152,193,0
58,0,0,4,2,1,18808,42,0,5,1,NA,1,19,0,0
52,1,0,3,2,1,18809,248,0,1,2,2,1,420,434,0
50,0,0,3,2,1,18811,80,0,1,1,NA,1,54,0,0
48,1,0,1,2,1,18812,84,0,1,3,3,0,367,379,0
48,1,0,1,2,1,18814,NA,NA,NA,NA,NA,0,0,0,NA
42,1,0,4,2,1,18816,47,0,5,1,1,1,165,212,0
58,1,0,4,2,1,18817,NA,NA,NA,NA,NA,1,0,0,NA
45,1,0,4,2,1,18818,42,0,4,2,1,1,149,190,0
46,1,0,4,2,1,18819,41,0,4,1,1,1,146,170,0
46,1,0,4,2,1,18820,40,0,4,1,NA,1,27,0,0
48,1,0,4,2,1,18821,14,1,3,1,1,1,48,141,0
43,1,0,4,2,1,18822,41,0,5,1,2,1,140,196,0
52,1,0,1,2,1,18823,66,0,3,1,1,0,270,316,0
49,1,0,3,2,1,18824,59,0,2,3,3,1,219,270,0
49,0,0,3,2,1,18826,101,0,1,2,3,1,439,485,0
49,1,0,4,2,1,18828,43,1,4,2,3,1,146,162,0
42,0,0,4,2,1,18831,55,0,5,1,1,1,182,176,0
35,1,0,4,2,1,18832,41,0,4,1,2,1,146,169,0
52,1,0,4,2,1,18833,24,1,3,1,3,1,74,165,0
43,1,0,2,2,1,18834,84,0,1,3,3,0,349,318,0
55,0,0,4,2,1,18835,107,0,5,1,3,1,280,277,0
39,0,0,3,2,1,18836,64,0,2,2,2,1,246,257,0
44,1,0,4,2,1,18837,104,0,5,2,2,1,352,355,0
46,1,0,2,2,1,18838,46,0,1,1,1,0,200,364,0
49,1,0,2,2,1,18839,90,0,2,1,1,0,344,361,0
62,0,0,1,2,1,18841,NA,NA,NA,NA,NA,0,0,0,NA
36,1,0,4,2,1,18843,41,0,3,2,1,1,155,143,0
39,1,0,1,2,1,18844,76,0,3,1,1,0,337,441,0
54,1,0,1,2,1,18846,42,1,2,2,2,0,174,280,0
52,1,0,4,2,1,18847,22,1,3,1,1,1,76,257,0
62,1,0,1,2,1,18851,56,1,5,1,1,0,184,256,0
47,1,0,2,2,1,18853,30,1,1,2,3,0,139,205,0
56,1,0,3,2,1,18855,NA,NA,NA,NA,NA,1,0,0,NA
53,0,0,2,2,1,18856,77,0,1,1,NA,0,53,0,0
49,0,0,1,2,1,18857,NA,NA,NA,NA,NA,0,0,0,NA
36,1,0,4,2,1,18858,42,0,3,2,3,1,161,214,0
52,1,0,4,2,1,18859,NA,NA,NA,NA,NA,1,0,0,NA
55,1,0,1,2,1,18860,30,1,1,1,NA,0,25,0,0
49,1,0,4,2,1,18863,44,1,4,1,2,1,141,233,0
44,1,0,1,2,1,18866,91,0,1,2,2,0,417,439,0
47,0,0,4,2,1,18867,54,0,4,1,2,1,166,284,0
33,0,0,3,2,1,18868,186,0,3,1,1,1,501,519,0
44,1,0,3,2,1,18872,54,0,1,2,3,1,214,265,0
42,0,0,2,2,1,18873,49,0,1,2,3,0,201,227,0
49,1,0,4,2,1,18874,28,1,5,1,1,1,100,194,0
50,0,0,4,2,1,18875,NA,NA,NA,NA,NA,1,0,0,NA
54,1,0,4,2,1,18877,42,1,5,1,1,1,122,237,0
48,1,0,3,2,1,18880,25,1,2,1,1,1,94,187,0
46,1,0,4,2,1,18881,41,0,1,3,3,1,149,275,0
45,0,0,4,2,1,18884,85,0,5,1,1,1,374,369,0
46,1,0,4,2,1,18885,80,0,3,2,3,1,270,332,0
46,0,0,3,2,1,18886,81,0,1,2,1,1,305,324,0
43,1,0,3,2,1,18887,79,0,1,1,1,1,678,620,0
49,0,0,2,2,1,18889,100,0,1,1,NA,0,76,0,0
45,1,0,4,2,1,18890,41,0,3,1,2,1,144,168,0
47,1,0,4,2,1,18892,81,0,4,3,3,1,271,337,0
51,1,0,4,2,1,18894,25,1,3,1,1,1,77,168,0
43,1,0,4,2,1,18896,110,0,5,1,1,1,372,461,0
41,1,0,4,2,1,18897,NA,NA,NA,NA,NA,1,0,0,NA
50,1,0,3,2,1,18898,114,0,1,3,3,1,412,419,0
57,1,0,4,2,1,18899,109,0,5,1,1,1,294,375,0
48,1,0,1,2,1,18900,109,0,1,3,3,0,467,465,0
45,1,0,4,2,1,18902,41,0,4,1,1,1,139,150,0
42,1,0,3,2,1,18906,180,0,1,2,2,1,702,720,0
47,0,0,3,2,1,18909,81,0,1,3,3,1,291,285,0
53,1,0,4,2,1,18910,110,0,4,1,1,1,312,320,0
51,1,0,4,2,1,18914,41,1,2,3,3,1,137,147,0
50,1,0,1,2,1,18915,53,0,2,1,1,0,218,238,0
35,1,0,4,2,1,18918,21,0,3,2,2,1,85,213,0
38,1,0,4,2,1,18919,107,0,5,1,1,1,368,361,0
54,1,0,4,2,1,18920,50,1,1,1,2,1,142,287,0
48,1,0,4,2,1,18922,46,0,4,1,1,1,149,208,0
45,0,0,4,2,1,18925,21,1,3,1,1,1,69,174,0
48,1,0,3,2,1,18926,36,1,2,1,1,1,133,300,0
58,1,0,4,2,1,18927,NA,NA,NA,NA,NA,1,0,0,NA
40,1,0,4,2,1,18928,486,0,1,2,3,1,174,247,0
43,0,0,3,2,1,18932,86,0,1,1,2,1,320,399,0
50,1,0,4,2,1,18935,23,1,2,1,NA,1,103,0,0
47,0,0,4,2,1,18936,56,0,5,2,3,1,184,276,0
48,1,0,4,2,1,18937,61,0,3,1,1,1,192,234,0
37,1,0,4,2,1,18938,42,0,5,1,2,1,149,248,0
44,1,0,3,2,1,18939,61,0,1,3,3,1,796,720,0
39,1,0,4,2,1,18940,100,0,5,1,1,1,342,366,0
48,1,0,2,2,1,18945,58,0,1,1,2,0,236,249,0
49,1,0,4,2,1,18946,107,0,4,1,1,1,338,431,0
46,1,0,4,2,1,18947,41,0,4,1,2,1,141,226,0
41,0,0,3,2,1,18948,81,0,1,2,2,1,310,392,0
49,1,0,2,2,1,18951,62,0,1,1,NA,0,48,0,0
45,1,0,3,2,1,18953,74,0,3,1,2,1,276,331,0
49,1,0,2,2,1,18954,119,0,2,2,NA,0,70,0,0
53,1,0,3,2,1,18955,NA,NA,NA,NA,NA,1,0,0,NA
60,1,0,2,2,1,18956,43,1,1,1,NA,0,57,0,0
50,0,0,4,2,1,18957,NA,NA,NA,NA,NA,1,0,0,NA
38,1,0,3,2,1,18962,55,0,3,2,2,1,727,714,0
58,1,0,4,2,1,18968,78,0,5,2,NA,1,41,0,0
59,0,0,2,2,1,18971,NA,NA,NA,NA,NA,0,0,0,NA
38,1,0,1,2,1,18973,43,0,1,1,3,0,204,302,0
39,0,0,4,2,1,18974,41,0,1,2,3,1,143,206,0
51,0,0,3,2,1,18975,48,1,1,1,1,1,156,256,0
44,1,0,3,2,1,18976,70,0,1,2,3,1,267,358,0
46,1,0,1,2,1,18978,102,0,3,1,2,0,449,428,0
48,1,0,4,2,1,18979,101,0,1,1,2,1,363,399,0
46,1,0,4,2,1,18980,63,0,4,2,3,1,220,344,0
35,1,0,2,2,1,18981,51,0,1,3,3,0,563,534,0
65,1,0,3,2,1,18984,74,0,1,2,NA,1,34,0,0
50,1,0,4,2,1,18985,41,1,4,1,1,1,132,216,0
55,1,0,1,2,1,18990,33,1,1,1,NA,0,27,0,0
49,1,0,1,3,1,18991,423,0,1,2,3,0,185,211,0
48,1,0,4,3,1,18992,55,0,1,2,2,1,649,588,0
45,1,0,1,3,1,18995,42,0,1,1,1,0,194,255,0
NA,1,0,3,3,1,19000,NA,NA,NA,NA,NA,1,0,0,NA
42,0,0,2,3,1,19001,55,0,1,3,3,0,235,242,0
49,1,0,3,3,1,19002,75,0,3,1,NA,1,52,0,0
54,1,0,3,3,1,19003,26,1,3,2,3,1,98,177,0
42,0,0,3,3,1,19004,187,0,1,1,NA,1,66,0,0
53,1,0,3,3,1,19008,32,0,3,1,NA,1,22,0,0
48,0,0,3,3,1,19009,103,0,3,1,1,1,356,382,0
56,1,0,3,3,1,19010,33,1,3,3,3,1,125,187,0
51,1,0,3,3,1,19011,54,1,3,1,1,1,185,206,0
47,0,0,2,3,1,19012,49,0,1,3,3,0,781,751,0
47,1,0,1,3,1,19015,99,0,1,3,3,0,430,377,0
41,1,0,3,3,1,19016,41,0,3,1,1,1,158,213,0
50,1,0,1,3,1,19022,90,0,1,2,3,0,384,498,0
46,1,0,3,3,1,19024,20,1,1,1,1,1,83,171,0
45,0,0,3,3,1,19025,51,0,3,3,3,1,197,242,0
49,1,0,3,3,1,19029,41,1,3,1,1,1,148,252,0
42,1,0,3,3,1,19031,104,0,3,1,2,1,390,356,0
39,1,0,3,3,1,19033,91,0,1,2,2,1,367,328,0
52,1,0,1,3,1,19034,63,0,1,3,NA,0,54,0,0
42,1,0,3,3,1,19035,63,0,3,1,1,1,242,335,0
53,0,0,1,3,1,19038,92,0,1,1,1,0,352,365,0
42,1,0,3,3,1,19039,65,0,3,1,1,1,245,273,0
51,1,0,3,3,1,19040,106,0,1,1,1,1,350,353,0
43,1,0,2,3,1,19041,78,0,1,1,1,0,312,313,0
45,1,0,1,3,1,19042,804,0,1,3,3,0,354,400,0
50,1,0,3,3,1,19043,37,0,3,1,NA,1,27,0,0
50,1,0,3,3,1,19044,66,0,3,1,1,1,233,259,0
44,1,0,3,3,1,19046,41,0,3,1,2,1,162,198,0
58,0,0,3,3,1,19049,44,1,1,3,3,1,128,141,0
37,1,0,2,3,1,19051,26,0,1,1,2,0,120,194,0
40,1,0,3,3,1,19052,46,0,3,2,2,1,191,265,0
53,1,0,1,3,1,19054,198,0,1,3,3,0,818,727,0
56,0,0,4,3,1,19055,55,1,3,2,2,1,146,145,0
48,1,0,4,3,1,19056,43,0,3,2,3,1,150,212,0
38,1,0,3,3,1,19057,77,0,3,1,1,1,299,355,0
51,1,0,4,3,1,19062,43,1,1,1,1,1,131,193,0
50,1,0,3,3,1,19067,49,1,3,1,1,1,171,213,0
44,1,0,3,3,1,19069,84,0,1,2,2,1,320,306,0
40,1,0,3,3,1,19070,41,0,3,1,3,1,161,153,0
53,0,0,3,3,1,19071,42,1,3,1,1,1,130,193,0
53,1,0,3,3,1,19077,106,0,3,1,2,1,337,369,0
48,1,0,3,3,1,19078,102,0,3,1,1,1,360,358,0
51,1,0,1,3,1,19081,81,0,1,2,3,0,340,381,0
37,1,0,3,3,1,19083,47,0,3,1,2,1,195,203,0
62,1,0,3,3,1,19086,32,1,3,1,NA,1,17,0,0
40,1,0,3,3,1,19088,105,0,3,2,2,1,407,445,0
43,1,0,3,3,1,19090,87,0,3,1,2,1,329,385,0
44,1,0,1,3,1,19093,97,0,1,1,1,0,741,667,0
56,1,0,3,3,1,19095,NA,NA,NA,NA,NA,1,0,0,NA
54,1,0,3,3,1,19097,56,1,3,1,2,1,179,235,0
45,0,0,3,3,1,19100,50,0,1,1,1,1,881,766,0
46,0,0,4,3,1,19101,103,0,3,1,1,1,322,332,0
52,1,0,3,3,1,19104,NA,NA,NA,NA,NA,1,0,0,NA
46,0,0,1,3,1,19105,46,0,1,1,1,0,201,302,0
47,0,0,2,3,1,19106,72,0,1,1,2,0,1177,994,0
51,1,0,3,3,1,19107,103,0,3,1,1,1,342,417,0
46,1,0,1,3,1,19109,98,0,1,3,3,0,435,418,0
39,1,0,3,3,1,19111,NA,NA,NA,NA,NA,1,0,0,NA
52,1,0,2,3,1,19112,80,0,1,1,NA,0,93,0,0
48,1,0,2,3,1,19114,45,0,1,1,2,0,187,317,0
NA,1,0,3,3,1,19116,41,1,3,1,1,1,160,217,0
29,1,0,3,3,1,19118,48,0,1,3,3,1,192,349,0
47,0,0,2,3,1,19119,38,1,1,2,3,0,154,197,0
58,1,0,3,3,1,19122,11,1,3,1,1,1,45,85,0
51,1,0,3,3,1,19123,47,1,3,1,1,1,164,287,0
35,1,0,3,3,1,19124,78,0,3,1,1,1,299,324,0
57,1,0,3,3,1,19126,42,1,3,3,3,1,136,150,0
56,0,0,3,3,1,19127,85,0,3,3,3,1,256,288,0
39,1,0,2,3,1,19128,84,0,1,3,3,0,359,404,0
39,1,0,3,3,1,19129,101,0,3,1,1,1,384,403,0
48,1,0,3,3,1,19130,102,0,3,1,1,1,354,339,0
48,1,0,3,3,1,19131,44,0,3,1,2,1,161,181,0
49,0,0,3,3,1,19132,42,1,3,1,1,1,144,233,0
51,1,0,3,3,1,19135,42,1,1,1,2,1,149,159,0
41,1,0,3,3,1,19137,41,0,1,1,1,1,170,212,0
57,1,0,3,3,1,19140,56,1,3,2,2,1,172,192,0
54,1,0,3,3,1,19142,11,1,3,2,2,1,48,155,0
52,1,0,3,3,1,19143,82,0,1,2,2,1,294,360,0
51,1,0,1,3,1,19144,NA,NA,NA,NA,NA,0,0,0,NA
49,0,0,1,3,1,19145,NA,NA,NA,NA,NA,0,0,0,NA
51,1,0,3,3,1,19146,100,0,3,1,1,1,338,320,0
51,1,0,3,3,1,19149,70,0,3,2,1,1,389,421,0
43,1,0,3,3,1,19152,40,0,3,2,3,1,174,170,0
52,1,0,3,3,1,19153,101,0,3,1,2,1,336,407,0
49,1,0,3,3,1,19154,40,1,3,1,1,1,144,268,0
44,1,0,3,3,1,19155,103,0,1,1,3,1,382,371,0
53,1,0,3,3,1,19156,38,0,3,1,NA,1,25,0,0
56,1,0,3,3,1,19157,72,0,3,1,NA,1,52,0,0
50,0,0,3,3,1,19158,41,1,3,3,3,1,144,211,0
41,0,0,1,3,1,19160,73,0,1,2,3,0,663,672,0
47,0,0,1,3,1,19161,119,0,1,3,3,0,867,956,0
56,0,0,3,3,1,19162,NA,NA,NA,NA,NA,1,0,0,NA
53,1,0,3,3,1,19167,36,0,3,1,NA,1,24,0,0
44,1,0,2,3,1,19168,400,0,1,2,2,0,170,178,0
47,0,0,3,3,1,19171,82,0,3,2,3,1,294,360,0
52,1,0,2,3,1,19172,62,0,1,2,2,0,238,217,0
49,1,0,3,3,1,19174,101,0,3,1,1,1,345,384,0
54,1,0,2,3,1,19176,127,0,1,1,1,0,742,700,0
42,1,0,3,3,1,19178,41,0,3,1,1,1,165,297,0
56,1,0,3,3,1,19181,45,1,3,1,1,1,137,267,0
50,1,0,3,3,1,19182,31,0,3,1,NA,1,21,0,0
45,1,0,3,3,1,19183,41,0,3,2,2,1,171,174,0
42,1,0,3,3,1,19185,27,0,3,2,3,1,122,132,0
NA,0,0,3,3,1,19186,56,0,1,3,3,1,212,269,0
42,1,0,3,3,1,19187,52,0,3,1,1,1,197,310,0
42,1,0,3,3,1,19188,70,0,1,1,1,1,270,329,0
43,1,0,3,3,1,19190,99,0,1,3,3,1,976,928,0
63,1,0,3,3,1,19192,30,1,3,1,NA,1,15,0,0
47,0,0,1,3,1,19193,40,0,1,2,2,0,174,266,0
52,1,0,3,3,1,19196,112,0,1,2,2,1,414,428,0
52,1,0,3,3,1,19198,53,1,3,2,2,1,665,622,0
40,1,0,3,3,1,19199,101,0,3,1,1,1,383,373,0
42,1,0,3,3,1,19201,47,0,3,1,1,1,182,246,0
41,0,0,3,3,1,19203,88,0,1,2,3,1,334,317,0
45,1,0,3,3,1,19204,NA,NA,NA,NA,NA,1,0,0,NA
43,1,0,3,3,1,19205,50,0,1,3,3,1,200,267,0
46,1,0,3,3,1,19208,54,0,1,3,3,1,208,249,0
64,1,0,1,3,1,19209,76,1,1,1,2,0,226,228,0
46,1,0,3,3,1,19211,100,0,3,1,1,1,740,713,0
44,0,0,2,3,1,19212,100,0,1,2,2,0,414,440,0
62,1,0,3,3,1,19214,45,1,3,1,NA,1,23,0,0
59,0,0,4,3,1,19216,NA,NA,NA,NA,NA,1,0,0,NA
44,1,0,4,3,1,19221,81,0,1,3,3,1,280,315,0
37,1,0,1,3,1,19222,53,0,1,3,3,0,258,276,0
44,1,0,2,3,1,19225,29,1,1,2,1,0,145,209,0
48,1,0,3,3,1,19226,57,0,3,2,2,1,212,297,0
54,1,0,3,3,1,19231,NA,NA,NA,NA,NA,1,0,0,NA
38,0,0,2,3,1,19233,90,0,1,1,1,0,621,594,0
40,1,0,2,3,1,19234,30,0,1,2,3,0,148,178,0
41,1,0,3,3,1,19235,129,0,3,2,3,1,847,770,0
62,1,0,3,3,1,19238,39,1,3,1,NA,1,20,0,0
45,0,0,3,3,1,19239,NA,NA,NA,NA,NA,1,0,0,NA
59,1,0,3,3,1,19243,110,0,3,1,1,1,442,474,0
71,0,0,3,3,1,19244,120,0,3,1,NA,1,39,0,0
56,1,0,1,3,1,19246,57,1,1,2,3,0,769,740,0
49,0,0,1,3,1,19248,133,0,1,2,2,0,730,644,0
54,1,0,3,3,1,19250,67,0,3,2,3,1,639,682,0
56,0,0,1,3,1,19251,NA,NA,NA,NA,NA,0,0,0,NA
39,0,0,3,3,1,19255,61,0,3,1,1,1,223,250,0
52,1,0,2,3,1,19256,41,1,1,1,1,0,152,336,0
37,1,0,1,3,1,19258,44,0,1,3,3,0,214,257,0
NA,1,0,1,3,1,19260,85,0,1,2,2,0,327,379,0
38,0,0,1,3,1,19262,45,0,1,3,3,0,204,255,0
42,1,0,3,3,1,19263,45,0,3,2,2,1,183,290,0
55,0,0,3,3,1,19264,63,1,3,1,1,1,185,193,0
45,1,0,2,3,1,19265,27,1,1,2,3,0,122,208,0
63,1,0,2,3,1,19266,NA,NA,NA,NA,NA,0,0,0,NA
50,1,0,3,3,1,19272,17,1,3,2,3,1,79,233,0
49,0,0,3,3,1,19273,43,1,3,1,2,1,143,211,0
57,1,0,4,3,1,19274,103,0,3,3,3,1,279,355,0
53,1,0,1,3,1,19275,87,0,1,1,3,0,349,321,0
45,1,0,3,3,1,19277,22,1,1,3,3,1,102,145,0
34,1,0,1,3,1,19278,57,0,1,1,2,0,257,384,0
43,1,0,3,3,1,19279,43,0,3,1,2,1,173,315,0
51,0,0,3,3,1,19281,61,0,3,1,NA,1,60,0,0
44,1,0,3,3,1,19282,76,0,3,1,3,1,281,377,0
50,1,0,3,3,1,19285,NA,NA,NA,NA,NA,1,0,0,NA
43,0,0,2,3,1,19287,82,0,1,1,2,0,328,411,0
62,1,0,3,3,1,19288,22,1,3,1,1,1,60,351,0
42,0,0,2,3,1,19292,76,0,1,2,3,0,308,284,0
49,0,0,3,3,1,19297,44,1,3,1,2,1,150,331,0
54,1,0,4,3,1,19298,61,1,1,3,3,1,185,169,0
48,1,0,3,3,1,19299,60,0,3,1,NA,1,115,0,0
60,1,0,3,3,1,19300,51,1,3,1,1,1,142,188,0
58,0,0,1,3,1,19301,32,1,1,2,3,0,118,167,0
53,1,0,3,3,1,19304,45,1,1,3,3,1,161,185,0
57,1,0,2,3,1,19305,NA,NA,NA,NA,NA,0,0,0,NA
51,0,0,3,3,1,19307,49,1,3,1,1,1,159,270,0
59,1,0,3,3,1,19308,76,0,1,1,NA,1,84,0,0
46,1,0,3,3,1,19311,84,0,3,1,2,1,881,800,0
53,0,0,1,3,1,19312,50,1,1,3,2,0,209,231,0
54,1,0,3,3,1,19313,NA,NA,NA,NA,NA,1,0,0,NA
46,1,0,3,3,1,19314,89,0,3,3,3,1,348,372,0
53,0,0,3,3,1,19316,22,1,3,1,1,1,72,160,0
36,1,0,3,3,1,19319,53,0,3,2,3,1,219,358,0
51,1,0,1,3,1,19320,24,1,1,1,1,0,110,184,0
48,1,0,1,3,1,19321,88,0,1,1,2,0,375,401,0
47,1,0,3,3,1,19322,104,0,1,2,3,1,383,420,0
61,1,0,3,3,1,19324,31,1,3,1,NA,1,16,0,0
67,1,0,3,3,1,19325,43,1,3,1,2,1,86,102,0
46,1,0,3,3,1,19328,49,0,3,1,1,1,178,261,0
42,1,0,3,3,1,19329,41,0,3,1,1,1,160,238,0
50,1,0,3,3,1,19330,116,0,1,2,1,1,786,679,0
43,1,0,1,3,1,19331,90,0,1,2,2,0,411,435,0
43,0,0,3,3,1,19332,64,0,1,3,3,1,797,710,0
49,1,0,1,3,1,19334,89,0,1,3,3,0,967,817,0
55,1,0,3,3,1,19335,406,0,1,1,1,1,124,156,0
51,1,0,3,3,1,19338,NA,NA,NA,NA,NA,1,0,0,NA
56,1,0,3,3,1,19341,98,0,1,1,1,1,609,608,0
41,1,0,3,3,1,19342,50,0,3,1,1,1,200,207,0
48,0,0,3,3,1,19343,46,0,3,1,1,1,152,210,0
43,1,0,1,3,1,19344,41,0,1,3,3,0,195,263,0
47,1,0,2,3,1,19345,31,1,1,2,2,0,140,184,0
40,0,0,3,3,1,19346,63,0,3,2,3,1,240,251,0
44,1,0,3,3,1,19348,66,0,3,2,2,1,257,299,0
45,1,0,3,3,1,19350,51,0,3,1,3,1,190,283,0
45,1,0,2,3,1,19354,94,0,3,3,3,0,1218,1117,0
47,1,0,3,3,1,19357,91,0,3,2,2,1,515,559,0
48,0,0,1,3,1,19359,84,0,1,1,1,0,362,417,0
58,0,0,2,3,1,19360,74,1,1,2,2,0,641,595,0
50,1,0,2,3,1,19361,46,1,1,3,3,0,189,258,0
48,1,0,4,3,1,19362,43,1,3,1,1,1,142,177,0
48,1,0,2,3,1,19364,58,0,1,2,2,0,234,278,0
45,0,0,3,3,1,19365,103,0,1,2,2,1,385,379,0
43,1,0,4,3,1,19367,104,0,1,2,3,1,682,631,0
50,0,0,1,3,1,19368,602,0,1,3,2,0,243,286,0
43,1,0,3,3,1,19369,105,0,3,1,2,1,402,352,0
59,1,0,1,3,1,19370,92,0,1,3,3,0,331,453,0
40,1,0,3,3,1,19372,105,0,3,1,1,1,399,413,0
49,1,0,3,3,1,19375,85,0,1,2,2,1,315,338,0
52,1,0,1,3,1,19376,28,1,1,1,3,0,119,194,0
51,1,0,3,3,1,19377,101,0,3,1,2,1,336,391,0
51,1,0,3,3,1,19378,NA,NA,NA,NA,NA,1,0,0,NA
39,0,0,3,3,1,19380,86,0,3,2,3,1,340,378,0
48,0,0,3,3,1,19381,111,0,3,3,3,1,386,425,0
59,0,0,1,3,1,19382,NA,NA,NA,NA,NA,0,0,0,NA
NA,0,0,3,3,1,19383,125,0,1,1,2,1,754,649,0
50,1,0,3,3,1,19388,50,0,1,1,NA,1,37,0,0
57,0,0,3,3,1,19389,30,1,3,1,NA,1,17,0,0
53,1,0,3,3,1,19396,61,0,1,3,3,1,757,689,0
56,0,0,2,3,1,19397,76,0,1,1,1,0,246,258,0
49,0,0,3,3,1,19398,NA,NA,NA,NA,NA,1,0,0,NA
48,0,0,2,3,1,19400,NA,NA,NA,NA,NA,0,0,0,NA
42,1,0,3,3,1,19401,72,0,3,1,1,1,285,330,0
56,1,0,3,3,1,19402,46,1,3,1,1,1,138,214,0
45,1,0,2,3,1,19404,42,0,1,2,3,0,182,195,0
58,1,0,4,3,1,19405,50,1,1,1,2,1,133,138,0
51,1,0,2,3,1,19408,155,0,1,3,3,0,1143,1068,0
47,1,0,3,3,1,19410,73,0,1,2,3,1,271,353,0
46,1,0,4,3,1,19412,85,0,3,2,3,1,286,282,0
43,1,0,1,3,1,19413,40,0,1,1,1,0,187,183,0
56,1,0,3,3,1,19414,120,0,1,2,2,1,864,756,0
46,1,0,4,3,1,19417,104,0,3,1,3,1,336,342,0
NA,1,0,3,3,1,19422,28,1,3,1,2,1,110,122,0
53,0,0,2,3,1,19423,86,0,1,1,1,0,296,376,0
46,1,0,2,3,1,19424,74,0,1,2,2,0,313,320,0
36,1,0,3,3,1,19425,63,0,3,1,1,1,237,215,0
44,0,0,3,3,1,19426,102,0,3,1,1,1,369,416,0
54,1,0,3,3,1,19427,45,1,3,1,1,1,149,222,0
46,1,0,3,3,1,19429,410,0,1,2,3,1,155,176,0
53,1,0,3,3,1,19431,43,1,3,1,1,1,144,261,0
50,1,0,2,3,1,19432,81,0,1,2,2,0,313,283,0
39,1,0,1,3,1,19433,95,0,1,3,3,0,443,424,0
51,1,0,1,3,1,19434,104,0,1,3,3,0,498,594,0
56,1,0,1,3,1,19435,103,0,1,2,3,0,406,370,0
47,0,0,3,3,1,19436,61,0,3,1,NA,1,42,0,0
35,1,0,3,3,1,19437,44,0,3,2,3,1,177,311,0
55,1,0,1,3,1,19438,40,1,1,1,1,0,157,254,0
49,1,0,2,3,1,19440,60,0,1,2,2,0,249,306,0
46,1,0,3,3,1,19441,48,0,3,1,1,1,177,290,0
49,1,0,3,3,1,19442,NA,NA,NA,NA,NA,1,0,0,NA
48,1,0,3,3,1,19444,67,0,3,1,1,1,239,276,0
58,0,0,3,3,1,19445,100,0,3,1,2,1,282,321,0
48,1,0,3,3,1,19449,64,0,3,2,3,1,238,357,0
55,1,0,1,3,1,19451,61,1,1,2,2,0,250,312,0
50,1,0,3,3,1,19452,28,1,3,2,3,1,109,196,0
49,1,0,2,3,1,19453,49,0,1,1,2,0,191,234,0
41,0,0,2,3,1,19461,90,0,1,3,3,0,374,505,0
49,1,0,3,3,1,19463,101,0,3,3,3,1,357,364,0
45,1,0,3,3,1,19465,101,0,3,1,1,1,365,420,0
43,1,0,3,3,1,19466,125,0,1,1,2,1,499,448,0
45,1,0,3,3,1,19467,43,0,3,1,1,1,163,213,0
41,1,0,1,3,1,19470,15,1,1,3,3,0,103,143,0
43,0,0,3,3,1,19472,48,0,3,1,2,1,180,197,0
56,1,0,1,3,1,19473,76,0,1,2,NA,0,58,0,0
49,0,0,3,3,1,19474,77,0,3,1,NA,1,51,0,0
42,0,0,3,3,1,19476,46,0,3,1,3,1,168,297,0
52,0,0,3,3,1,19477,110,0,3,2,3,1,364,392,0
49,1,0,2,3,1,19478,72,0,1,1,1,0,277,288,0
46,0,0,2,3,1,19479,26,1,1,3,3,0,823,775,0
46,0,0,2,3,1,19480,95,0,1,3,3,0,381,455,0
50,0,0,3,3,1,19481,150,0,1,1,NA,1,109,0,0
49,1,0,3,3,1,19483,115,0,3,3,3,1,563,515,0
62,0,0,1,3,1,19487,NA,NA,NA,NA,NA,0,0,0,NA
48,1,0,3,3,1,19488,104,0,3,1,1,1,362,368,0
NA,1,0,3,3,1,19489,24,1,3,1,1,1,103,242,0
54,1,0,3,3,1,19490,NA,NA,NA,NA,NA,1,0,0,NA
60,1,0,1,3,1,19491,43,1,1,2,3,0,154,201,0
42,1,0,3,3,1,19496,150,0,1,3,3,1,792,761,0
39,1,0,3,3,1,19497,49,0,3,2,3,1,208,224,0
59,1,0,1,3,1,19498,81,0,1,2,3,0,291,320,0
49,1,0,3,3,1,19499,50,0,3,2,3,1,187,208,0
51,0,0,3,3,1,19501,102,0,3,2,3,1,351,391,0
49,0,0,3,3,1,19504,41,1,3,2,3,1,148,221,0
51,0,0,1,3,1,19505,30,0,1,1,NA,0,23,0,0
47,1,0,1,3,1,19507,NA,NA,NA,NA,NA,0,0,0,NA
51,1,0,3,3,1,19508,88,0,1,1,1,1,397,505,0
53,1,0,3,3,1,19509,84,0,3,2,3,1,286,306,0
44,1,0,3,3,1,19511,100,0,1,1,1,1,370,400,0
53,0,0,3,3,1,19513,22,1,3,1,1,1,61,228,0
45,1,0,2,3,1,19514,55,0,1,2,3,0,247,344,0
40,1,0,3,3,1,19516,80,0,1,1,2,1,307,367,0
42,0,0,3,3,1,19518,407,0,1,2,3,1,149,287,0
54,1,0,3,3,1,19519,NA,NA,NA,NA,NA,1,0,0,NA
54,1,0,3,3,1,19522,NA,NA,NA,NA,NA,1,0,0,NA
51,1,0,3,3,1,19524,100,0,3,1,1,1,472,483,0
51,1,0,3,3,1,19526,30,1,1,3,3,1,120,206,0
56,1,0,3,3,1,19527,41,1,3,1,2,1,124,147,0
52,1,0,2,3,1,19528,NA,NA,NA,NA,NA,0,0,0,NA
49,0,0,3,3,1,19530,NA,NA,NA,NA,NA,1,0,0,NA
48,1,0,3,3,1,19531,55,0,3,3,3,1,407,412,0
45,1,0,3,3,1,19533,40,0,1,3,3,1,160,201,0
44,1,0,2,3,1,19534,40,0,1,2,2,0,817,768,0
47,0,0,3,3,1,19535,44,0,3,1,1,1,153,146,0
45,0,0,1,3,1,19536,54,0,1,2,3,0,244,339,0
52,0,0,3,3,1,19537,35,1,1,2,3,1,126,148,0
50,1,0,3,3,1,19538,41,1,3,1,2,1,146,276,0
41,0,0,3,3,1,19540,87,0,1,2,2,1,327,293,0
57,1,0,2,3,1,19542,NA,NA,NA,NA,NA,0,0,0,NA
47,1,0,1,3,1,19544,95,0,1,2,3,0,705,649,0
51,1,0,3,3,1,19545,42,1,3,2,2,1,158,350,0
42,1,0,3,3,1,19547,43,0,1,1,2,1,180,226,0
55,1,0,1,3,1,19548,89,0,1,2,2,0,517,531,0
55,1,0,3,3,1,19550,21,1,3,1,1,1,70,153,0
48,1,0,3,3,1,19551,53,0,1,1,1,1,196,286,0
55,0,0,2,3,1,19552,63,1,1,1,1,0,214,292,0
54,1,0,3,3,1,19556,107,0,3,1,2,1,335,379,0
49,1,0,3,3,1,19561,42,1,3,3,2,1,157,208,0
46,1,0,3,3,1,19563,42,0,3,1,2,1,154,185,0
39,1,0,2,3,1,19566,28,0,1,3,3,0,703,618,0
52,1,0,3,3,1,19568,53,1,3,1,2,1,178,238,0
43,1,0,3,3,1,19569,97,0,1,3,3,1,374,409,0
39,1,0,3,3,1,19570,63,0,3,1,2,1,244,224,0
47,1,0,2,3,1,19571,65,0,1,1,NA,0,52,0,0
45,0,0,2,3,1,19572,47,0,1,3,3,0,196,295,0
52,1,0,3,3,1,19573,40,1,3,2,2,1,149,342,0
48,0,0,3,3,1,19574,52,0,3,1,3,1,174,222,0
42,0,0,3,3,1,19577,61,0,1,1,1,1,218,197,0
41,1,0,3,3,1,19579,38,0,3,3,3,1,827,719,0
53,1,0,3,3,1,19582,42,1,3,3,3,1,150,234,0
48,1,0,1,3,1,19583,603,0,1,1,1,0,250,268,0
49,0,0,3,3,1,19584,148,0,3,3,3,1,534,583,0
42,1,0,3,3,1,19585,41,0,1,3,2,1,174,177,0
43,0,0,3,3,1,19586,104,0,1,1,1,1,385,348,0
52,0,0,4,3,1,19589,89,0,1,3,3,1,265,429,0
41,1,0,3,3,1,19591,42,0,3,2,2,1,179,218,0
45,1,0,1,3,1,19595,48,0,1,3,3,0,228,283,0
47,0,0,3,3,1,19596,108,0,1,3,3,1,385,387,0
46,0,0,1,3,1,19598,91,0,1,1,1,0,851,793,0
45,1,0,2,3,1,19599,47,0,1,2,3,0,684,611,0
43,1,0,3,3,1,19601,40,0,3,1,2,1,157,208,0
53,1,0,3,3,1,19602,41,1,3,1,2,1,137,155,0
54,1,0,3,3,1,19603,250,0,1,2,2,1,423,494,0
NA,1,0,2,3,1,19605,74,0,1,3,3,0,1002,981,0
43,1,0,3,3,1,19606,87,0,3,1,3,1,327,356,0
70,1,0,3,3,1,19609,81,0,3,1,NA,1,24,0,0
58,1,0,3,3,1,19612,52,0,3,1,NA,1,30,0,0
47,1,0,3,3,1,19614,23,1,3,1,2,1,100,267,0
34,1,0,3,3,1,19617,50,0,3,1,1,1,202,299,0
51,1,0,3,3,1,19618,100,0,3,1,1,1,341,346,0
37,1,0,3,3,1,19619,85,0,3,2,3,1,339,393,0
41,1,0,2,3,1,19621,84,0,1,3,3,0,357,423,0
62,1,0,3,3,1,19622,64,1,1,3,2,1,168,212,0
52,1,0,3,3,1,19623,57,0,3,1,1,1,400,448,0
49,1,0,3,3,1,19628,42,0,3,1,NA,1,29,0,0
44,0,0,3,3,1,19629,51,0,3,1,2,1,180,226,0
52,1,0,2,3,1,19633,NA,NA,NA,NA,NA,0,0,0,NA
58,1,0,3,3,1,19634,NA,NA,NA,NA,NA,1,0,0,NA
47,1,0,1,3,1,19636,88,0,1,2,2,0,386,408,0
39,1,0,3,3,1,19638,35,0,1,1,NA,1,27,0,0
44,1,0,3,3,1,19640,42,0,3,1,2,1,167,221,0
59,1,0,2,3,1,19641,25,1,1,3,3,0,108,193,0
51,1,0,2,3,1,19642,NA,NA,NA,NA,NA,0,0,0,NA
52,1,0,1,3,1,19644,60,0,1,2,2,0,249,360,0
59,1,0,3,3,1,19647,101,0,3,1,1,1,326,372,0
45,1,0,1,3,1,19648,42,0,1,1,1,0,185,257,0
55,1,0,3,3,1,19650,85,0,1,1,1,1,272,332,0
53,1,0,3,3,1,19651,106,0,1,3,3,1,352,359,0
36,1,0,3,3,1,19652,35,0,3,1,NA,1,27,0,0
52,0,0,3,3,1,19654,102,0,3,2,1,1,340,434,0
45,1,0,2,3,1,19655,102,0,1,1,1,0,417,527,0
31,1,0,3,3,1,19656,141,0,3,1,1,1,430,421,0
60,0,0,1,3,1,19658,72,1,1,2,3,0,243,378,0
56,1,0,1,3,1,19659,68,1,1,2,2,0,270,292,0
48,1,0,2,3,1,19661,79,0,1,3,3,0,315,340,0
38,1,0,3,3,1,19662,60,0,3,2,2,1,247,275,0
52,1,0,3,3,1,19663,212,0,3,2,2,1,389,360,0
46,1,0,3,3,1,19664,71,0,1,3,3,1,755,736,0
45,1,0,3,3,1,19666,6,1,3,1,2,1,27,107,0
60,1,0,3,3,1,19667,NA,NA,NA,NA,NA,1,0,0,NA
46,1,0,3,3,1,19668,46,0,3,1,1,1,173,237,0
52,1,0,1,3,1,19669,46,1,1,3,3,0,202,178,0
46,0,0,3,3,1,19671,55,0,1,1,NA,1,148,0,0
37,0,0,3,3,1,19672,35,0,3,2,3,1,138,194,0
48,1,0,2,3,1,19673,46,0,1,2,3,0,192,203,0
50,1,0,3,3,1,19679,46,1,3,3,2,1,173,288,0
46,1,0,3,3,1,19681,40,0,3,2,3,1,159,212,0
40,1,0,3,3,1,19682,34,0,3,1,NA,1,27,0,0
42,1,0,3,3,1,19684,86,0,1,1,1,1,750,759,0
52,1,0,1,3,1,19688,30,0,1,1,NA,0,25,0,0
52,0,0,3,3,1,19689,42,1,3,1,1,1,140,202,0
56,1,0,3,3,1,19690,22,1,3,1,2,1,81,177,0
51,1,0,3,3,1,19695,44,1,3,1,2,1,149,230,0
60,1,0,1,3,1,19696,64,0,1,1,NA,0,101,0,0
57,1,0,3,3,1,19698,105,0,1,1,2,1,310,441,0
51,1,0,3,3,1,19700,168,0,3,1,1,1,389,496,0
43,1,0,3,3,1,19701,105,0,3,1,1,1,392,404,0
43,1,0,3,3,1,19702,82,0,1,3,3,1,311,277,0
45,0,0,2,3,1,19704,89,0,1,3,3,0,354,425,0
48,1,0,3,3,1,19706,84,0,3,1,1,1,311,446,0
56,1,0,3,3,1,19708,NA,NA,NA,NA,NA,1,0,0,NA
60,1,0,3,3,1,19710,41,1,3,1,NA,1,22,0,0
61,1,0,3,3,1,19711,44,1,3,1,2,1,113,124,0
38,1,0,3,3,1,19712,107,0,1,1,1,1,411,414,0
50,1,0,3,3,1,19714,44,1,1,2,2,1,166,250,0
55,1,0,3,3,1,19715,NA,NA,NA,NA,NA,1,0,0,NA
35,1,0,3,3,1,19716,96,0,3,2,1,1,387,416,0
59,1,0,2,3,1,19718,67,1,1,2,3,0,218,264,0
54,1,0,3,3,1,19719,103,0,3,1,2,1,336,435,0
45,0,0,2,3,1,19720,72,0,1,1,NA,0,120,0,0
51,1,0,2,3,1,19721,101,0,1,1,1,0,378,348,0
42,1,0,3,3,1,19723,109,0,1,1,1,1,402,350,0
62,1,0,1,3,1,19724,70,1,1,3,3,0,232,251,0
56,1,0,3,3,1,19725,NA,NA,NA,NA,NA,1,0,0,NA
56,1,0,1,3,1,19726,11,1,1,1,1,0,46,170,0
45,1,0,4,3,1,19727,54,0,3,1,1,1,186,193,0
39,1,0,2,3,1,19728,40,0,1,2,2,0,179,236,0
53,1,0,1,3,1,19729,48,1,1,2,3,0,198,246,0
57,1,0,1,3,1,19730,173,0,1,1,2,0,425,448,0
46,1,0,3,3,1,19732,205,0,1,3,3,1,756,731,0
46,1,0,2,3,1,19733,74,0,1,1,1,0,986,892,0
39,1,0,3,3,1,19737,50,0,3,2,2,1,202,275,0
54,0,0,3,3,1,19739,80,0,3,1,NA,1,48,0,0
43,0,0,3,3,1,19740,50,0,3,2,3,1,185,299,0
51,1,0,3,3,1,19741,62,0,1,1,1,1,213,459,0
42,0,0,3,3,1,19744,45,0,3,1,1,1,160,240,0
44,0,0,3,3,1,19747,51,0,3,1,2,1,192,254,0
56,0,0,2,3,1,19748,70,1,1,3,3,0,840,726,0
46,1,0,3,3,1,19749,88,0,1,2,2,1,326,356,0
45,1,0,3,3,1,19751,87,0,3,3,3,1,741,696,0
47,1,0,3,3,1,19753,NA,NA,NA,NA,NA,1,0,0,NA
50,1,0,1,3,1,19754,82,0,1,2,2,0,349,450,0
52,1,0,3,3,1,19756,NA,NA,NA,NA,NA,1,0,0,NA
43,1,0,3,3,1,19758,61,0,3,1,1,1,228,224,0
56,1,0,3,3,1,19762,110,0,3,2,3,1,337,404,0
40,1,0,3,3,1,19763,23,0,1,1,2,1,100,148,0
40,1,0,1,3,1,19766,79,0,1,3,2,0,902,823,0
49,0,0,3,3,1,19767,427,0,3,1,1,1,135,181,0
45,1,0,1,3,1,19768,43,0,1,3,3,0,208,309,0
38,1,0,2,3,1,19769,104,0,1,2,3,0,868,825,0
45,1,0,3,3,1,19770,NA,NA,NA,NA,NA,1,0,0,NA
46,1,0,1,3,1,19771,40,0,1,2,2,0,194,274,0
44,1,0,1,3,1,19773,87,0,1,3,2,0,390,500,0
47,1,0,2,3,1,19774,74,0,1,1,2,0,297,373,0
52,1,0,4,3,1,19778,101,0,3,2,2,1,305,367,0
52,1,0,2,3,1,19779,76,0,1,3,3,0,803,723,0
37,1,0,1,3,1,19780,83,0,1,2,3,0,389,367,0
50,1,0,3,3,1,19781,44,1,3,1,1,1,155,185,0
47,1,0,3,3,1,19782,51,0,1,3,3,1,197,305,0
48,1,0,2,3,1,19783,80,0,1,2,2,0,328,367,0
46,1,0,3,3,1,19784,21,1,3,1,1,1,83,152,0
55,1,0,3,3,1,19785,47,1,3,2,2,1,157,244,0
49,1,0,3,3,1,19788,47,0,3,1,2,1,167,234,0
56,1,0,3,3,1,19789,NA,NA,NA,NA,NA,1,0,0,NA
56,1,0,3,3,1,19791,NA,NA,NA,NA,NA,1,0,0,NA
63,0,0,3,3,1,19794,39,1,3,1,NA,1,16,0,0
59,1,0,2,3,1,19796,70,1,1,1,1,0,217,414,0
36,1,0,1,3,1,19801,82,0,1,2,3,0,657,648,0
41,1,0,3,3,1,19803,52,0,3,1,1,1,210,363,0
48,1,0,3,3,1,19804,56,0,3,1,1,1,200,319,0
49,0,0,1,3,1,19805,35,0,1,1,NA,0,27,0,0
49,0,0,3,3,1,19806,25,1,1,3,3,1,699,628,0
42,1,0,4,2,0,28091,108,0,5,1,1,1,369,518,0
49,1,1,3,1,0,23720,77,0,1,2,3,1,304,299,0
49,0,0,3,3,0,29236,106,0,3,1,1,1,354,439,0
49,1,1,2,1,0,21714,84,0,1,3,3,0,354,440,0
54,0,0,4,2,0,26472,47,1,5,1,1,1,124,166,0
46,1,1,1,1,0,23274,47,0,1,3,3,0,245,359,0
46,1,1,4,1,0,24185,75,0,5,1,2,1,709,677,0
46,1,1,1,1,0,21841,41,0,4,1,NA,0,40,0,0
41,0,0,3,3,0,29068,108,0,3,1,1,1,405,398,0
43,1,1,1,1,0,25762,101,0,2,1,1,0,483,484,0
45,0,1,3,1,0,24343,20,1,2,1,1,1,77,216,0
49,1,0,2,2,0,28388,89,0,1,2,1,0,779,771,0
49,1,1,3,1,0,20791,644,0,1,2,3,1,251,361,0
59,1,1,3,1,0,23504,25,1,1,1,NA,1,17,0,0
40,1,1,3,1,0,24014,139,0,2,2,3,1,509,485,0
45,1,1,1,1,0,23310,86,0,3,1,1,0,419,428,0
NA,1,1,3,1,0,21762,NA,NA,NA,NA,NA,1,0,0,NA
50,1,0,4,2,0,26611,41,1,5,1,1,1,144,224,0
44,1,1,4,1,0,22640,103,0,5,2,2,1,1062,899,0
NA,NA,1,4,1,0,20965,55,0,4,1,2,1,224,226,0
55,1,1,1,1,0,22388,33,1,1,2,3,0,156,193,0
54,0,1,1,1,0,24505,61,1,1,3,3,0,259,321,0
46,0,1,4,1,0,25297,42,0,1,2,1,1,153,159,0
38,1,1,4,1,0,21557,42,0,3,3,3,1,180,252,0
39,1,0,3,3,0,29495,NA,NA,NA,NA,NA,1,0,0,NA
48,0,1,1,1,0,25151,NA,NA,NA,NA,NA,0,0,0,NA
47,1,1,2,1,0,24151,102,0,1,2,3,0,450,419,0
42,1,1,1,1,0,23156,83,0,1,2,3,0,407,378,0
48,1,1,3,1,0,22218,108,0,2,1,2,1,412,410,0
NA,NA,1,3,1,0,21932,100,0,5,2,3,1,382,358,0
55,1,0,3,3,0,29576,60,1,1,2,2,1,200,195,0
35,1,0,4,2,0,26518,44,0,5,1,1,1,153,336,0
47,1,1,2,1,0,23044,106,0,1,2,2,0,466,540,0
60,0,1,2,1,0,25427,79,1,1,2,2,0,414,480,0
49,1,1,1,1,0,24488,106,0,1,1,1,0,470,473,0
52,0,0,3,2,0,28138,10,1,3,1,1,1,26,52,0
35,1,0,4,2,0,27218,31,0,2,2,3,1,120,161,0
47,1,1,4,1,0,23222,50,0,2,1,1,1,186,273,0
55,1,1,1,1,0,20107,NA,NA,NA,NA,NA,0,0,0,NA
52,1,1,2,1,0,24882,NA,NA,NA,NA,NA,0,0,0,NA
42,1,0,3,3,0,29687,44,0,3,1,1,1,182,297,0
42,0,1,1,1,0,24537,44,0,1,3,3,0,858,776,0
46,1,1,4,1,0,23654,101,0,5,1,1,1,364,412,0
53,1,1,4,1,0,23045,22,1,2,2,3,1,90,163,0
46,1,0,3,3,0,29339,103,0,3,2,3,1,389,401,0
43,0,0,2,2,0,26216,74,0,1,2,3,0,303,301,0
56,1,1,2,1,0,24726,41,0,1,2,NA,0,34,0,0
58,1,1,2,1,0,22727,NA,NA,NA,NA,NA,0,0,0,NA
50,1,0,4,2,0,27017,58,0,5,2,3,1,190,204,0
44,1,0,4,2,0,27686,47,0,5,2,3,1,173,250,0
44,1,1,2,1,0,21810,63,0,3,1,2,0,277,339,0
37,1,1,2,1,0,21304,37,0,1,3,3,0,179,279,0
42,1,0,4,2,0,26876,55,0,5,1,2,1,194,249,0
38,0,0,3,2,0,27900,NA,NA,NA,NA,NA,1,0,0,NA
51,1,1,3,1,0,22399,104,0,1,1,1,1,379,443,0
46,1,1,1,1,0,21745,136,0,1,3,3,0,746,702,0
46,1,1,1,1,0,25189,96,0,1,2,2,0,455,436,0
49,1,0,4,2,0,28876,52,0,5,2,3,1,177,249,0
39,1,1,4,1,0,22008,106,0,3,1,2,1,404,380,0
49,0,0,4,2,0,27137,NA,NA,NA,NA,NA,1,0,0,NA
40,0,1,4,1,0,20347,25,0,2,3,2,1,97,189,0
47,1,1,3,1,0,22851,56,0,1,2,2,1,237,258,0
42,1,1,2,1,0,21697,49,0,1,3,3,0,231,277,0
49,1,0,1,3,0,29115,86,0,1,3,3,0,376,342,0
38,1,1,3,1,0,20471,55,0,4,3,3,1,838,763,0
50,1,1,3,1,0,21472,66,0,1,3,3,1,261,327,0
47,1,1,3,1,0,24456,49,0,2,1,2,1,211,246,0
43,0,0,1,3,0,29223,106,0,1,1,2,0,467,443,0
50,1,1,3,1,0,25657,80,0,2,3,3,1,310,379,0
43,1,1,2,1,0,20844,105,0,1,3,3,0,473,457,0
34,1,1,2,1,0,24236,46,0,1,2,3,0,237,316,0
52,0,1,3,1,0,22938,177,0,1,1,NA,1,73,0,0
52,1,0,4,2,0,26538,49,1,4,1,2,1,147,253,0
35,1,1,2,1,0,22612,54,0,2,1,1,0,245,348,0
NA,NA,0,4,2,0,26279,53,0,3,1,1,1,203,250,0
40,1,0,3,2,0,28942,31,0,3,2,2,1,134,300,0
39,1,0,4,2,0,28470,96,0,2,3,3,1,338,357,0
52,1,1,3,1,0,24573,58,0,2,2,2,1,227,240,0
41,1,0,2,2,0,26751,89,0,1,2,2,0,383,361,0
50,1,0,3,2,0,27737,97,0,1,3,3,1,347,364,0
61,1,1,1,1,0,25711,81,1,1,3,2,0,297,324,0
45,1,0,4,2,0,28865,51,0,5,1,1,1,173,281,0
43,1,0,1,3,0,29080,80,0,1,2,2,0,379,376,0
68,0,0,3,2,0,27175,104,1,1,2,2,1,180,246,0
39,0,1,2,1,0,20147,85,0,1,2,2,0,387,387,0
37,1,0,4,2,0,26994,25,0,5,1,2,1,95,207,0
38,1,1,2,1,0,21889,71,0,1,3,3,0,338,378,0
40,1,1,1,1,0,25750,120,0,1,1,1,0,710,620,0
46,1,1,4,1,0,25614,52,0,4,3,3,1,204,273,0
47,0,1,4,1,0,20679,NA,NA,NA,NA,NA,1,0,0,NA
46,1,0,1,2,0,28190,89,0,2,1,3,0,387,390,0
46,1,1,1,1,0,21102,73,0,3,1,1,0,345,375,0
57,1,0,4,2,0,26959,78,0,5,1,NA,1,40,0,0
54,1,1,2,1,0,20207,75,0,1,1,1,0,755,707,0
51,1,1,1,1,0,24667,21,1,1,1,3,0,110,137,0
59,1,1,4,1,0,21450,43,1,4,1,NA,1,23,0,0
44,1,1,1,1,0,21533,137,0,1,3,3,0,925,794,0
51,1,1,3,1,0,22509,49,1,4,3,3,1,196,257,0
52,1,0,3,3,0,29374,80,0,3,1,1,1,275,358,0
54,1,0,2,2,0,27913,61,1,1,1,1,0,219,341,0
48,1,1,3,1,0,24638,50,0,3,1,1,1,205,280,0
58,1,1,3,1,0,23877,NA,NA,NA,NA,NA,1,0,0,NA
46,0,0,3,2,0,26482,26,1,2,2,3,1,96,133,0
58,0,1,2,1,0,25909,87,0,1,1,2,0,302,292,0
48,1,0,4,2,0,26400,29,1,3,1,1,1,97,195,0
45,0,1,1,1,0,22952,112,0,1,1,1,0,1065,915,0
53,1,1,1,1,0,20367,NA,NA,NA,NA,NA,0,0,0,NA
60,1,0,3,2,0,28163,65,1,1,3,3,1,538,492,0
50,1,1,3,1,0,25257,69,0,2,1,1,1,263,322,0
58,1,1,4,1,0,24818,144,0,3,1,1,1,320,292,0
58,1,1,3,1,0,22758,48,1,1,1,1,1,902,870,0
50,1,1,3,1,0,20885,148,0,3,2,3,1,711,652,0
48,1,1,1,1,0,21843,28,0,1,1,NA,0,26,0,0
49,1,1,1,1,0,23821,38,1,1,3,2,0,187,249,0
47,1,1,1,1,0,22915,74,0,1,1,1,0,350,364,0
48,1,1,3,1,0,23729,59,0,3,1,NA,1,132,0,0
54,1,0,3,3,0,29073,46,1,3,1,3,1,151,204,0
41,0,1,2,1,0,20325,77,0,1,2,3,0,904,843,0
51,1,0,3,2,0,26223,41,1,2,1,3,1,143,208,0
57,1,0,3,2,0,28518,73,1,1,2,3,1,568,491,0
48,0,1,4,1,0,20444,37,1,1,2,2,1,137,215,0
40,1,0,1,2,0,27188,66,0,1,3,3,0,533,458,0
45,0,1,3,1,0,24207,57,0,1,2,3,1,227,330,0
51,1,0,4,2,0,28395,54,0,5,3,3,1,174,232,0
44,0,1,3,1,0,23973,44,0,1,1,1,1,457,478,0
45,0,1,3,1,0,23855,89,0,1,2,3,1,362,360,0
46,1,1,4,1,0,21919,111,0,3,1,2,1,399,364,0
49,1,1,4,1,0,24600,48,0,3,3,3,1,180,197,0
57,1,1,4,1,0,21447,46,0,5,1,NA,1,27,0,0
44,1,0,3,3,0,29735,101,0,3,1,1,1,379,352,0
45,1,0,4,2,0,28482,72,0,5,2,2,1,389,459,0
49,1,1,4,1,0,23005,62,0,1,1,NA,1,43,0,0
41,1,1,2,1,0,23283,83,0,1,3,3,0,382,334,0
49,0,1,1,1,0,24464,102,0,1,1,2,0,692,666,0
47,1,0,3,2,0,27146,NA,NA,NA,NA,NA,1,0,0,NA
51,1,1,2,1,0,21832,82,0,1,2,2,0,469,572,0
40,1,0,2,3,0,29295,97,0,1,3,3,0,414,486,0
55,1,1,1,1,0,21205,65,1,1,1,3,0,273,287,0
64,1,1,4,1,0,22606,NA,NA,NA,NA,NA,1,0,0,NA
41,0,1,3,1,0,21364,91,0,3,1,2,1,362,406,0
48,1,1,2,1,0,23269,95,0,2,1,1,0,400,580,0
49,0,1,1,1,0,24812,81,0,1,1,1,0,358,341,0
34,1,1,2,1,0,21781,122,0,1,2,2,0,949,838,0
47,1,1,3,1,0,22972,NA,NA,NA,NA,NA,1,0,0,NA
45,1,1,2,1,0,20673,94,0,1,3,3,0,864,847,0
59,1,1,3,1,0,20062,106,0,3,1,2,1,323,346,0
45,1,1,4,1,0,23780,98,0,2,1,3,1,357,359,0
43,1,1,1,1,0,24376,78,0,1,1,1,0,380,396,0
47,1,1,1,1,0,20586,75,0,1,3,NA,0,71,0,0
42,1,1,4,1,0,25642,87,0,3,1,1,1,1302,1109,0
61,1,0,4,2,0,26723,130,0,1,2,1,1,330,324,0
49,1,1,3,1,0,24843,69,0,1,1,1,1,263,347,0
45,1,1,2,1,0,20439,52,0,2,2,3,0,256,309,0
34,0,0,3,2,0,27901,58,0,2,1,1,1,225,222,0
31,1,0,4,2,0,28222,89,0,4,2,1,1,313,356,0
53,1,1,1,1,0,21566,103,0,1,1,3,0,451,398,0
42,1,1,1,1,0,25086,87,0,2,2,2,0,434,464,0
59,1,1,1,1,0,24924,NA,NA,NA,NA,NA,0,0,0,NA
48,1,1,3,1,0,21527,413,0,1,1,1,1,156,240,0
37,1,0,4,2,0,27967,47,0,5,1,2,1,172,247,0
56,1,1,2,1,0,21923,63,1,2,2,2,0,243,273,0
57,1,1,2,1,0,21801,54,0,1,1,NA,0,120,0,0
39,1,0,1,2,0,27872,80,0,3,3,3,0,376,434,0
53,1,0,4,2,0,28718,100,0,5,2,3,1,297,293,0
47,1,1,1,1,0,22590,79,0,1,2,2,0,605,600,0
50,1,1,4,1,0,22696,138,0,3,3,3,1,635,589,0
NA,1,0,2,3,0,29627,41,1,1,1,1,0,165,289,0
54,0,0,4,2,0,28378,28,1,3,1,1,1,73,144,0
NA,0,1,2,1,0,26079,102,0,1,3,3,0,837,809,0
49,0,0,3,3,0,29517,422,0,1,3,3,1,145,173,0
50,0,0,3,2,0,28148,107,0,3,2,1,1,372,431,0
52,1,1,2,1,0,21299,58,0,1,2,3,0,628,543,0
49,1,0,1,2,0,28805,88,0,2,3,3,0,380,475,0
45,1,0,3,2,0,28191,60,0,2,1,2,1,219,380,0
48,1,1,4,1,0,22407,85,0,3,2,3,1,476,536,0
58,1,1,4,1,0,25271,44,1,4,1,1,1,136,221,0
49,1,1,3,1,0,20600,137,0,3,1,1,1,888,770,0
69,1,1,1,1,0,23317,16,1,1,1,NA,0,9,0,0
49,1,1,4,1,0,23541,51,0,4,2,2,1,193,229,0
53,1,1,4,1,0,23333,49,0,3,1,NA,1,80,0,0
55,1,1,1,1,0,25320,51,0,1,1,NA,0,43,0,0
40,1,0,3,2,0,28129,93,0,3,2,2,1,658,607,0
44,0,0,3,3,0,29284,52,0,3,2,3,1,201,228,0
51,0,1,3,1,0,25314,144,0,2,3,3,1,499,467,0
56,1,0,4,2,0,27230,64,1,4,1,1,1,171,198,0
44,0,1,1,1,0,25965,61,0,3,1,1,0,278,272,0
44,1,0,1,2,0,28972,44,0,1,2,3,0,207,257,0
63,1,0,3,2,0,28706,80,1,1,1,1,1,415,444,0
55,1,1,4,1,0,20100,14,1,2,1,1,1,55,133,0
51,1,1,2,1,0,21310,45,1,1,1,2,0,185,236,0
42,1,1,2,1,0,20509,44,0,2,1,1,0,219,299,0
55,1,1,3,1,0,22233,57,1,2,1,1,1,194,243,0
46,1,0,2,2,0,27340,22,1,1,3,3,0,107,193,0
45,1,0,3,2,0,27466,63,0,1,1,2,1,233,275,0
47,1,0,2,2,0,27704,NA,NA,NA,NA,NA,0,0,0,NA
52,1,1,3,1,0,20210,55,1,3,1,2,1,201,284,0
NA,1,1,3,1,0,25970,33,0,5,2,2,1,141,218,0
NA,NA,1,4,1,0,25211,14,1,3,1,2,1,71,149,0
45,1,1,4,1,0,23256,48,0,4,2,1,1,189,285,0
51,0,1,4,1,0,22922,78,0,1,2,3,1,262,335,0
39,1,1,3,1,0,20913,59,0,3,2,2,1,250,361,0
41,1,0,4,2,0,28431,107,0,5,2,3,1,373,391,0
51,1,1,1,1,0,23014,89,0,2,1,2,0,406,367,0
42,0,1,2,1,0,23068,86,0,1,2,2,0,381,333,0
46,1,0,4,2,0,26284,46,0,5,2,2,1,168,253,0
43,0,0,3,2,0,26831,50,0,2,1,1,1,186,255,0
46,0,1,1,1,0,23751,73,0,1,2,3,0,346,340,0
46,1,1,4,1,0,24931,NA,NA,NA,NA,NA,1,0,0,NA
47,1,1,3,1,0,22041,NA,NA,NA,NA,NA,1,0,0,NA
49,1,1,4,1,0,24136,43,1,2,1,1,1,154,166,0
50,1,1,3,1,0,20151,22,1,2,1,1,1,521,467,0
56,1,1,4,1,0,20338,49,1,1,2,3,1,163,162,0
44,1,1,1,1,0,22459,32,0,1,2,2,0,682,709,0
37,1,1,1,1,0,23932,35,0,1,1,2,0,177,174,0
57,1,1,4,1,0,22116,76,0,4,1,1,1,223,331,0
56,0,1,2,1,0,22496,121,0,1,2,3,0,761,737,0
59,1,0,4,2,0,28302,44,1,5,1,1,1,106,207,0
44,1,1,2,1,0,22843,46,0,1,2,2,0,222,279,0
50,1,1,4,1,0,22279,35,0,3,1,NA,1,24,0,0
44,1,1,2,1,0,20149,82,0,1,1,2,0,879,791,0
47,1,1,3,1,0,26108,156,0,5,1,1,1,828,776,0
48,1,0,4,2,0,28961,77,0,5,1,NA,1,49,0,0
36,1,1,2,1,0,21343,111,0,1,3,3,0,513,473,0
52,1,0,3,2,0,27698,56,1,2,2,2,1,201,251,0
36,0,1,1,1,0,21121,84,0,1,2,3,0,412,437,0
42,1,1,3,1,0,25577,81,0,1,1,2,1,825,907,0
49,1,0,1,2,0,28414,42,1,3,1,1,0,181,230,0
57,0,0,3,2,0,26232,NA,NA,NA,NA,NA,1,0,0,NA
49,1,1,3,1,0,24625,41,1,4,1,1,1,164,247,0
42,1,1,4,1,0,20112,20,1,3,1,1,1,80,112,0
48,1,0,4,2,0,28481,20,1,3,2,2,1,77,160,0
43,0,1,2,1,0,25607,105,0,1,1,1,0,1334,1134,0
57,1,0,3,2,0,27585,62,0,3,1,NA,1,52,0,0
58,1,0,4,2,0,26889,26,1,1,1,NA,1,13,0,0
42,1,1,4,1,0,25511,24,0,3,1,1,1,106,192,0
41,1,1,1,1,0,20414,168,0,1,2,2,0,977,851,0
36,0,1,2,1,0,24204,71,0,1,2,3,0,1592,1386,0
38,1,0,3,3,0,29793,79,0,3,3,3,1,310,338,0
67,0,0,3,2,0,28596,310,0,1,1,NA,1,9,0,0
50,0,1,4,1,0,23900,60,0,2,1,1,1,195,213,0
47,0,1,2,1,0,22556,47,0,2,1,1,0,200,216,0
48,0,0,3,2,0,26691,59,0,1,2,3,1,205,210,0
45,1,1,3,1,0,20018,144,0,2,1,1,1,805,695,0
50,1,0,3,2,0,27513,34,1,2,1,1,1,122,253,0
43,1,1,4,1,0,23593,79,0,3,2,2,1,306,306,0
47,1,0,4,2,0,26514,100,0,4,1,1,1,644,684,0
56,1,1,1,1,0,22543,87,0,1,3,3,0,363,378,0
51,1,1,1,1,0,24691,81,0,1,2,3,0,372,367,0
59,1,1,3,1,0,25377,104,0,1,2,3,1,338,368,0
46,1,0,1,2,0,28769,51,0,1,3,3,0,236,277,0
51,1,1,2,1,0,20187,102,0,1,1,1,0,595,566,0
52,1,0,3,3,0,29326,20,1,3,2,2,1,89,147,0
35,1,1,4,1,0,20870,43,0,3,1,2,1,175,207,0
42,1,1,1,1,0,21287,111,0,1,1,2,0,534,492,0
46,1,1,2,1,0,23316,123,0,2,2,2,0,509,468,0
47,0,1,1,1,0,23902,88,0,1,1,1,0,403,378,0
49,1,0,1,3,0,29232,45,1,1,2,3,0,209,263,0
38,1,1,2,1,0,22386,73,0,2,3,3,0,339,349,0
NA,NA,1,2,1,0,22431,80,0,1,2,2,0,313,398,0
47,0,1,4,1,0,22651,42,0,2,1,1,1,142,237,0
49,1,1,3,1,0,23748,108,0,4,1,1,1,406,395,0
NA,1,0,4,2,0,26678,107,0,5,3,3,1,416,394,0
49,1,1,1,1,0,25432,61,0,1,2,3,0,913,801,0
39,1,0,4,2,0,27245,22,0,5,2,2,1,96,252,0
51,1,1,1,1,0,20282,56,0,1,1,1,0,252,343,0
53,1,1,2,1,0,25738,37,1,1,2,3,0,158,249,0
56,1,1,4,1,0,21869,99,0,2,1,1,1,434,537,0
47,0,1,1,1,0,25768,73,0,1,2,3,0,346,366,0
59,1,0,2,3,0,29177,77,0,1,2,NA,0,51,0,0
56,1,1,4,1,0,22092,67,0,1,1,NA,1,173,0,0
61,1,1,4,1,0,25588,43,1,3,2,NA,1,52,0,0
50,1,0,4,2,0,27101,41,1,4,1,1,1,129,207,0
46,1,0,4,2,0,28553,104,0,5,1,1,1,332,417,0
47,1,0,4,2,0,28157,80,0,1,2,2,1,268,268,0
56,1,0,3,3,0,29482,101,0,3,2,3,1,312,320,0
49,1,1,4,1,0,23713,62,0,1,2,3,1,226,288,0
53,1,0,3,3,0,29765,25,1,3,3,3,1,100,209,0
42,0,1,3,1,0,22860,98,0,3,3,3,1,931,956,0
56,1,1,1,1,0,21746,52,1,1,2,3,0,227,249,0
42,1,1,1,1,0,20341,77,0,1,3,3,0,642,647,0
47,1,0,1,3,0,28998,87,0,1,3,3,0,383,380,0
41,1,1,4,1,0,20947,48,0,2,1,1,1,188,241,0
53,1,0,1,2,0,27851,98,0,1,3,3,0,392,432,0
44,1,1,4,1,0,22166,146,0,3,1,2,1,444,438,0
49,0,0,4,2,0,28767,88,0,5,2,2,1,448,397,0
49,1,1,4,1,0,24191,74,0,1,2,3,1,266,494,0
51,0,0,3,3,0,29353,60,0,3,1,1,1,202,243,0
59,0,1,1,1,0,20761,76,0,1,1,NA,0,56,0,0
38,1,1,1,1,0,22831,80,0,1,1,1,0,400,428,0
49,1,1,3,1,0,23897,41,1,2,3,3,1,169,196,0
63,1,1,3,1,0,23013,NA,NA,NA,NA,NA,1,0,0,NA
40,0,1,2,1,0,25707,82,0,2,1,1,0,1693,1473,0
48,0,0,4,2,0,27620,100,0,4,2,3,1,315,382,0
55,0,1,4,1,0,23537,40,1,3,1,2,1,380,365,0
43,1,0,4,2,0,26700,76,0,5,1,NA,1,51,0,0
53,1,0,4,2,0,27581,NA,NA,NA,NA,NA,1,0,0,NA
49,1,1,1,1,0,20011,37,1,1,2,2,0,813,764,0
47,1,1,4,1,0,22750,52,0,4,1,1,1,190,203,0
47,1,0,3,2,0,26535,42,0,2,3,3,1,167,229,0
49,0,1,4,1,0,22070,101,0,2,1,3,1,340,475,0
38,0,1,1,1,0,25011,38,0,1,3,3,0,193,241,0
41,1,1,3,1,0,20906,104,0,3,3,3,1,439,402,0
42,1,1,1,1,0,25176,50,0,2,3,3,0,260,263,0
50,1,1,1,1,0,24763,98,0,1,1,1,0,437,450,0
41,0,0,3,2,0,28810,103,0,1,1,1,1,858,849,0
47,1,1,1,1,0,25592,82,0,1,2,3,0,389,509,0
52,1,0,1,3,0,29023,NA,NA,NA,NA,NA,0,0,0,NA
50,1,1,3,1,0,23698,72,0,3,3,3,1,286,340,0
52,1,1,4,1,0,23977,132,0,5,1,2,1,654,631,0
50,1,1,4,1,0,24432,102,0,5,1,1,1,342,412,0
38,0,1,1,1,0,22618,40,0,1,1,1,0,197,361,0
31,1,1,4,1,0,22885,47,0,1,2,2,1,195,265,0
43,0,0,3,2,0,26962,80,0,1,1,1,1,291,302,0
59,1,0,3,2,0,28815,63,0,1,1,NA,1,35,0,0
51,1,0,3,2,0,27617,67,0,1,1,1,1,495,529,0
42,0,0,1,2,0,28582,53,0,1,3,3,0,234,294,0
39,1,1,2,1,0,22224,66,0,1,2,3,0,314,376,0
52,1,1,1,1,0,20091,77,0,1,1,1,0,335,315,0
47,0,0,2,3,0,29358,NA,NA,NA,NA,NA,0,0,0,NA
48,1,1,2,1,0,24669,88,0,1,2,3,0,386,414,0
32,1,0,3,3,0,29337,85,0,1,3,3,1,344,301,0
49,1,0,3,2,0,28790,47,0,1,2,NA,1,35,0,0
53,1,0,4,2,0,28878,26,1,4,3,3,1,86,144,0
53,0,1,4,1,0,25210,83,0,2,3,3,1,275,255,0
37,0,0,4,2,0,26228,31,0,3,1,2,1,98,142,0
48,0,1,2,1,0,21775,49,0,2,1,1,0,213,266,0
54,0,0,3,2,0,26772,23,1,5,1,1,1,70,209,0
31,1,1,2,1,0,23116,48,0,2,3,3,0,228,241,0
50,0,1,1,1,0,22622,81,0,1,3,3,0,369,379,0
48,1,1,1,1,0,21765,100,0,1,1,1,0,473,515,0
NA,1,1,2,1,0,25516,45,1,1,1,1,0,183,255,0
54,1,1,3,1,0,23450,76,0,2,1,1,1,274,345,0
55,0,0,2,2,0,27229,112,0,1,1,1,0,378,330,0
46,1,0,3,2,0,27302,56,0,5,3,2,1,216,307,0
53,1,1,3,1,0,20162,409,0,1,1,2,1,143,270,0
46,0,1,1,1,0,22632,103,0,1,3,3,0,478,500,0
43,1,0,3,2,0,27383,105,0,1,1,1,1,381,383,0
43,1,0,4,2,0,26639,28,0,3,1,1,1,99,159,0
51,1,1,1,1,0,23681,20,1,1,2,2,0,111,165,0
53,1,1,1,1,0,22890,119,0,1,3,3,0,888,812,0
54,1,0,4,2,0,28445,57,1,5,1,1,1,161,224,0
49,0,1,2,1,0,23761,55,0,1,3,3,0,233,259,0
55,1,1,4,1,0,23009,77,0,3,3,NA,1,94,0,0
45,1,1,1,1,0,24607,23,1,1,2,2,0,124,250,0
NA,1,1,3,1,0,23428,47,1,1,3,3,1,192,285,0
49,1,1,2,1,0,25543,43,1,2,1,1,0,181,250,0
50,0,0,4,2,0,26562,103,0,5,1,1,1,333,332,0
55,1,1,1,1,0,22552,46,0,1,2,NA,0,40,0,0
38,0,1,3,1,0,22939,89,0,3,3,3,1,367,385,0
53,1,1,1,1,0,21049,90,0,1,2,2,0,387,472,0
44,1,1,2,1,0,23449,70,0,2,1,2,0,308,352,0
45,1,1,2,1,0,24294,NA,NA,NA,NA,NA,0,0,0,NA
44,1,1,2,1,0,20980,61,0,2,1,1,0,270,321,0
65,0,0,4,2,0,28282,100,0,5,2,2,1,178,341,0
50,1,1,1,1,0,24260,65,0,1,3,3,0,307,339,0
39,0,1,2,1,0,21493,81,0,2,2,2,0,370,452,0
47,1,1,1,1,0,21291,50,0,1,1,2,0,237,434,0
42,1,0,2,2,0,27452,41,0,1,1,1,0,177,275,0
41,1,1,3,1,0,23550,92,0,1,2,2,1,402,397,0
37,1,0,3,2,0,28184,46,0,1,2,2,1,207,210,0
50,1,1,4,1,0,24616,74,0,1,1,2,1,247,286,0
37,0,1,4,1,0,22532,25,0,2,1,1,1,91,182,0
53,1,1,2,1,0,21262,129,0,1,2,2,0,601,602,0
54,1,1,1,1,0,24398,40,0,2,1,NA,0,35,0,0
57,1,1,3,1,0,24182,35,1,2,1,NA,1,24,0,0
50,1,1,4,1,0,20258,52,0,5,1,1,1,180,260,0
44,0,1,2,1,0,22215,92,0,1,2,2,0,1384,1166,0
57,1,1,2,1,0,23101,56,1,1,3,3,0,771,700,0
49,1,1,1,1,0,23880,29,1,1,2,2,0,145,249,0
47,1,0,1,3,0,29486,81,0,1,1,1,0,359,328,0
47,0,1,1,1,0,20915,81,0,1,2,2,0,390,370,0
37,1,1,1,1,0,22700,105,0,1,1,1,0,509,460,0
38,1,1,1,1,0,23344,93,0,1,1,1,0,451,495,0
45,1,1,2,1,0,22874,96,0,1,1,3,0,408,389,0
43,1,0,4,2,0,28512,86,0,4,2,2,1,308,381,0
51,1,1,1,1,0,24186,60,0,1,2,1,0,278,298,0
40,0,1,4,1,0,25424,32,0,3,1,1,1,126,130,0
44,1,1,3,1,0,21276,98,0,3,1,1,1,388,485,0
48,1,0,4,2,0,28264,83,0,5,1,1,1,263,258,0
49,1,1,4,1,0,20492,83,0,3,1,1,1,285,423,0
50,1,1,4,1,0,23980,35,1,1,2,3,1,131,161,0
47,1,1,3,1,0,22484,96,0,2,2,3,1,384,507,0
50,1,1,2,1,0,20139,70,0,3,3,3,0,758,681,0
58,0,1,3,1,0,25439,575,0,1,2,NA,1,36,0,0
51,0,0,4,2,0,28893,52,1,3,1,1,1,155,183,0
55,0,1,1,1,0,25410,104,0,1,1,2,0,454,487,0
38,1,0,4,2,0,26402,47,0,3,2,2,1,177,239,0
44,0,1,2,1,0,22272,45,0,1,3,3,0,211,273,0
51,0,0,4,2,0,28409,104,0,5,1,2,1,310,315,0
65,1,0,2,3,0,29317,NA,NA,NA,NA,NA,0,0,0,NA
46,1,1,1,1,0,23994,68,0,1,2,2,0,1089,982,0
45,0,1,1,1,0,25549,99,0,1,3,3,0,474,461,0
52,1,1,2,1,0,25776,25,1,1,3,3,0,117,117,0
42,1,1,4,1,0,22369,62,0,5,1,1,1,241,267,0
33,1,1,3,1,0,22153,60,0,5,1,2,1,262,338,0
65,1,1,3,1,0,20630,NA,NA,NA,NA,NA,1,0,0,NA
53,0,1,1,1,0,24156,40,1,2,3,3,0,184,274,0
36,1,1,3,1,0,20397,54,0,3,1,1,1,226,197,0
44,1,0,1,3,0,29061,20,1,1,2,2,0,107,197,0
51,1,1,3,1,0,23086,76,0,2,3,3,1,307,276,0
51,1,0,1,2,0,27958,86,0,1,2,3,0,358,415,0
50,1,0,4,2,0,26934,48,1,5,1,1,1,148,225,0
44,1,1,1,1,0,20253,79,0,1,1,NA,0,75,0,0
46,1,0,3,2,0,27888,191,0,1,2,2,1,849,710,0
48,0,1,2,1,0,21572,68,0,1,1,NA,0,131,0,0
48,1,0,3,3,0,29294,97,0,3,3,3,1,429,584,0
NA,NA,0,1,2,0,28383,43,1,1,2,2,0,169,270,0
48,1,1,4,1,0,23983,52,0,5,2,2,1,202,276,0
52,1,1,1,1,0,21202,97,0,1,1,2,0,418,377,0
56,1,1,4,1,0,25928,40,1,4,1,1,1,122,120,0
55,1,0,4,2,0,27630,64,1,5,3,3,1,187,215,0
51,0,1,3,1,0,22978,132,0,3,1,1,1,441,436,0
45,1,1,1,1,0,24307,37,0,1,2,2,0,189,281,0
49,0,1,1,1,0,25773,40,0,2,1,NA,0,35,0,0
39,1,0,3,3,0,29032,44,0,3,1,1,1,176,447,0
47,1,0,3,3,0,29021,22,1,3,1,1,1,94,141,0
51,1,1,2,1,0,25261,51,0,3,3,NA,0,45,0,0
54,0,1,3,1,0,23123,75,0,3,1,2,1,263,270,0
37,0,0,2,2,0,26960,82,0,1,3,3,0,625,592,0
51,1,1,4,1,0,24266,26,0,3,2,NA,1,20,0,0
50,1,1,2,1,0,25456,39,1,2,2,2,0,169,279,0
46,1,0,3,2,0,26339,43,0,3,1,2,1,157,252,0
56,0,0,3,2,0,28167,77,0,3,1,NA,1,57,0,0
50,1,0,3,2,0,26499,22,1,1,3,2,1,86,97,0
37,1,1,2,1,0,24028,41,0,3,1,1,0,186,211,0
43,1,1,3,1,0,22268,109,0,1,2,3,1,451,389,0
43,1,0,4,2,0,26205,41,0,4,2,3,1,154,229,0
51,1,0,1,3,0,29074,106,0,1,1,1,0,431,423,0
40,0,1,1,1,0,23072,87,0,1,2,2,0,434,422,0
43,1,1,2,1,0,20930,211,0,1,1,2,0,812,715,0
49,1,0,1,3,0,29355,209,0,1,1,1,0,870,798,0
49,1,1,3,1,0,22323,38,1,1,2,1,1,162,211,0
48,1,0,3,3,0,29795,133,0,3,3,3,1,733,668,0
45,1,0,3,3,0,29290,34,0,3,3,3,1,736,684,0
47,1,1,1,1,0,25232,411,0,1,2,2,0,197,242,0
NA,1,0,2,3,0,29323,77,0,1,3,3,0,988,985,0
44,1,0,3,2,0,27547,49,0,5,1,1,1,186,268,0
44,0,1,3,1,0,20308,25,1,3,1,1,1,107,200,0
39,0,0,2,3,0,29018,82,0,1,3,3,0,347,381,0
56,1,0,1,2,0,26385,87,0,1,1,1,0,323,356,0
43,0,0,4,2,0,28535,107,0,5,1,2,1,351,391,0
64,1,1,3,1,0,24580,NA,NA,NA,NA,NA,1,0,0,NA
43,1,0,4,2,0,27465,24,1,3,1,1,1,88,155,0
40,1,1,1,1,0,20668,161,0,1,1,1,0,896,766,0
41,1,0,4,2,0,26381,60,0,1,1,1,1,207,280,0
49,1,1,2,1,0,20899,32,1,1,1,1,0,142,232,0
43,1,0,4,2,0,26834,50,0,5,1,1,1,171,207,0
53,1,1,1,1,0,23968,55,1,1,1,1,0,244,286,0
53,1,0,1,2,0,28758,35,1,1,1,1,0,150,208,0
51,1,1,1,1,0,23555,70,0,1,2,3,0,326,437,0
47,0,1,1,1,0,24621,232,0,2,1,1,0,697,677,0
48,1,1,4,1,0,22416,NA,NA,NA,NA,NA,1,0,0,NA
53,1,1,1,1,0,25039,NA,NA,NA,NA,NA,0,0,0,NA
44,1,0,4,2,0,28064,30,0,3,1,2,1,105,176,0
46,0,1,2,1,0,24833,NA,NA,NA,NA,NA,0,0,0,NA
41,1,0,3,2,0,27310,51,0,2,1,1,1,200,221,0
51,1,0,4,2,0,27607,22,1,2,2,2,1,74,113,0
51,1,0,4,2,0,27214,96,0,1,1,3,1,288,366,0
43,1,1,1,1,0,25784,74,0,2,2,2,0,358,361,0
51,0,1,1,1,0,25097,42,1,3,2,2,0,185,246,0
45,1,1,1,1,0,21774,37,0,1,2,2,0,189,279,0
53,1,1,1,1,0,25803,56,1,1,2,2,0,864,764,0
62,1,1,4,1,0,25513,24,1,4,1,1,1,60,143,0
47,1,0,4,2,0,27720,44,0,2,1,1,1,148,184,0
49,1,0,4,2,0,28154,87,0,4,1,1,1,270,324,0
30,1,1,1,1,0,23066,415,0,1,1,2,0,197,279,0
47,1,0,3,3,0,29087,41,1,3,1,1,1,147,170,0
49,1,0,3,2,0,27239,91,0,1,3,3,1,336,378,0
44,1,1,4,1,0,22942,61,0,2,1,NA,1,46,0,0
46,1,1,1,1,0,26123,57,0,1,2,2,0,287,376,0
43,1,1,2,1,0,24480,43,0,2,1,1,0,196,210,0
35,1,1,1,1,0,23995,64,0,1,2,2,0,330,337,0
55,1,1,3,1,0,22294,55,1,2,1,1,1,191,188,0
50,1,1,1,1,0,22145,NA,NA,NA,NA,NA,0,0,0,NA
54,1,1,1,1,0,25529,NA,NA,NA,NA,NA,0,0,0,NA
52,1,1,1,1,0,23425,84,0,1,2,2,0,385,448,0
49,1,1,2,1,0,25072,58,0,1,1,2,0,851,829,0
48,1,1,1,1,0,26054,74,0,1,1,1,0,348,346,0
56,0,1,4,1,0,24733,NA,NA,NA,NA,NA,1,0,0,NA
48,1,0,2,2,0,27826,67,0,1,2,1,0,270,353,0
45,1,0,4,2,0,28849,424,0,5,1,2,1,137,220,0
41,1,1,1,1,0,26029,16,1,1,1,1,0,91,145,0
47,1,1,3,1,0,22015,97,0,3,1,2,1,375,369,0
33,0,0,2,3,0,29151,74,0,1,1,3,0,298,286,0
46,0,1,4,1,0,21870,NA,NA,NA,NA,NA,1,0,0,NA
53,0,1,3,1,0,23468,58,1,2,2,2,1,213,284,0
NA,NA,0,1,2,0,26251,41,1,1,3,3,0,163,219,0
52,1,1,3,1,0,20378,102,0,1,1,1,1,369,438,0
54,1,1,1,1,0,21081,NA,NA,NA,NA,NA,0,0,0,NA
53,1,0,1,2,0,28793,15,1,1,1,NA,0,14,0,0
43,1,0,4,2,0,27728,43,0,4,1,1,1,150,152,0
37,0,1,1,1,0,23859,55,0,1,1,1,0,259,389,0
52,1,1,1,1,0,21872,109,0,1,3,3,0,1300,1079,0
49,1,1,2,1,0,24263,91,0,1,1,1,0,384,441,0
42,1,1,1,1,0,25636,107,0,1,1,1,0,1865,1544,0
44,1,1,4,1,0,21188,74,0,4,1,1,1,271,313,0
46,1,1,2,1,0,23708,68,0,2,2,3,0,325,359,0
49,1,1,3,1,0,23399,50,0,3,2,2,1,208,188,0
48,1,1,3,1,0,21449,50,0,1,1,1,1,200,279,0
55,1,1,1,1,0,20694,48,1,1,3,2,0,215,237,0
52,0,1,3,1,0,21347,114,0,1,1,2,1,669,638,0
47,1,1,4,1,0,20570,59,0,3,3,3,1,449,442,0
41,1,1,4,1,0,22662,42,0,4,1,1,1,161,320,0
53,1,0,3,2,0,27908,84,0,2,1,1,1,272,249,0
39,1,0,4,2,0,27657,49,0,5,1,1,1,173,228,0
63,1,1,1,1,0,22567,76,0,1,1,NA,0,81,0,0
41,0,1,2,1,0,20331,84,0,1,1,2,0,364,328,0
48,1,0,3,3,0,29125,44,0,3,2,2,1,177,212,0
49,1,0,3,2,0,28749,29,1,1,1,1,1,102,103,0
42,1,0,3,2,0,27810,657,0,1,2,2,1,250,247,0
42,1,0,3,2,0,27734,146,0,1,2,1,1,686,661,0
46,1,1,4,1,0,20432,121,0,3,1,2,1,409,402,0
48,1,1,2,1,0,22022,51,0,1,1,2,0,218,211,0
46,1,1,1,1,0,25358,82,0,1,2,2,0,394,394,0
54,1,0,3,2,0,28603,NA,NA,NA,NA,NA,1,0,0,NA
37,1,1,2,1,0,25967,60,0,1,3,3,0,287,329,0
50,1,1,1,1,0,25191,107,0,1,2,2,0,486,498,0
NA,0,1,1,1,0,22172,107,0,1,1,1,0,388,360,0
54,1,1,1,1,0,23879,51,1,2,3,2,0,233,350,0
45,0,1,2,1,0,21137,51,0,1,1,1,0,214,336,0
45,1,1,4,1,0,25194,42,0,4,1,1,1,158,238,0
49,1,0,2,3,0,29604,108,0,1,2,2,0,429,420,0
47,0,1,4,1,0,23386,50,0,3,1,2,1,171,185,0
53,1,0,3,2,0,27351,51,1,1,2,2,1,180,281,0
43,1,1,4,1,0,21959,104,0,4,3,3,1,396,362,0
44,0,1,4,1,0,20067,NA,NA,NA,NA,NA,1,0,0,NA
47,1,1,1,1,0,25044,79,0,2,2,3,0,380,454,0
43,1,0,1,2,0,28123,94,0,2,1,1,0,421,404,0
60,1,1,1,1,0,25950,NA,NA,NA,NA,NA,0,0,0,NA
39,1,0,4,2,0,28911,108,0,4,2,3,1,376,392,0
55,1,1,2,1,0,24147,55,0,1,2,NA,0,45,0,0
53,1,0,1,2,0,27273,NA,NA,NA,NA,NA,0,0,0,NA
52,1,1,1,1,0,25691,76,0,1,1,1,0,328,294,0
50,1,0,1,2,0,28943,83,0,1,2,2,0,348,338,0
44,1,0,3,2,0,28743,42,0,1,2,2,1,169,224,0
51,1,1,3,1,0,22838,158,0,1,1,1,1,750,711,0
52,1,1,1,1,0,23661,41,1,1,1,1,0,193,201,0
38,1,0,1,2,0,26318,43,0,1,1,1,0,200,218,0
54,1,1,4,1,0,21768,NA,NA,NA,NA,NA,1,0,0,NA
48,1,0,4,2,0,26613,20,1,3,1,2,1,67,97,0
50,0,1,3,1,0,21144,52,0,1,1,1,1,192,227,0
55,1,0,4,2,0,27706,45,1,4,1,1,1,125,180,0
56,1,1,2,1,0,23906,82,0,1,3,3,0,312,384,0
42,1,1,3,1,0,21040,40,0,4,3,3,1,187,230,0
50,0,1,3,1,0,24721,NA,NA,NA,NA,NA,1,0,0,NA
57,1,0,2,2,0,28640,44,0,2,1,NA,0,29,0,0
54,0,1,2,1,0,25366,58,1,1,2,2,0,222,288,0
58,1,1,1,1,0,25042,NA,NA,NA,NA,NA,0,0,0,NA
54,0,1,1,1,0,22143,87,0,1,2,3,0,368,372,0
40,1,1,1,1,0,21169,126,0,3,1,1,0,607,604,0
43,0,0,4,2,0,27091,40,0,3,3,3,1,142,211,0
47,1,1,2,1,0,24317,52,0,1,1,1,0,226,284,0
49,1,1,3,1,0,21453,18,1,3,3,3,1,82,117,0
54,1,0,4,2,0,26265,74,0,3,2,2,1,219,254,0
45,1,0,4,2,0,27739,101,0,5,3,3,1,349,373,0
53,0,0,3,2,0,28320,42,1,2,2,3,1,146,179,0
45,1,1,4,1,0,22597,77,0,3,1,2,1,286,293,0
40,1,1,4,1,0,24977,41,0,3,1,1,1,159,154,0
48,1,1,1,1,0,22713,15,1,1,3,3,0,566,550,0
46,1,1,4,1,0,23569,47,0,3,2,2,1,188,199,0
56,1,0,4,2,0,28527,NA,NA,NA,NA,NA,1,0,0,NA
54,1,0,1,2,0,28322,52,1,3,1,1,0,208,221,0
40,0,1,1,1,0,23146,67,0,1,1,2,0,323,447,0
42,1,0,4,2,0,28284,41,0,3,1,1,1,435,447,0
52,1,1,4,1,0,25748,49,1,3,2,3,1,175,254,0
49,1,0,3,3,0,29611,NA,NA,NA,NA,NA,1,0,0,NA
45,1,0,4,2,0,28969,38,0,3,2,3,1,142,235,0
54,1,1,2,1,0,22562,41,0,2,1,NA,0,33,0,0
47,0,0,4,2,0,28051,49,0,5,1,2,1,156,231,0
43,1,1,3,1,0,20512,77,0,1,1,1,1,1552,1358,0
49,1,1,2,1,0,24314,78,0,1,1,NA,0,128,0,0
57,1,0,3,2,0,26452,56,0,1,2,NA,1,54,0,0
34,1,1,4,1,0,25159,45,0,2,1,2,1,184,216,0
47,1,1,2,1,0,20890,154,0,1,1,1,0,509,468,0
29,1,1,3,1,0,24174,140,0,1,3,3,1,470,472,0
47,1,0,1,2,0,27605,43,0,1,2,3,0,194,225,0
43,1,1,2,1,0,23707,44,0,1,1,1,0,199,263,0
47,1,0,4,2,0,27621,111,0,2,1,3,1,638,681,0
59,1,0,4,2,0,26465,80,0,5,1,NA,1,38,0,0
45,1,0,2,2,0,28987,53,0,1,1,3,0,215,263,0
43,1,1,1,1,0,21168,90,0,1,1,1,0,435,488,0
52,1,0,3,2,0,28015,110,0,2,3,3,1,375,384,0
NA,1,1,4,1,0,22300,45,1,1,2,2,1,186,190,0
56,0,1,1,1,0,24819,103,0,1,1,2,0,410,475,0
39,1,1,3,1,0,23927,81,0,2,3,2,1,349,352,0
59,1,1,2,1,0,25682,60,0,2,2,NA,0,44,0,0
NA,0,1,1,1,0,25267,41,1,1,1,NA,0,31,0,0
48,1,1,1,1,0,22673,42,1,2,1,1,0,193,213,0
57,1,1,1,1,0,24368,82,0,1,2,2,0,340,381,0
49,1,1,2,1,0,25394,86,0,1,3,3,0,372,375,0
37,0,0,2,3,0,29443,84,0,1,1,1,0,347,413,0
41,1,0,1,2,0,27388,43,0,1,3,3,0,658,660,0
52,1,1,1,1,0,21836,26,1,1,2,NA,0,162,0,0
49,0,1,2,1,0,22571,107,0,4,1,1,0,434,458,0
47,0,0,3,2,0,27016,67,0,2,3,3,1,241,236,0
46,1,1,1,1,0,23548,43,0,1,1,2,0,216,204,0
42,1,0,1,2,0,26540,29,0,2,3,3,0,145,174,0
48,1,1,3,1,0,20170,72,0,3,1,2,1,278,295,0
50,1,1,3,1,0,20711,73,0,2,2,3,1,639,614,0
61,1,1,1,1,0,25674,NA,NA,NA,NA,NA,0,0,0,NA
NA,NA,1,1,1,0,22535,107,0,1,2,3,0,551,499,0
51,1,1,3,1,0,25698,67,0,2,1,1,1,243,374,0
40,1,1,1,1,0,20272,72,0,1,3,3,0,597,568,0
47,1,1,2,1,0,24533,103,0,1,1,1,0,433,398,0
58,1,0,1,2,0,27516,41,1,2,3,3,0,163,184,0
53,1,1,1,1,0,25892,110,0,2,1,1,0,793,725,0
39,1,1,1,1,0,22134,84,0,1,2,2,0,637,666,0
46,1,1,3,1,0,22932,84,0,1,1,2,1,341,475,0
53,1,0,4,2,0,27790,42,1,2,1,1,1,123,172,0
37,1,0,3,2,0,26689,24,0,1,2,2,1,545,635,0
54,1,1,2,1,0,25947,43,1,3,2,2,0,179,264,0
49,1,1,1,1,0,20468,NA,NA,NA,NA,NA,0,0,0,NA
NA,NA,1,3,1,0,23829,70,0,1,3,3,1,792,703,0
49,0,1,4,1,0,20867,98,0,1,2,3,1,340,331,0
50,1,0,2,3,0,29635,77,0,1,2,2,0,300,404,0
54,0,1,2,1,0,20726,NA,NA,NA,NA,NA,0,0,0,NA
52,1,1,1,1,0,24832,89,0,1,3,3,0,398,449,0
46,1,0,4,2,0,26551,44,0,5,1,2,1,149,198,0
68,1,0,3,2,0,27700,27,1,2,2,NA,1,12,0,0
61,1,1,1,1,0,22363,97,0,1,2,3,0,358,468,0
49,1,1,1,1,0,25755,50,0,1,3,3,0,247,269,0
64,1,0,3,2,0,28827,82,0,1,1,NA,1,69,0,0
51,1,1,4,1,0,22697,64,0,1,3,3,1,223,330,0
56,1,1,3,1,0,22403,75,0,1,2,2,1,432,504,0
33,1,1,2,1,0,25251,41,0,1,3,3,0,218,312,0
44,1,1,3,1,0,21551,162,0,2,2,2,1,543,648,0
47,1,1,4,1,0,22420,86,0,5,3,3,1,312,348,0
40,1,1,1,1,0,23838,42,0,1,2,1,0,225,295,0
53,0,1,3,1,0,24079,91,0,3,2,2,1,327,360,0
49,0,0,1,2,0,27338,108,0,2,3,3,0,448,440,0
43,1,0,1,3,0,29394,95,0,1,3,3,0,931,800,0
52,1,1,1,1,0,20436,124,0,1,3,3,0,741,659,0
52,1,1,4,1,0,25197,NA,NA,NA,NA,NA,1,0,0,NA
42,0,0,2,2,0,28829,103,0,3,3,3,0,421,453,0
54,1,0,3,2,0,27474,49,1,1,2,3,1,544,490,0
33,0,1,1,1,0,24445,53,0,1,2,3,0,265,272,0
45,0,0,3,3,0,29494,150,0,1,2,3,1,736,659,0
47,0,0,4,2,0,26424,104,0,5,2,2,1,342,310,0
46,1,1,2,1,0,20171,55,0,1,2,3,0,250,310,0
47,1,1,4,1,0,24579,44,0,3,1,1,1,153,214,0
54,1,1,3,1,0,25814,NA,NA,NA,NA,NA,1,0,0,NA
46,0,1,3,1,0,23427,34,1,2,3,3,1,143,219,0
NA,NA,1,4,1,0,21298,57,0,4,1,1,1,229,401,0
57,1,1,2,1,0,25129,NA,NA,NA,NA,NA,0,0,0,NA
38,1,1,1,1,0,26080,109,0,1,2,3,0,543,522,0
49,1,1,2,1,0,23426,186,0,1,1,1,0,681,629,0
46,0,0,3,2,0,27927,38,0,2,1,1,1,131,219,0
53,1,1,1,1,0,25603,100,0,1,2,2,0,435,400,0
47,1,0,1,3,0,29197,72,0,1,1,2,0,320,405,0
55,1,0,1,2,0,26423,92,0,2,1,2,0,355,378,0
49,1,1,4,1,0,23470,11,1,1,1,1,1,43,129,0
53,1,1,4,1,0,24946,24,1,1,2,2,1,89,165,0
40,1,1,4,1,0,20539,56,0,2,1,2,1,213,275,0
54,1,0,3,2,0,27830,111,0,3,2,3,1,357,386,0
46,1,0,1,2,0,28232,156,0,3,2,2,0,759,677,0
52,0,1,1,1,0,22217,40,1,1,3,3,0,178,204,0
60,1,0,4,2,0,28965,34,1,4,1,NA,1,17,0,0
57,1,1,2,1,0,22941,NA,NA,NA,NA,NA,0,0,0,NA
43,1,0,4,2,0,27370,51,0,4,1,1,1,176,222,0
50,1,0,2,2,0,26706,86,0,1,2,2,0,334,340,0
44,0,1,2,1,0,23171,NA,NA,NA,NA,NA,0,0,0,NA
50,0,0,4,2,0,27992,88,0,3,1,1,1,262,313,0
50,1,1,4,1,0,20558,54,0,3,2,2,1,203,323,0
46,1,1,1,1,0,24755,70,0,1,3,3,0,969,841,0
62,0,1,4,1,0,24295,68,0,3,1,NA,1,31,0,0
45,1,0,1,3,0,29539,36,0,1,1,2,0,168,206,0
46,1,1,4,1,0,25635,90,0,5,1,2,1,417,402,0
40,1,0,1,2,0,27078,46,0,3,3,3,0,229,367,0
49,0,1,1,1,0,22637,85,0,1,1,2,0,886,799,0
40,1,1,3,1,0,22481,84,0,3,1,1,1,558,595,0
43,0,1,2,1,0,24076,27,1,1,2,2,0,126,222,0
39,1,0,4,2,0,27609,14,0,3,2,2,1,72,122,0
48,1,1,4,1,0,21691,44,1,2,2,2,1,176,236,0
45,0,1,3,1,0,21474,103,0,3,1,1,1,404,434,0
43,0,0,1,3,0,29500,106,0,1,1,1,0,453,474,0
37,1,1,3,1,0,23728,85,0,2,3,3,1,372,322,0
NA,NA,1,3,1,0,23766,39,0,3,3,NA,1,134,0,0
45,1,0,3,3,0,29464,44,0,3,3,3,1,177,192,0
53,0,0,4,2,0,28741,NA,NA,NA,NA,NA,1,0,0,NA
59,1,1,1,1,0,20540,50,1,2,2,1,0,211,231,0
53,1,0,4,2,0,27947,35,1,1,2,2,1,114,186,0
49,0,1,1,1,0,21441,71,0,3,1,1,0,313,330,0
41,1,1,1,1,0,22261,37,0,1,3,3,0,680,690,0
55,1,1,3,1,0,22629,100,0,1,1,1,1,737,638,0
51,1,1,1,1,0,24058,40,1,2,3,3,0,195,232,0
62,0,1,2,1,0,21198,64,0,1,1,NA,0,38,0,0
55,1,1,4,1,0,20405,101,0,4,1,1,1,311,345,0
53,1,1,3,1,0,23657,41,1,2,1,2,1,150,193,0
47,1,1,2,1,0,22151,91,0,1,1,2,0,399,431,0
52,0,1,4,1,0,25419,47,1,4,1,3,1,144,183,0
50,1,1,3,1,0,20447,35,0,2,1,NA,1,28,0,0
49,1,0,4,2,0,26382,41,1,5,1,1,1,135,215,0
49,0,1,3,1,0,24738,124,0,1,3,3,1,561,550,0
42,1,0,3,3,0,28993,46,0,1,3,3,1,186,258,0
47,1,0,3,3,0,29030,47,0,3,2,3,1,187,211,0
47,0,0,4,2,0,27420,74,0,2,3,3,1,602,633,0
50,0,1,1,1,0,21902,53,0,1,3,3,0,237,352,0
43,1,1,1,1,0,21688,79,0,1,1,1,0,1672,1435,0
NA,NA,1,1,1,0,20506,82,0,1,3,3,0,565,512,0
39,1,0,4,2,0,27808,81,0,5,1,2,1,286,287,0
46,1,1,1,1,0,25326,80,0,1,3,3,0,591,608,0
44,1,1,1,1,0,23280,48,0,1,3,3,0,246,387,0
50,1,1,1,1,0,20618,22,1,2,1,1,0,119,247,0
47,1,1,2,1,0,20949,27,1,1,2,3,0,140,203,0
39,1,1,4,1,0,23433,81,0,4,1,1,1,314,413,0
63,1,0,3,2,0,27282,96,0,1,3,3,1,239,325,0
27,1,0,4,2,0,26683,100,0,5,1,3,1,332,412,0
56,1,1,2,1,0,25425,62,0,1,1,NA,0,46,0,0
48,0,0,1,3,0,29050,45,0,1,1,NA,0,38,0,0
46,1,0,3,2,0,28425,71,0,1,1,2,1,256,341,0
43,1,0,3,3,0,29249,43,0,1,1,1,1,167,251,0
41,0,0,3,3,0,29722,102,0,1,3,3,1,378,352,0
52,1,1,3,1,0,22199,46,0,3,1,NA,1,35,0,0
48,1,1,4,1,0,25788,91,0,5,1,1,1,327,337,0
50,1,1,1,1,0,24704,NA,NA,NA,NA,NA,0,0,0,NA
NA,1,1,3,1,0,20411,99,0,1,2,3,1,391,458,0
45,1,1,1,1,0,23155,108,0,1,1,2,0,502,528,0
NA,1,1,1,1,0,22863,103,0,4,2,2,0,404,432,0
46,1,0,2,2,0,26794,63,0,1,1,2,0,262,269,0
57,1,0,4,2,0,27768,NA,NA,NA,NA,NA,1,0,0,NA
56,1,1,2,1,0,22452,21,1,1,1,1,0,86,165,0
54,1,0,3,2,0,28564,26,1,5,2,NA,1,59,0,0
52,1,0,3,2,0,26260,101,0,1,1,3,1,338,401,0
57,1,0,3,3,0,29503,45,1,3,2,2,1,143,222,0
36,0,1,1,1,0,22282,87,0,1,2,2,0,955,833,0
43,1,1,3,1,0,22998,66,0,4,1,2,1,274,323,0
41,0,1,1,1,0,20942,36,0,1,3,3,0,182,258,0
41,1,1,3,1,0,25033,104,0,4,3,3,1,578,601,0
55,1,0,4,2,0,26620,56,1,3,3,3,1,171,225,0
54,0,1,2,1,0,22555,60,1,1,1,1,0,794,655,0
49,1,1,2,1,0,24932,111,0,1,2,3,0,670,598,0
44,1,1,2,1,0,24201,108,0,1,3,3,0,856,811,0
58,1,1,2,1,0,22160,NA,NA,NA,NA,NA,0,0,0,NA
50,1,1,3,1,0,23520,104,0,3,1,1,1,387,427,0
50,1,0,3,2,0,26426,NA,NA,NA,NA,NA,1,0,0,NA
50,1,0,3,2,0,28562,NA,NA,NA,NA,NA,1,0,0,NA
49,1,1,4,1,0,23394,166,0,2,2,3,1,456,463,0
38,1,1,1,1,0,24981,72,0,1,3,3,0,360,360,0
53,1,0,2,2,0,26436,60,1,1,1,2,0,219,298,0
57,1,1,4,1,0,20346,109,0,3,2,3,1,413,432,0
45,0,1,2,1,0,23019,81,0,1,3,3,0,358,414,0
43,1,0,4,2,0,26710,46,0,5,1,1,1,161,224,0
41,1,1,3,1,0,24335,40,0,3,1,1,1,179,200,0
39,1,1,3,1,0,22258,47,0,4,1,1,1,192,252,0
60,1,1,2,1,0,20839,38,1,1,1,NA,0,27,0,0
52,1,1,1,1,0,23687,96,0,1,2,3,0,445,424,0
NA,1,1,2,1,0,24709,30,1,1,1,2,0,116,224,0
55,1,1,1,1,0,25804,412,0,1,1,1,0,167,229,0
55,1,0,3,2,0,28454,64,0,2,3,NA,1,43,0,0
52,0,0,3,2,0,26916,81,0,2,3,3,1,262,257,0
42,1,0,3,3,0,29459,61,0,3,3,3,1,247,308,0
58,1,1,4,1,0,23478,97,0,4,1,NA,1,50,0,0
46,1,1,3,1,0,22227,89,0,1,2,3,1,368,344,0
47,1,0,3,2,0,27498,142,0,1,1,1,1,523,456,0
48,1,1,4,1,0,22538,NA,NA,NA,NA,NA,1,0,0,NA
53,0,0,3,2,0,27344,85,0,4,2,2,1,474,490,0
53,1,0,1,3,0,29532,41,1,1,1,1,0,168,226,0
44,1,1,1,1,0,25241,431,0,1,2,2,0,210,301,0
39,1,1,3,1,0,22136,53,0,3,2,2,1,817,769,0
51,1,1,1,1,0,21424,86,0,3,1,NA,0,159,0,0
47,1,1,3,1,0,24686,68,0,2,3,3,1,278,335,0
45,1,0,3,2,0,26928,84,0,1,3,3,1,329,294,0
50,1,1,1,1,0,23092,84,0,1,1,1,0,608,573,0
53,1,1,3,1,0,24544,30,1,1,1,1,1,112,140,0
44,1,1,4,1,0,22517,80,0,1,3,3,1,437,403,0
49,0,1,2,1,0,22305,NA,NA,NA,NA,NA,0,0,0,NA
48,1,1,1,1,0,21365,75,0,1,1,2,0,915,844,0
50,1,1,3,1,0,22445,NA,NA,NA,NA,NA,1,0,0,NA
52,1,1,1,1,0,25679,103,0,3,1,1,0,452,480,0
41,1,1,2,1,0,23889,25,0,1,1,1,0,127,241,0
41,1,0,4,2,0,26762,70,0,4,1,1,1,241,272,0
44,1,0,4,2,0,27314,47,0,3,1,1,1,158,214,0
45,1,1,2,1,0,23918,111,0,2,1,1,0,477,549,0
60,1,1,1,1,0,20505,43,1,1,3,3,0,176,177,0
NA,NA,1,1,1,0,21758,89,0,1,3,3,0,344,418,0
38,1,1,2,1,0,21204,415,0,2,2,2,0,194,234,0
49,1,1,4,1,0,23437,58,0,3,3,3,1,209,265,0
53,1,1,2,1,0,23127,46,0,1,1,NA,0,37,0,0
44,0,1,3,1,0,23040,81,0,2,3,3,1,327,325,0
50,1,1,1,1,0,20020,53,0,1,1,NA,0,158,0,0
58,0,1,1,1,0,21266,121,0,1,2,3,0,461,458,0
51,1,0,4,2,0,27254,22,1,3,1,2,1,76,182,0
47,1,1,4,1,0,25985,41,0,5,1,1,1,149,226,0
45,1,1,2,1,0,21629,21,1,2,1,2,0,106,153,0
52,1,1,1,1,0,25835,42,1,2,1,1,0,193,192,0
46,1,1,4,1,0,21136,47,0,3,1,1,1,174,316,0
53,1,1,3,1,0,20105,104,0,1,1,1,1,371,527,0
54,1,1,3,1,0,20723,47,1,3,1,1,1,171,261,0
50,0,1,2,1,0,21868,413,0,2,1,2,0,157,241,0
42,1,1,4,1,0,21113,97,0,4,1,2,1,417,504,0
44,1,1,4,1,0,23602,88,0,2,2,3,1,337,368,0
54,0,1,4,1,0,21537,NA,NA,NA,NA,NA,1,0,0,NA
49,1,1,3,1,0,24753,104,0,3,2,2,1,416,407,0
45,1,0,1,3,0,29506,41,0,1,3,3,0,727,612,0
54,0,1,3,1,0,23236,9,1,1,1,3,1,27,84,0
44,1,1,3,1,0,24596,559,0,1,3,3,1,231,317,0
54,1,0,2,3,0,29707,NA,NA,NA,NA,NA,0,0,0,NA
55,1,1,4,1,0,25505,37,0,2,1,NA,1,25,0,0
53,1,1,1,1,0,21951,69,0,1,2,3,0,304,281,0
53,1,0,3,2,0,26252,32,1,1,2,2,1,117,216,0
63,1,0,3,2,0,27182,67,0,1,1,NA,1,54,0,0
52,1,0,4,2,0,26865,74,0,1,3,3,1,342,454,0
44,1,1,2,1,0,24592,86,0,1,3,3,0,391,369,0
44,1,1,2,1,0,25365,45,0,1,1,1,0,209,331,0
48,1,1,2,1,0,24244,24,1,1,1,1,0,111,161,0
49,1,1,4,1,0,20469,49,0,5,1,2,1,179,301,0
50,1,0,3,2,0,27127,111,0,1,1,3,1,592,587,0
51,1,0,4,2,0,26728,72,0,5,1,1,1,357,364,0
55,1,1,4,1,0,20656,105,0,5,1,1,1,616,644,0
47,1,0,3,2,0,27043,94,0,1,2,2,1,341,560,0
48,0,1,3,1,0,22960,40,1,3,1,1,1,149,189,0
54,1,0,1,2,0,27459,41,1,1,3,3,0,177,335,0
48,1,1,1,1,0,23177,50,0,1,1,1,0,233,265,0
55,0,1,4,1,0,23652,172,0,5,1,1,1,947,864,0
NA,1,1,3,1,0,24257,52,0,3,1,1,1,196,219,0
NA,1,1,1,1,0,21729,173,0,1,3,3,0,1364,1159,0
63,0,1,2,1,0,24088,31,1,2,1,NA,0,17,0,0
50,1,1,4,1,0,22044,24,1,5,1,2,1,1073,1024,0
46,1,0,3,2,0,27469,100,0,3,1,1,1,367,432,0
52,0,1,3,1,0,24999,NA,NA,NA,NA,NA,1,0,0,NA
54,1,1,3,1,0,23536,85,0,3,1,1,1,301,337,0
44,0,1,4,1,0,20431,125,0,5,1,1,1,740,726,0
44,1,1,2,1,0,23454,26,1,1,1,1,0,136,213,0
63,1,0,3,3,0,29800,NA,NA,NA,NA,NA,1,0,0,NA
41,1,1,4,1,0,20014,38,0,2,1,2,1,154,199,0
53,1,0,2,2,0,28367,42,1,1,2,2,0,170,212,0
55,1,1,1,1,0,25431,305,0,1,1,NA,0,25,0,0
52,0,1,2,1,0,21496,66,0,1,1,2,0,638,529,0
44,0,1,4,1,0,22121,32,0,1,2,2,1,125,175,0
49,1,1,4,1,0,24792,54,0,1,2,2,1,200,287,0
57,1,1,4,1,0,20697,56,1,3,2,1,1,171,311,0
49,1,0,2,2,0,27240,96,0,2,2,3,0,381,400,0
44,1,1,1,1,0,25862,85,0,3,2,3,0,417,438,0
49,0,1,3,1,0,23225,52,0,2,2,2,1,203,260,0
38,1,0,4,2,0,27615,56,0,4,1,1,1,199,263,0
47,1,1,3,1,0,22139,42,0,2,1,NA,1,33,0,0
39,1,1,3,1,0,22285,44,0,3,2,3,1,200,273,0
48,1,0,4,2,0,26289,80,0,4,1,2,1,255,307,0
52,1,1,1,1,0,22968,40,1,1,2,3,0,191,302,0
49,0,0,4,2,0,28214,22,1,5,1,1,1,61,132,0
46,0,1,3,1,0,22676,85,0,4,1,3,1,611,585,0
58,0,0,2,2,0,27006,NA,NA,NA,NA,NA,0,0,0,NA
41,1,0,4,2,0,26936,33,0,3,1,1,1,115,314,0
46,1,0,4,2,0,28964,49,0,5,1,1,1,164,262,0
46,1,0,1,3,0,29085,80,0,1,1,1,0,344,384,0
53,1,0,3,2,0,28357,NA,NA,NA,NA,NA,1,0,0,NA
35,1,1,4,1,0,20460,43,0,3,1,1,1,167,252,0
NA,1,0,4,2,0,27487,NA,NA,NA,NA,NA,1,0,0,NA
50,1,0,4,2,0,27849,90,0,5,3,3,1,285,340,0
59,1,1,4,1,0,20066,32,1,3,1,1,1,92,158,0
60,0,0,2,3,0,29191,101,0,1,1,1,0,298,293,0
54,1,1,1,1,0,22899,35,1,2,1,1,0,163,238,0
57,1,0,4,2,0,26352,21,1,3,1,2,1,56,64,0
51,1,1,1,1,0,25112,44,1,1,2,1,0,894,875,0
50,1,0,3,2,0,27857,39,1,1,2,3,1,150,273,0
45,1,0,2,3,0,29418,51,0,1,1,1,0,212,226,0
56,1,0,4,2,0,27641,77,0,3,1,NA,1,41,0,0
39,0,1,3,1,0,25625,67,0,2,3,3,1,282,280,0
45,0,0,3,2,0,28903,107,0,3,1,2,1,930,891,0
49,1,1,1,1,0,21947,189,0,1,2,2,0,928,811,0
51,1,0,1,2,0,28806,93,0,1,1,1,0,390,391,0
61,1,1,3,1,0,20132,41,1,4,1,2,1,118,202,0
54,0,1,1,1,0,24210,127,0,3,1,2,0,840,704,0
50,1,1,1,1,0,25524,NA,NA,NA,NA,NA,0,0,0,NA
47,1,0,1,3,0,29502,211,0,1,1,3,0,493,486,0
56,1,0,4,2,0,28152,47,1,4,1,1,1,125,186,0
48,1,1,2,1,0,21844,112,0,2,1,2,0,482,476,0
45,0,1,4,1,0,20621,53,0,4,3,3,1,200,203,0
30,0,1,3,1,0,23719,84,0,2,1,2,1,335,370,0
46,1,1,4,1,0,25969,107,0,2,1,1,1,394,388,0
46,1,0,2,2,0,28500,109,0,2,2,3,0,448,446,0
60,1,1,2,1,0,21800,122,0,1,2,2,0,632,614,0
38,0,1,1,1,0,22804,89,0,1,2,2,0,430,431,0
44,1,0,4,2,0,27353,46,0,5,3,2,1,572,600,0
51,0,1,4,1,0,20269,36,1,3,1,1,1,115,170,0
47,1,1,1,1,0,21216,140,0,1,3,3,0,668,654,0
46,1,0,3,2,0,27217,44,0,2,1,1,1,165,210,0
64,1,1,1,1,0,20990,487,0,1,2,3,0,167,179,0
46,1,0,4,2,0,28231,62,0,4,1,1,1,205,309,0
NA,1,1,4,1,0,25582,NA,NA,NA,NA,NA,1,0,0,NA
54,1,0,2,2,0,27441,45,1,1,1,2,0,164,215,0
51,1,0,3,2,0,28059,65,0,1,1,NA,1,43,0,0
44,1,0,3,3,0,29148,46,0,3,2,2,1,183,253,0
43,1,0,3,2,0,28601,29,0,1,2,3,1,125,179,0
43,1,1,3,1,0,22776,70,0,2,2,2,1,300,369,0
37,1,1,4,1,0,21324,106,0,3,2,2,1,411,456,0
53,1,0,1,2,0,27220,43,1,1,1,2,0,185,200,0
50,1,0,4,2,0,28239,55,0,4,1,3,1,166,236,0
44,1,1,3,1,0,20900,41,0,1,1,1,1,182,259,0
53,1,1,1,1,0,21891,39,1,2,1,1,0,187,245,0
56,0,1,2,1,0,25411,52,1,2,2,2,0,419,377,0
45,1,1,1,1,0,22430,63,0,1,3,3,0,655,616,0
44,1,1,1,1,0,24615,81,0,1,3,3,0,401,518,0
56,1,1,1,1,0,22808,NA,NA,NA,NA,NA,0,0,0,NA
51,1,1,3,1,0,25512,88,0,2,3,3,1,340,338,0
49,1,1,1,1,0,20640,98,0,1,1,1,0,446,419,0
57,1,0,3,2,0,28772,NA,NA,NA,NA,NA,1,0,0,NA
52,1,1,3,1,0,23692,81,0,3,1,1,1,290,361,0
66,1,0,3,2,0,27060,30,1,2,1,NA,1,13,0,0
45,1,0,4,2,0,26599,43,0,4,1,2,1,146,156,0
54,1,1,4,1,0,26012,NA,NA,NA,NA,NA,1,0,0,NA
42,1,0,4,2,0,28094,52,0,1,1,1,1,178,210,0
44,0,0,2,2,0,28511,84,0,1,2,3,0,344,447,0
52,1,0,4,2,0,27911,70,0,4,1,1,1,206,228,0
46,1,1,4,1,0,22402,46,0,3,2,2,1,176,261,0
NA,1,0,4,2,0,27654,23,1,5,1,2,1,90,164,0
44,1,1,4,1,0,25268,78,0,5,2,3,1,305,332,0
46,1,1,1,1,0,21027,45,0,2,2,2,0,221,232,0
50,1,0,1,3,0,29455,24,1,1,3,3,0,120,205,0
53,0,0,3,3,0,29734,39,0,3,1,NA,1,25,0,0
52,0,1,4,1,0,25959,93,0,4,3,3,1,819,723,0
55,1,1,4,1,0,20371,102,0,5,2,2,1,322,408,0
50,0,1,2,1,0,25386,30,0,1,1,NA,0,24,0,0
47,1,1,2,1,0,20312,54,0,1,1,1,0,816,746,0
48,1,1,4,1,0,25175,111,0,3,1,2,1,387,389,0
44,0,0,4,2,0,27972,55,0,1,2,3,1,485,590,0
35,1,0,3,3,0,29180,150,0,1,2,2,1,1044,916,0
39,1,1,4,1,0,24078,45,0,1,1,1,1,180,231,0
35,1,1,2,1,0,25208,78,0,1,1,1,0,378,360,0
49,1,1,4,1,0,20277,NA,NA,NA,NA,NA,1,0,0,NA
47,0,1,3,1,0,22586,537,0,1,2,2,1,206,232,0
35,1,1,3,1,0,23445,47,0,4,1,3,1,201,283,0
57,1,1,3,1,0,25413,34,1,3,1,2,1,121,148,0
51,1,0,3,2,0,27508,55,0,1,1,2,1,669,692,0
46,1,1,3,1,0,24031,50,0,3,2,2,1,208,246,0
49,0,0,4,2,0,27828,NA,NA,NA,NA,NA,1,0,0,NA
51,1,1,4,1,0,24361,54,0,1,2,3,1,203,203,0
37,1,1,2,1,0,21586,96,0,1,3,3,0,446,477,0
45,1,0,4,2,0,27624,45,0,5,1,1,1,155,203,0
54,0,0,4,2,0,26978,45,1,4,1,2,1,115,137,0
47,1,0,4,2,0,28075,122,0,4,1,1,1,371,422,0
57,0,1,3,1,0,22328,82,0,2,2,2,1,711,624,0
58,1,0,3,2,0,26380,82,0,1,3,3,1,244,247,0
50,1,1,3,1,0,24139,106,0,1,2,3,1,408,409,0
47,1,1,3,1,0,23637,NA,NA,NA,NA,NA,1,0,0,NA
44,1,1,2,1,0,21165,45,0,3,1,1,0,206,187,0
44,1,1,3,1,0,23287,56,0,1,2,2,1,243,245,0
53,1,1,1,1,0,25148,72,0,2,2,3,0,519,634,0
50,0,1,3,1,0,20045,69,0,3,1,1,1,253,328,0
59,1,1,4,1,0,24525,100,0,2,3,3,1,284,301,0
55,1,0,4,2,0,28929,41,1,4,2,2,1,121,223,0
41,1,0,2,3,0,29075,36,0,1,1,NA,0,31,0,0
34,0,1,4,1,0,25662,95,0,1,2,3,1,363,382,0
39,1,1,1,1,0,20403,40,0,2,3,2,0,210,241,0
48,1,1,1,1,0,23576,97,0,1,2,3,0,462,457,0
49,1,1,4,1,0,21934,41,1,3,1,2,1,156,220,0
44,1,1,1,1,0,21662,40,0,2,1,2,0,197,215,0
48,1,0,3,3,0,29150,106,0,3,1,1,1,404,412,0
34,1,0,3,3,0,29391,106,0,1,3,3,1,414,509,0
55,1,1,3,1,0,21141,53,1,3,1,2,1,188,235,0
48,1,1,2,1,0,21712,54,0,1,3,3,0,257,281,0
53,1,0,3,2,0,27309,105,0,1,2,2,1,549,582,0
54,1,0,4,2,0,28759,40,0,5,1,NA,1,49,0,0
62,1,1,3,1,0,21711,36,1,3,1,NA,1,21,0,0
35,1,1,1,1,0,22882,94,0,1,3,3,0,469,564,0
41,1,0,3,2,0,26444,60,0,1,2,2,1,247,251,0
49,1,0,3,2,0,28035,37,1,1,1,2,1,135,208,0
41,0,1,1,1,0,21079,108,0,1,1,1,0,587,573,0
40,1,1,1,1,0,25605,53,0,2,2,2,0,268,268,0
44,0,1,1,1,0,25951,103,0,1,2,3,0,488,511,0
51,0,1,1,1,0,21033,106,0,1,2,2,0,469,422,0
49,1,0,3,2,0,26664,180,0,1,2,2,1,741,704,0
55,1,1,1,1,0,24928,51,1,1,2,3,0,490,561,0
44,1,1,3,1,0,22545,76,0,1,3,2,1,716,611,0
49,1,1,3,1,0,23831,188,0,4,1,1,1,772,717,0
48,1,1,2,1,0,25546,75,0,2,2,NA,0,82,0,0
48,1,1,4,1,0,25896,61,0,4,1,1,1,214,240,0
43,1,1,3,1,0,21238,45,0,2,1,1,1,186,223,0
49,1,0,1,3,0,29271,66,0,1,3,3,0,1256,1112,0
56,1,0,4,2,0,26396,NA,NA,NA,NA,NA,1,0,0,NA
48,0,0,3,3,0,29385,NA,NA,NA,NA,NA,1,0,0,NA
58,0,1,2,1,0,25172,NA,NA,NA,NA,NA,0,0,0,NA
47,0,0,4,2,0,28183,66,0,1,2,2,1,455,501,0
48,1,0,4,2,0,26950,54,0,5,1,1,1,175,186,0
58,1,1,1,1,0,22908,47,1,1,1,1,0,192,194,0
43,1,1,1,1,0,22114,97,0,1,2,1,0,467,512,0
35,1,0,3,3,0,29485,45,0,1,3,3,1,185,216,0
51,1,1,4,1,0,20450,93,0,4,2,3,1,319,351,0
44,1,0,1,3,0,29195,86,0,1,3,3,0,384,395,0
41,1,1,3,1,0,20459,NA,NA,NA,NA,NA,1,0,0,NA
49,1,1,1,1,0,25108,82,0,1,3,3,0,378,402,0
45,1,1,1,1,0,22931,48,0,1,3,3,0,262,346,0
47,1,1,2,1,0,21905,82,0,1,2,3,0,359,352,0
51,1,0,4,2,0,27255,110,0,5,1,1,1,330,457,0
47,1,1,2,1,0,20377,119,0,1,2,3,0,921,887,0
50,1,1,2,1,0,22897,68,0,1,3,3,0,291,329,0
45,1,1,4,1,0,23549,29,1,3,2,2,1,126,158,0
59,1,0,4,2,0,26584,NA,NA,NA,NA,NA,1,0,0,NA
49,1,1,2,1,0,23058,84,0,1,1,1,0,353,451,0
45,0,0,3,3,0,29347,43,0,3,2,3,1,155,219,0
51,1,1,3,1,0,25300,16,1,4,1,NA,1,13,0,0
39,0,1,3,1,0,24494,31,0,1,1,1,1,123,190,0
54,1,1,1,1,0,20598,80,0,1,3,3,0,621,620,0
46,1,0,3,2,0,28299,110,0,4,1,1,1,396,431,0
NA,1,0,2,2,0,26578,110,0,2,1,2,0,419,443,0
52,1,0,2,2,0,28435,41,1,1,2,2,0,172,294,0
40,1,0,2,2,0,26988,127,0,1,3,3,0,685,665,0
61,1,1,2,1,0,23553,88,0,1,1,2,0,458,514,0
42,1,1,3,1,0,21366,28,0,2,3,3,1,139,196,0
54,1,1,4,1,0,21524,43,1,2,2,1,1,152,178,0
36,1,0,3,2,0,26806,63,0,1,1,1,1,756,747,0
51,1,0,4,2,0,28001,45,1,4,1,1,1,134,232,0
56,1,0,3,3,0,29484,81,0,3,1,1,1,618,530,0
45,1,0,4,2,0,27376,42,0,5,2,3,1,153,227,0
36,0,1,3,1,0,21326,107,0,1,2,1,1,435,413,0
46,0,1,1,1,0,23131,57,0,1,1,3,0,647,570,0
50,1,1,4,1,0,22034,20,1,4,3,3,1,84,169,0
47,1,0,3,2,0,27067,50,0,1,2,3,1,493,499,0
46,1,0,4,2,0,28013,64,0,5,1,1,1,211,228,0
49,1,0,4,2,0,27260,62,0,5,1,1,1,196,337,0
61,1,0,3,3,0,29315,113,0,3,2,NA,1,79,0,0
47,1,0,3,2,0,27435,41,0,1,3,3,1,163,169,0
55,1,1,4,1,0,22200,NA,NA,NA,NA,NA,1,0,0,NA
51,1,1,4,1,0,24130,36,0,4,1,NA,1,25,0,0
41,0,1,3,1,0,20824,29,0,4,1,1,1,116,165,0
48,1,0,3,3,0,28999,102,0,1,3,3,1,440,407,0
56,1,0,3,3,0,29541,102,0,3,1,1,1,345,345,0
54,1,0,3,2,0,28337,17,1,1,3,3,1,78,262,0
51,0,1,2,1,0,22174,80,0,1,2,NA,0,66,0,0
44,1,1,1,1,0,21780,82,0,1,2,2,0,402,515,0
50,1,1,3,1,0,21864,162,0,2,2,3,1,496,449,0
54,0,1,3,1,0,21494,61,1,1,3,3,1,221,240,0
44,1,1,2,1,0,23820,70,0,1,3,3,0,314,310,0
53,1,1,4,1,0,24736,NA,NA,NA,NA,NA,1,0,0,NA
44,1,0,3,3,0,29189,49,0,1,1,NA,1,36,0,0
41,1,1,1,1,0,23435,88,0,1,1,2,0,426,377,0
39,1,1,1,1,0,23711,21,0,1,3,3,0,124,282,0
49,1,1,2,1,0,20777,66,0,3,1,1,0,283,355,0
46,1,1,1,1,0,22276,80,0,2,1,1,0,373,428,0
39,1,0,4,2,0,27787,48,0,4,3,3,1,181,209,0
40,1,1,4,1,0,23942,NA,NA,NA,NA,NA,1,0,0,NA
47,1,1,1,1,0,21598,82,0,1,2,2,0,397,517,0
53,1,1,1,1,0,21180,46,1,2,3,3,0,211,242,0
58,1,0,3,2,0,28604,NA,NA,NA,NA,NA,1,0,0,NA
51,1,1,4,1,0,24325,94,0,1,1,1,1,315,325,0
NA,NA,0,3,2,0,28219,41,0,1,3,3,1,660,656,0
45,1,1,2,1,0,23172,101,0,1,3,3,0,457,463,0
40,1,1,1,1,0,22959,159,0,1,2,2,0,797,724,0
45,1,1,4,1,0,20302,43,0,1,1,1,1,169,189,0
38,1,0,1,2,0,28813,22,0,1,1,1,0,107,231,0
54,1,1,3,1,0,25536,61,0,3,1,NA,1,43,0,0
41,1,0,3,3,0,29179,146,0,3,2,2,1,797,759,0
49,1,0,1,2,0,27554,62,0,1,1,1,0,263,317,0
45,1,1,2,1,0,20109,NA,NA,NA,NA,NA,0,0,0,NA
55,1,1,1,1,0,23886,NA,NA,NA,NA,NA,0,0,0,NA
44,1,0,4,2,0,27280,101,0,5,2,2,1,345,393,0
57,1,1,3,1,0,25900,53,1,5,1,2,1,176,174,0
NA,1,1,2,1,0,23775,103,0,1,3,3,0,900,844,0
58,1,1,1,1,0,25485,73,1,1,2,2,0,301,320,0
46,0,0,4,2,0,27983,NA,NA,NA,NA,NA,1,0,0,NA
53,1,0,3,3,0,29242,45,1,1,3,3,1,157,245,0
43,1,1,3,1,0,26119,28,0,3,2,3,1,128,168,0
46,1,1,3,1,0,24797,NA,NA,NA,NA,NA,1,0,0,NA
43,1,0,2,3,0,29626,409,0,1,1,2,0,164,235,0
56,1,0,3,2,0,27742,178,0,3,2,NA,1,96,0,0
52,1,0,4,2,0,27555,NA,NA,NA,NA,NA,1,0,0,NA
52,1,0,4,2,0,27805,108,0,5,2,2,1,327,413,0
57,1,1,2,1,0,20833,112,0,1,1,NA,0,87,0,0
39,1,1,4,1,0,24680,110,0,5,3,3,1,468,506,0
53,1,1,2,1,0,21094,128,0,1,1,3,0,831,760,0
48,1,1,4,1,0,26149,NA,NA,NA,NA,NA,1,0,0,NA
58,1,1,4,1,0,24331,78,0,5,3,3,1,369,382,0
52,1,0,4,2,0,28169,103,0,4,3,3,1,316,383,0
50,1,1,1,1,0,20628,62,0,1,1,NA,0,150,0,0
48,1,1,1,1,0,25414,48,0,3,3,3,0,238,358,0
54,1,1,2,1,0,20889,84,0,1,1,1,0,321,409,0
48,1,1,4,1,0,22350,81,0,4,2,2,1,295,340,0
52,1,1,4,1,0,24221,54,1,3,1,1,1,444,407,0
42,1,1,2,1,0,20095,141,0,1,3,3,0,682,775,0
49,0,1,1,1,0,24000,109,0,1,3,3,0,499,502,0
54,1,0,3,2,0,26705,139,0,1,1,1,1,440,437,0
43,0,0,4,2,0,28072,48,0,4,1,1,1,153,177,0
49,1,1,1,1,0,23063,NA,NA,NA,NA,NA,0,0,0,NA
43,1,0,3,3,0,29736,51,0,1,1,1,1,192,254,0
49,1,1,3,1,0,22657,91,0,3,2,2,1,749,696,0
45,1,1,3,1,0,24416,28,1,1,3,3,1,131,192,0
53,1,0,3,2,0,27029,105,0,1,2,2,1,659,599,0
52,1,1,4,1,0,24852,NA,NA,NA,NA,NA,1,0,0,NA
34,0,1,4,1,0,21776,79,0,3,1,1,1,296,346,0
47,1,0,1,2,0,28986,76,0,2,3,3,0,340,372,0
47,1,0,2,2,0,26288,41,0,3,2,3,0,170,278,0
46,1,0,2,3,0,29657,108,0,1,1,1,0,427,548,0
48,1,1,1,1,0,21409,30,1,1,1,1,0,583,536,0
58,1,1,4,1,0,23211,55,1,4,1,1,1,158,209,0
38,1,0,1,2,0,27179,52,0,1,1,1,0,245,285,0
NA,0,1,3,1,0,20004,85,0,1,2,2,1,326,283,0
54,0,1,4,1,0,20972,43,1,4,3,3,1,138,180,0
45,1,1,3,1,0,25443,112,0,3,1,1,1,442,440,0
50,1,1,1,1,0,25059,48,1,1,3,3,0,232,298,0
41,1,1,2,1,0,24268,48,0,3,3,3,0,782,746,0
45,1,1,3,1,0,24894,94,0,1,1,1,1,378,338,0
50,0,0,3,2,0,28119,87,0,1,3,3,1,677,624,0
31,1,0,4,2,0,26729,82,0,5,2,2,1,299,360,0
35,1,0,1,2,0,26825,22,0,2,1,1,0,103,132,0
43,1,0,3,2,0,26777,23,1,2,2,3,1,98,155,0
53,1,1,1,1,0,23957,97,0,1,2,2,0,492,476,0
49,1,1,3,1,0,21690,90,0,1,3,3,1,351,405,0
57,1,1,3,1,0,24527,672,0,1,1,2,1,215,224,0
49,1,0,3,2,0,26840,40,1,2,1,1,1,151,193,0
47,0,1,4,1,0,24075,56,0,4,2,2,1,197,236,0
50,1,0,2,2,0,27002,77,0,1,3,3,0,312,340,0
30,0,1,1,1,0,24937,183,0,1,2,2,0,767,788,0
54,1,0,2,2,0,28168,81,0,1,3,3,0,1154,989,0
37,1,1,1,1,0,23673,30,0,1,1,NA,0,30,0,0
65,1,1,1,1,0,20264,96,1,1,2,3,0,314,400,0
53,1,1,2,1,0,24216,72,0,1,3,3,0,290,374,0
47,1,1,3,1,0,22089,65,0,4,1,1,1,255,302,0
54,1,1,3,1,0,22962,43,1,3,1,3,1,150,267,0
41,1,1,1,1,0,21972,94,0,1,2,2,0,468,426,0
60,1,1,4,1,0,23240,80,1,3,2,2,1,229,316,0
34,0,1,2,1,0,22059,72,0,1,3,3,0,327,309,0
63,1,1,1,1,0,20070,NA,NA,NA,NA,NA,0,0,0,NA
59,1,1,1,1,0,21607,54,1,1,3,3,0,218,249,0
57,0,1,4,1,0,21890,104,0,4,3,3,1,375,421,0
41,1,1,4,1,0,21948,50,0,2,1,1,1,188,166,0
51,1,0,2,3,0,29293,91,0,1,2,2,0,358,368,0
52,1,1,1,1,0,25449,85,0,1,3,3,0,378,373,0
54,1,0,3,3,0,29786,NA,NA,NA,NA,NA,1,0,0,NA
39,1,1,4,1,0,22946,81,0,1,2,3,1,317,337,0
50,1,0,3,3,0,29120,54,0,3,2,2,1,203,237,0
51,1,0,1,2,0,27486,39,1,1,3,3,0,169,190,0
40,0,1,1,1,0,21852,59,0,1,2,3,0,287,397,0
53,1,0,3,3,0,29610,NA,NA,NA,NA,NA,1,0,0,NA
47,1,1,1,1,0,20250,43,0,2,1,1,0,196,223,0
59,0,1,1,1,0,20856,62,0,1,1,NA,0,46,0,0
60,1,0,3,2,0,26823,76,0,1,2,NA,1,66,0,0
55,0,0,1,2,0,26933,28,1,1,2,3,0,111,188,0
48,0,1,3,1,0,25913,48,0,2,1,1,1,187,273,0
42,1,1,1,1,0,24055,54,0,1,1,2,0,1015,883,0
59,1,1,3,1,0,22125,78,0,2,2,NA,1,49,0,0
51,0,0,3,2,0,27427,102,0,3,1,1,1,336,378,0
62,1,0,3,2,0,27460,66,0,1,1,NA,1,32,0,0
46,1,1,4,1,0,24018,91,0,3,1,3,1,322,296,0
53,1,1,4,1,0,20326,NA,NA,NA,NA,NA,1,0,0,NA
43,0,0,3,2,0,27197,71,0,2,3,2,1,266,245,0
59,1,1,1,1,0,20603,NA,NA,NA,NA,NA,0,0,0,NA
51,1,0,4,2,0,28461,122,0,4,1,2,1,380,458,0
54,1,0,3,2,0,27157,45,1,1,2,2,1,153,279,0
53,1,1,4,1,0,24991,NA,NA,NA,NA,NA,1,0,0,NA
43,0,1,4,1,0,20198,92,0,1,1,1,1,342,378,0
39,1,0,3,2,0,27241,60,0,2,1,1,1,232,266,0
46,1,0,3,2,0,26956,45,0,2,1,2,1,168,182,0
40,1,0,1,2,0,27815,80,0,3,2,2,0,368,465,0
44,0,1,2,1,0,24994,95,0,1,1,2,0,500,470,0
48,1,0,3,3,0,29632,105,0,3,2,2,1,383,481,0
48,1,1,3,1,0,24337,78,0,1,2,2,1,474,539,0
55,0,1,3,1,0,25990,74,0,2,2,2,1,264,297,0
53,1,1,4,1,0,22195,35,1,2,2,2,1,124,172,0
63,1,0,3,2,0,26460,84,0,1,1,NA,1,39,0,0
49,1,1,4,1,0,23057,61,0,2,1,1,1,211,297,0
52,1,0,4,2,0,26792,21,1,3,1,1,1,68,345,0
52,1,1,1,1,0,23360,469,0,1,2,2,0,210,245,0
30,1,0,4,2,0,28046,27,0,4,1,1,1,96,143,0
52,0,1,3,1,0,25669,58,0,2,2,2,1,220,288,0
52,1,1,1,1,0,23721,36,0,3,1,NA,0,32,0,0
41,1,1,2,1,0,22764,84,0,1,1,2,0,380,339,0
46,1,1,1,1,0,23074,100,0,1,2,3,0,1115,1034,0
45,0,1,1,1,0,24183,132,0,1,3,3,0,1009,988,0
53,0,0,1,2,0,28988,66,0,1,1,NA,0,49,0,0
45,1,1,1,1,0,24716,82,0,1,2,1,0,395,372,0
45,1,1,2,1,0,20064,52,0,1,3,3,0,246,281,0
54,1,1,4,1,0,20912,105,0,5,1,1,1,329,372,0
38,0,0,4,2,0,27977,49,0,4,1,1,1,170,313,0
NA,0,1,4,1,0,25974,42,1,3,1,1,1,157,204,0
48,0,0,2,2,0,27362,83,0,1,1,2,0,315,296,0
44,1,0,3,3,0,29363,63,0,3,1,1,1,231,307,0
NA,1,1,1,1,0,22780,81,0,1,3,3,0,333,331,0
49,1,0,4,2,0,28178,82,0,5,1,1,1,262,264,0
38,1,1,4,1,0,25258,47,0,4,1,1,1,181,195,0
46,1,1,3,1,0,23659,44,0,3,3,3,1,844,707,0
47,0,1,4,1,0,23181,101,0,2,2,2,1,358,326,0
51,1,0,3,2,0,28751,145,0,1,2,1,1,680,599,0
44,0,0,3,2,0,28147,104,0,2,3,3,1,384,448,0
47,1,0,3,3,0,29581,45,0,3,1,1,1,168,246,0
45,1,0,4,2,0,28490,24,1,4,1,2,1,83,127,0
46,1,1,1,1,0,25480,62,0,1,1,NA,0,141,0,0
44,1,1,1,1,0,20674,44,0,1,3,3,0,218,203,0
44,0,1,3,1,0,23857,71,0,4,1,1,1,474,462,0
49,1,1,3,1,0,23822,67,0,2,1,2,1,261,328,0
54,1,1,1,1,0,21846,45,1,2,3,3,0,209,317,0
51,1,1,1,1,0,20155,64,0,1,2,3,0,521,496,0
47,0,1,1,1,0,22965,109,0,1,2,3,0,506,491,0
47,1,1,1,1,0,20222,169,0,1,2,2,0,940,807,0
39,1,1,4,1,0,24560,90,0,4,1,1,1,336,312,0
51,1,0,3,3,0,29802,77,0,3,1,3,1,259,293,0
41,1,0,3,3,0,29084,42,0,3,1,1,1,158,207,0
45,1,1,3,1,0,20806,40,0,1,2,3,1,187,224,0
50,1,1,1,1,0,25780,85,0,1,3,3,0,395,384,0
48,1,1,3,1,0,26130,46,0,1,1,2,1,182,275,0
41,1,1,3,1,0,20396,113,0,2,2,3,1,511,532,0
40,1,0,4,2,0,27608,26,0,5,2,3,1,107,198,0
53,1,1,1,1,0,20408,319,0,1,1,NA,0,27,0,0
45,1,1,4,1,0,22062,74,0,1,1,1,1,274,289,0
56,1,0,3,2,0,26372,54,1,2,2,3,1,182,224,0
46,0,1,1,1,0,22277,110,0,1,1,2,0,502,479,0
59,1,0,4,2,0,26504,75,1,4,3,3,1,191,186,0
48,1,0,3,2,0,28317,82,0,5,1,1,1,288,320,0
NA,1,0,3,2,0,28026,314,0,1,1,NA,1,23,0,0
58,1,1,1,1,0,23529,219,0,1,1,1,0,523,493,0
43,1,0,3,3,0,29229,27,0,3,2,2,1,123,185,0
45,1,0,4,2,0,28754,23,1,3,2,2,1,93,180,0
48,1,1,4,1,0,21178,22,1,3,1,1,1,91,170,0
37,1,0,4,2,0,27528,87,0,5,1,1,1,307,406,0
48,1,0,1,2,0,27059,42,1,2,2,2,0,197,243,0
NA,1,0,3,2,0,28905,62,0,1,2,2,1,244,304,0
40,0,0,3,3,0,29247,53,0,3,1,1,1,198,354,0
50,1,0,4,2,0,27649,100,0,3,1,1,1,308,330,0
50,1,0,3,2,0,26431,95,0,1,3,3,1,425,467,0
42,1,1,3,1,0,21881,97,0,1,1,1,1,694,626,0
42,0,1,1,1,0,23429,427,0,1,2,2,0,200,269,0
40,1,1,2,1,0,22712,38,0,2,2,3,0,187,351,0
47,0,1,4,1,0,21625,42,0,4,1,1,1,146,240,0
44,1,0,4,2,0,26283,56,0,4,2,2,1,196,219,0
48,1,1,2,1,0,25216,83,0,1,2,3,0,359,440,0
47,0,1,3,1,0,24758,84,0,1,3,3,1,326,422,0
56,1,1,3,1,0,23563,99,0,4,3,3,1,531,540,0
57,1,1,3,1,0,24451,32,1,1,3,NA,1,24,0,0
42,1,0,3,2,0,26857,56,0,1,2,2,1,225,242,0
53,1,1,1,1,0,21316,253,0,1,1,1,0,500,492,0
46,1,1,3,1,0,20843,61,0,1,1,1,1,1288,1084,0
45,1,1,2,1,0,22648,82,0,1,1,1,0,355,342,0
46,1,1,3,1,0,25619,41,0,2,2,1,1,176,206,0
50,1,1,3,1,0,22523,43,1,1,1,2,1,168,349,0
57,1,0,4,2,0,26755,NA,NA,NA,NA,NA,1,0,0,NA
60,1,1,1,1,0,24114,NA,NA,NA,NA,NA,0,0,0,NA
40,0,1,4,1,0,21473,103,0,4,1,1,1,378,424,0
49,1,1,2,1,0,23786,42,1,2,1,1,0,178,152,0
41,0,1,4,1,0,21731,83,0,2,1,3,1,308,304,0
47,1,0,1,2,0,28600,101,0,3,1,1,0,433,443,0
48,0,1,3,1,0,21010,41,1,5,3,3,1,164,163,0
49,1,0,4,2,0,26682,47,0,4,1,1,1,157,172,0
53,1,1,2,1,0,22257,111,0,2,2,3,0,446,500,0
52,1,0,1,2,0,26695,59,0,1,3,3,0,250,247,0
53,1,1,4,1,0,21442,NA,NA,NA,NA,NA,1,0,0,NA
53,0,1,1,1,0,23365,NA,NA,NA,NA,NA,0,0,0,NA
38,1,1,1,1,0,24102,70,0,1,3,3,0,368,375,0
51,1,1,2,1,0,22490,75,0,1,1,NA,0,61,0,0
50,1,1,1,1,0,23466,88,0,4,1,3,0,899,797,0
41,1,1,2,1,0,20842,61,0,1,2,2,0,289,389,0
54,1,0,4,2,0,27846,60,1,5,2,3,1,179,292,0
44,1,1,3,1,0,20716,109,0,4,1,2,1,441,449,0
48,1,1,2,1,0,22349,39,1,1,2,2,0,186,289,0
45,1,1,1,1,0,22982,143,0,1,2,2,0,792,734,0
34,1,1,2,1,0,22830,124,0,1,2,2,0,596,552,0
56,1,1,4,1,0,25311,95,0,2,3,3,1,296,299,0
51,1,1,4,1,0,25359,53,0,4,2,2,1,191,310,0
57,1,1,1,1,0,20984,103,0,1,2,3,0,664,602,0
60,1,1,4,1,0,20212,140,0,3,2,NA,1,70,0,0
39,0,1,1,1,0,23534,88,0,1,3,3,0,420,409,0
53,1,1,1,1,0,22841,58,1,1,2,2,0,1136,980,0
51,1,0,3,3,0,29352,45,1,3,2,2,1,160,218,0
46,0,1,2,1,0,20664,46,0,1,1,3,0,199,177,0
49,0,1,3,1,0,25609,40,1,3,2,3,1,163,206,0
49,1,0,2,2,0,27576,45,1,1,1,1,0,177,255,0
38,1,1,1,1,0,24865,95,0,1,3,3,0,476,460,0
46,1,1,4,1,0,23972,101,0,5,1,1,1,365,380,0
43,1,1,3,1,0,22048,51,0,2,3,3,1,219,281,0
51,1,1,4,1,0,21346,83,0,1,1,1,1,276,274,0
42,1,1,1,1,0,25648,82,0,1,2,3,0,409,369,0
55,1,0,3,2,0,26558,82,0,4,2,2,1,260,343,0
51,1,1,1,1,0,22248,63,0,2,2,2,0,300,288,0
58,1,1,1,1,0,24772,NA,NA,NA,NA,NA,0,0,0,NA
48,1,1,1,1,0,26137,24,1,1,3,3,0,125,136,0
51,1,1,1,1,0,25321,100,0,1,1,1,0,901,776,0
49,1,1,3,1,0,22156,106,0,2,2,2,1,415,481,0
45,0,0,3,2,0,27718,78,0,1,3,3,1,300,313,0
53,1,1,3,1,0,21270,62,0,2,1,1,1,220,196,0
42,1,1,3,1,0,22483,88,0,3,1,1,1,360,376,0
51,1,1,2,1,0,20200,85,0,1,3,3,0,354,398,0
59,0,1,2,1,0,23368,140,0,1,2,3,0,720,645,0
48,1,0,4,2,0,27801,42,1,5,2,2,1,145,160,0
45,0,0,4,2,0,28870,48,0,1,3,3,1,166,280,0
57,1,1,1,1,0,21694,119,0,1,1,3,0,790,741,0
51,1,1,4,1,0,20835,15,1,2,1,2,1,63,128,0
47,0,0,3,2,0,27825,50,0,1,1,1,1,172,292,0
38,0,0,1,3,0,29631,101,0,1,2,2,0,460,434,0
44,1,1,2,1,0,23419,144,0,1,1,2,0,556,540,0
35,0,1,3,1,0,25461,84,0,2,1,1,1,348,408,0
45,1,1,4,1,0,25305,18,1,3,1,1,1,78,223,0
39,1,0,2,2,0,27738,129,0,3,1,3,0,633,668,0
48,1,1,2,1,0,20322,85,0,1,3,3,0,381,459,0
51,1,1,2,1,0,25815,46,1,1,1,1,0,187,205,0
47,1,0,4,2,0,27841,61,0,3,1,2,1,479,483,0
57,1,0,4,3,0,29037,38,1,3,1,NA,1,20,0,0
61,1,1,3,1,0,25714,131,0,1,2,2,1,1087,905,0
49,1,1,1,1,0,21002,75,0,1,1,NA,0,67,0,0
54,1,1,2,1,0,21516,189,0,1,1,NA,0,119,0,0
31,1,1,2,1,0,22620,45,0,1,3,3,0,232,219,0
42,0,1,3,1,0,20590,70,0,2,2,1,1,296,333,0
44,1,1,1,1,0,21767,98,0,1,1,2,0,470,477,0
51,1,1,2,1,0,25689,152,0,1,3,3,0,793,734,0
45,1,1,1,1,0,25576,NA,NA,NA,NA,NA,0,0,0,NA
37,0,0,3,2,0,27462,400,0,1,1,1,1,140,177,0
54,0,1,4,1,0,25964,44,1,3,2,3,1,142,231,0
40,1,1,4,1,0,21375,54,0,5,1,1,1,1105,984,0
48,1,0,1,3,0,29692,42,1,1,3,3,0,194,210,0
55,1,1,1,1,0,25337,79,0,2,1,2,0,330,345,0
48,1,0,3,2,0,27037,91,0,5,2,3,1,424,392,0
44,1,1,2,1,0,22698,64,0,2,1,2,0,278,297,0
45,1,0,3,2,0,28175,80,0,3,1,1,1,295,336,0
50,1,1,4,1,0,20541,197,0,4,1,1,1,381,340,0
61,1,1,2,1,0,25490,95,0,1,3,3,0,324,357,0
43,1,1,3,1,0,22004,54,0,1,2,2,1,817,768,0
50,1,1,3,1,0,23743,89,0,2,1,2,1,340,362,0
50,1,0,4,2,0,27436,41,1,4,2,2,1,140,249,0
44,0,1,2,1,0,25747,99,0,1,1,1,0,433,484,0
64,1,1,4,1,0,24696,NA,NA,NA,NA,NA,1,0,0,NA
49,1,1,3,1,0,23518,49,0,2,1,1,1,187,225,0
51,1,0,1,2,0,28217,33,0,1,1,NA,0,27,0,0
58,1,1,4,1,0,23007,107,0,3,1,1,1,299,330,0
53,1,1,3,1,0,21057,88,0,1,3,3,1,331,383,0
42,1,1,2,1,0,24901,88,0,1,2,3,0,403,471,0
43,0,1,2,1,0,24487,37,0,1,1,1,0,159,173,0
46,1,1,1,1,0,21858,NA,NA,NA,NA,NA,0,0,0,NA
44,1,0,4,2,0,28390,NA,NA,NA,NA,NA,1,0,0,NA
42,1,1,4,1,0,23457,51,0,5,2,3,1,211,328,0
42,1,1,4,1,0,25735,42,0,2,2,3,1,168,291,0
43,1,0,1,2,0,27333,144,0,1,3,3,0,516,489,0
50,1,1,4,1,0,25863,91,0,2,1,3,1,309,328,0
47,1,1,1,1,0,21513,126,0,1,3,3,0,944,855,0
58,1,0,4,2,0,28904,38,1,3,2,3,1,394,369,0
32,1,1,4,1,0,21422,44,0,5,1,2,1,168,211,0
44,1,1,3,1,0,23442,46,0,3,2,3,1,211,345,0
45,1,1,1,1,0,23542,71,0,1,3,3,0,648,566,0
59,1,1,2,1,0,22437,NA,NA,NA,NA,NA,0,0,0,NA
48,1,1,3,1,0,21811,114,0,1,1,2,1,527,542,0
52,0,1,3,1,0,21339,73,0,3,1,1,1,259,276,0
45,1,1,3,1,0,22940,82,0,1,2,3,1,345,426,0
46,1,0,3,3,0,29092,113,0,3,3,3,1,616,584,0
53,0,1,3,1,0,20196,46,1,2,2,2,1,181,280,0
44,0,0,1,2,0,27085,48,0,2,1,1,0,199,274,0
NA,NA,1,3,1,0,24528,87,0,2,3,3,1,750,688,0
51,1,1,2,1,0,22678,45,1,3,2,2,0,194,238,0
47,1,0,3,2,0,27027,NA,NA,NA,NA,NA,1,0,0,NA
49,0,1,2,1,0,22040,90,0,1,2,2,0,832,775,0
57,0,1,3,1,0,20242,NA,NA,NA,NA,NA,1,0,0,NA
42,1,0,3,2,0,27582,106,0,1,1,2,1,402,501,0
53,1,1,2,1,0,21245,106,0,1,3,3,0,517,463,0
43,1,1,3,1,0,20653,72,0,1,2,3,1,308,318,0
52,0,1,3,1,0,24007,86,0,2,2,2,1,457,483,0
54,1,1,4,1,0,25955,73,0,4,1,3,1,225,249,0
50,1,1,2,1,0,20555,49,1,1,1,1,0,204,293,0
43,1,0,3,3,0,29446,49,0,1,1,3,1,190,327,0
36,0,1,1,1,0,20992,57,0,1,2,2,0,578,543,0
57,1,0,3,2,0,27804,NA,NA,NA,NA,NA,1,0,0,NA
45,0,1,4,1,0,21671,57,0,1,2,2,1,216,216,0
37,1,1,1,1,0,24126,90,0,2,1,2,0,608,534,0
45,1,0,4,2,0,27118,61,0,1,1,3,1,527,519,0
51,1,1,4,1,0,25157,62,0,2,1,2,1,219,230,0
38,1,1,1,1,0,20223,50,0,1,1,1,0,243,264,0
47,1,1,3,1,0,22666,40,1,1,3,3,1,576,529,0
52,1,1,2,1,0,24288,82,0,1,1,2,0,336,303,0
50,0,1,4,1,0,24605,45,1,5,1,2,1,144,252,0
62,1,1,4,1,0,21075,NA,NA,NA,NA,NA,1,0,0,NA
NA,1,0,3,2,0,27416,NA,NA,NA,NA,NA,1,0,0,NA
54,1,0,3,2,0,27648,97,0,1,2,3,1,315,335,0
50,0,1,4,1,0,22362,24,1,3,2,2,1,92,181,0
44,1,0,1,2,0,27073,122,0,2,1,1,0,990,843,0
45,1,0,3,2,0,26930,81,0,3,3,3,1,315,303,0
51,0,1,1,1,0,25291,31,1,1,3,3,0,918,866,0
57,1,1,1,1,0,25342,NA,NA,NA,NA,NA,0,0,0,NA
51,0,0,4,2,0,27548,100,0,5,1,1,1,286,289,0
47,1,1,3,1,0,21935,NA,NA,NA,NA,NA,1,0,0,NA
50,1,1,2,1,0,23467,NA,NA,NA,NA,NA,0,0,0,NA
46,0,1,2,1,0,22076,51,0,2,3,3,0,227,289,0
49,1,0,3,2,0,27593,46,1,1,3,3,1,183,243,0
38,1,1,1,1,0,23208,79,0,1,3,3,0,402,373,0
44,1,1,1,1,0,21779,131,0,1,2,3,0,753,697,0
51,1,1,1,1,0,22492,100,0,1,1,1,0,941,913,0
NA,0,0,4,2,0,27408,NA,NA,NA,NA,NA,1,0,0,NA
42,1,1,1,1,0,25591,20,1,1,3,2,0,823,732,0
48,1,0,2,3,0,29580,NA,NA,NA,NA,NA,0,0,0,NA
42,1,1,4,1,0,21230,101,0,4,2,3,1,390,408,0
50,1,0,1,2,0,28669,NA,NA,NA,NA,NA,0,0,0,NA
50,1,1,2,1,0,23690,64,0,3,1,2,0,580,598,0
54,1,1,1,1,0,21354,27,1,1,1,NA,0,23,0,0
48,0,0,3,2,0,26524,96,0,1,1,1,1,334,354,0
43,1,0,3,3,0,29616,103,0,1,3,3,1,750,700,0
52,1,1,2,1,0,22591,75,0,1,1,1,0,848,756,0
53,0,1,4,1,0,22769,109,0,3,1,1,1,339,358,0
53,1,1,2,1,0,21658,75,0,1,3,3,0,519,514,0
41,1,0,4,2,0,28845,40,0,5,1,1,1,143,298,0
52,1,1,1,1,0,24085,47,1,2,3,3,0,220,323,0
47,1,1,1,1,0,24080,84,0,1,2,3,0,401,379,0
54,1,0,3,3,0,29787,41,1,3,2,3,1,146,217,0
44,1,1,1,1,0,24815,86,0,1,2,2,0,417,490,0
46,0,0,3,3,0,29099,43,0,3,3,3,1,160,325,0
47,1,1,3,1,0,20006,106,0,1,1,2,1,414,537,0
51,1,0,3,2,0,26501,57,0,3,1,2,1,193,183,0
50,1,0,4,2,0,27791,43,1,4,1,1,1,136,223,0
48,0,1,1,1,0,21884,51,0,1,1,1,0,240,284,0
50,1,0,4,2,0,27758,25,1,4,2,3,1,94,161,0
48,1,0,3,2,0,26172,52,0,1,3,3,1,194,225,0
35,1,1,1,1,0,24802,85,0,1,3,3,0,425,437,0
41,1,1,2,1,0,22202,27,0,1,2,2,0,569,548,0
54,1,1,3,1,0,25118,679,0,1,2,2,1,242,290,0
45,1,1,2,1,0,22762,42,0,2,1,1,0,190,199,0
58,1,1,4,1,0,20953,73,1,3,3,3,1,222,380,0
41,1,1,4,1,0,23422,48,0,2,1,1,1,182,190,0
49,1,1,4,1,0,24724,65,0,4,2,2,1,239,346,0
38,1,1,1,1,0,25839,26,0,2,1,1,0,144,203,0
54,1,1,1,1,0,22842,30,1,1,1,1,0,129,166,0
52,1,0,1,2,0,28100,81,0,2,2,3,0,337,367,0
61,0,1,4,1,0,21549,105,0,2,1,1,1,259,427,0
46,1,0,2,2,0,27342,29,1,1,2,3,0,132,240,0
58,1,1,3,1,0,25001,NA,NA,NA,NA,NA,1,0,0,NA
47,0,0,4,2,0,27879,36,0,5,1,NA,1,22,0,0
52,0,1,2,1,0,25574,51,0,1,1,NA,0,120,0,0
44,1,0,4,2,0,26329,41,0,5,1,3,1,138,226,0
43,1,1,2,1,0,22147,36,0,1,1,3,0,867,750,0
47,0,1,4,1,0,22910,69,0,4,1,1,1,235,303,0
43,1,1,3,1,0,25174,34,0,1,1,1,1,752,731,0
42,1,0,4,2,0,26972,46,0,4,2,1,1,167,235,0
40,1,0,4,2,0,26600,70,0,4,2,3,1,252,286,0
63,1,0,4,2,0,28088,79,0,5,1,NA,1,32,0,0
48,1,0,3,3,0,28997,20,1,1,3,3,1,90,120,0
35,1,1,4,1,0,25834,47,0,5,2,3,1,190,264,0
55,1,0,4,2,0,28394,46,1,5,1,2,1,136,133,0
43,1,1,2,1,0,26138,103,0,1,2,NA,0,102,0,0
57,1,0,1,3,0,29091,109,0,1,1,3,0,405,428,0
42,1,1,2,1,0,22289,46,0,1,1,2,0,221,249,0
55,1,0,3,3,0,29141,104,0,3,3,3,1,330,370,0
50,1,0,3,3,0,29387,82,0,3,3,3,1,295,341,0
51,1,1,4,1,0,23275,45,1,2,1,1,1,151,212,0
56,1,1,1,1,0,21778,33,1,2,1,1,0,468,401,0
49,1,0,1,2,0,27023,37,1,2,3,3,0,178,259,0
53,1,0,1,2,0,27806,51,1,1,3,3,0,219,258,0
38,1,0,4,2,0,27211,58,0,5,1,1,1,207,227,0
43,1,1,2,1,0,20914,38,0,1,3,3,0,965,843,0
49,1,1,1,1,0,24169,33,1,1,2,1,0,1145,949,0
47,0,1,2,1,0,22917,64,0,1,3,3,0,284,284,0
46,1,1,2,1,0,24175,51,0,1,2,3,0,229,250,0
50,1,1,4,1,0,22197,27,1,4,1,2,1,99,190,0
49,0,1,1,1,0,20010,31,0,1,1,NA,0,29,0,0
43,1,0,3,3,0,29164,20,1,1,2,2,1,93,181,0
53,0,0,1,3,0,29165,107,0,1,3,3,0,428,498,0
53,1,0,2,2,0,28701,99,0,2,1,2,0,618,611,0
53,1,1,4,1,0,25396,72,0,1,2,3,1,248,267,0
45,1,1,3,1,0,20164,36,0,2,1,2,1,150,166,0
44,1,0,2,2,0,27293,45,0,2,1,3,0,181,189,0
35,1,1,2,1,0,20130,42,0,1,2,3,0,207,237,0
44,0,1,3,1,0,22723,233,0,2,2,2,1,900,771,0
NA,NA,1,1,1,0,25537,133,0,2,2,3,0,576,557,0
39,1,1,3,1,0,25663,48,0,2,1,2,1,197,261,0
43,0,0,3,2,0,27884,75,0,3,1,2,1,267,238,0
40,1,1,2,1,0,22031,59,0,1,2,3,0,273,256,0
52,0,1,4,1,0,25270,50,1,3,1,1,1,158,202,0
39,1,1,3,1,0,21301,8,1,1,3,3,1,52,120,0
36,1,1,1,1,0,23002,90,0,1,3,3,0,463,517,0
52,1,0,4,2,0,28888,25,1,3,3,3,1,88,87,0
37,1,1,1,1,0,21459,42,0,1,3,3,0,222,239,0
52,1,1,1,1,0,22867,61,0,1,3,3,0,286,343,0
40,1,0,4,2,0,26725,21,0,5,1,1,1,94,126,0
NA,NA,1,4,1,0,24718,61,0,5,1,1,1,236,335,0
NA,NA,0,4,2,0,28509,37,0,4,1,NA,1,28,0,0
43,1,1,1,1,0,25440,77,0,1,3,3,0,381,434,0
57,0,1,3,1,0,24340,62,1,2,1,1,1,357,348,0
37,1,0,3,2,0,28208,102,0,3,1,1,1,393,454,0
49,1,1,1,1,0,21124,97,0,1,3,3,0,449,483,0
46,1,0,4,2,0,27719,43,0,4,1,2,1,141,218,0
52,1,1,1,1,0,22549,82,0,1,1,NA,0,111,0,0
58,1,1,2,1,0,26094,70,0,1,1,NA,0,49,0,0
50,1,1,1,1,0,25653,32,1,1,1,2,0,801,854,0
NA,0,1,1,1,0,24483,32,0,1,2,2,0,145,279,0
41,0,1,4,1,0,20718,62,0,3,1,NA,1,45,0,0
40,1,1,4,1,0,24729,36,0,3,1,1,1,431,418,0
45,0,1,2,1,0,25731,66,0,1,2,3,0,286,242,0
54,1,0,3,2,0,28439,126,0,1,2,3,1,432,436,0
52,1,1,3,1,0,21558,31,0,2,1,NA,1,26,0,0
45,1,0,2,2,0,26242,100,0,1,2,2,0,851,828,0
42,1,1,1,1,0,21584,135,0,1,2,2,0,852,762,0
47,1,0,1,2,0,26486,82,0,2,2,3,0,563,480,0
49,0,0,1,2,0,26443,62,0,1,3,3,0,258,271,0
53,1,1,4,1,0,22320,69,0,3,1,2,1,228,345,0
45,0,0,3,2,0,27786,64,0,1,1,NA,1,46,0,0
50,1,0,3,2,0,26343,94,0,1,1,1,1,321,406,0
43,0,1,3,1,0,24861,34,0,3,1,1,1,451,427,0
50,0,1,2,1,0,25469,21,1,1,1,1,0,89,107,0
52,1,0,1,3,0,29447,42,1,1,1,2,0,184,304,0
57,1,1,2,1,0,23684,79,0,3,1,NA,0,57,0,0
55,1,1,2,1,0,22489,43,0,2,1,NA,0,33,0,0
46,1,1,3,1,0,23694,61,0,3,1,1,1,241,246,0
49,1,1,3,1,0,26052,131,0,2,1,NA,1,72,0,0
53,1,1,3,1,0,26125,119,0,3,1,1,1,716,680,0
45,1,1,1,1,0,24223,61,0,1,1,3,0,803,709,0
40,1,1,1,1,0,24562,108,0,1,2,3,0,534,455,0
54,0,1,3,1,0,26117,105,0,4,2,1,1,365,342,0
58,1,1,1,1,0,24904,NA,NA,NA,NA,NA,0,0,0,NA
44,1,0,4,2,0,27684,65,0,4,2,3,1,233,246,0
46,1,0,1,2,0,26967,84,0,1,3,3,0,372,506,0
43,0,0,3,2,0,27757,51,0,2,2,3,1,192,255,0
51,1,1,3,1,0,24849,NA,NA,NA,NA,NA,1,0,0,NA
51,0,1,4,1,0,23531,42,1,4,2,2,1,147,175,0
47,0,1,4,1,0,25688,50,0,3,1,1,1,171,256,0
NA,1,1,4,1,0,24082,NA,NA,NA,NA,NA,1,0,0,NA
49,1,0,4,2,0,26920,42,1,4,1,2,1,136,361,0
49,0,1,4,1,0,24250,74,0,4,1,1,1,255,305,0
60,1,0,3,2,0,28478,41,1,2,1,2,1,112,290,0
47,0,0,4,2,0,28379,34,1,2,2,2,1,110,264,0
39,0,0,4,2,0,26505,104,0,2,1,1,1,345,380,0
52,0,1,4,1,0,25710,100,0,3,1,1,1,388,444,0
54,1,1,2,1,0,21519,50,1,1,1,2,0,200,241,0
44,1,1,2,1,0,24350,65,0,1,1,1,0,284,288,0
46,1,0,4,2,0,28370,43,0,5,1,1,1,147,289,0
62,0,1,1,1,0,24447,91,1,1,2,3,0,320,330,0
55,1,1,2,1,0,23027,NA,NA,NA,NA,NA,0,0,0,NA
56,1,1,1,1,0,21341,131,0,1,3,3,0,691,606,0
40,1,0,4,2,0,27298,57,0,3,1,2,1,197,280,0
57,1,1,2,1,0,24234,NA,NA,NA,NA,NA,0,0,0,NA
55,0,0,1,3,0,29340,77,0,1,3,NA,0,59,0,0
48,1,0,4,2,0,28745,109,0,4,1,2,1,343,357,0
38,1,0,4,2,0,28340,34,0,5,1,NA,1,24,0,0
38,0,1,4,1,0,20454,109,0,5,1,1,1,398,420,0
47,0,1,3,1,0,20321,149,0,1,1,1,1,440,377,0
54,0,1,2,1,0,23525,70,0,1,2,3,0,275,326,0
50,1,0,3,3,0,29594,64,0,3,3,3,1,238,252,0
52,0,1,3,1,0,24623,42,1,2,2,2,1,165,234,0
57,0,0,4,2,0,27301,NA,NA,NA,NA,NA,1,0,0,NA
44,1,1,2,1,0,25673,64,0,1,1,NA,0,57,0,0
46,1,1,2,1,0,22930,56,0,1,2,2,0,248,262,0
45,0,0,4,2,0,27270,44,0,5,1,1,1,139,177,0
NA,NA,1,2,1,0,25224,69,0,1,1,1,0,265,309,0
47,1,1,2,1,0,21237,76,0,1,1,1,0,1338,1123,0
44,1,1,2,1,0,23514,38,0,3,3,3,0,179,186,0
50,0,1,4,1,0,20522,107,0,4,3,3,1,360,394,0
43,0,0,2,2,0,27770,66,0,1,3,2,0,270,328,0
54,1,0,3,2,0,28742,83,0,1,1,1,1,260,389,0
56,1,0,4,2,0,27181,33,1,4,1,NA,1,18,0,0
43,1,1,3,1,0,20040,83,0,3,1,2,1,348,394,0
48,1,1,3,1,0,24167,41,1,4,1,1,1,165,234,0
41,0,0,4,2,0,27190,46,0,1,2,3,1,157,230,0
57,1,1,1,1,0,22906,NA,NA,NA,NA,NA,0,0,0,NA
49,1,1,4,1,0,21750,417,0,5,3,3,1,152,233,0
54,1,1,1,1,0,25654,45,1,1,2,3,0,210,228,0
51,1,0,3,2,0,27363,414,0,1,1,3,1,136,179,0
44,1,1,1,1,0,22466,75,0,1,2,2,0,616,624,0
45,0,0,4,2,0,28963,102,0,1,1,1,1,325,302,0
65,1,1,2,1,0,22639,NA,NA,NA,NA,NA,0,0,0,NA
60,0,1,3,1,0,22913,86,0,1,3,3,1,258,344,0
34,1,1,1,1,0,21352,25,0,1,2,3,0,149,207,0
55,1,1,1,1,0,23479,101,0,1,3,3,0,778,670,0
46,1,1,2,1,0,21609,57,0,1,3,3,0,259,361,0
51,1,0,4,2,0,28402,53,1,4,3,3,1,173,216,0
44,1,1,4,1,0,22773,41,0,2,1,3,1,154,188,0
46,1,1,2,1,0,23106,63,0,1,1,2,0,272,355,0
54,1,1,3,1,0,21292,106,0,3,2,2,1,376,368,0
42,1,1,1,1,0,23364,105,0,2,1,2,0,518,517,0
46,1,1,4,1,0,24069,83,0,4,2,3,1,310,325,0
47,0,0,3,3,0,29113,43,0,3,1,2,1,164,237,0
38,1,0,4,2,0,27096,109,0,5,2,3,1,392,369,0
58,0,1,1,1,0,25038,NA,NA,NA,NA,NA,0,0,0,NA
40,1,1,4,1,0,24328,21,0,2,1,3,1,102,206,0
48,1,1,2,1,0,24500,42,1,1,2,1,0,191,209,0
36,1,0,4,2,0,27478,46,0,5,2,2,1,183,233,0
53,1,1,3,1,0,23397,90,0,1,1,2,1,323,364,0
49,1,1,1,1,0,25939,75,0,1,3,3,0,357,400,0
43,1,0,3,2,0,28437,41,0,1,2,3,1,171,274,0
41,0,1,4,1,0,21876,43,0,2,1,1,1,164,251,0
55,1,0,4,2,0,27870,52,1,4,1,1,1,144,165,0
41,1,1,3,1,0,24503,123,0,3,3,3,1,833,747,0
52,1,0,4,2,0,27767,48,1,3,3,3,1,900,774,0
NA,1,0,3,3,0,29259,99,0,1,1,2,1,624,667,0
56,0,1,3,1,0,22384,45,1,2,3,3,1,445,488,0
62,0,1,1,1,0,22742,NA,NA,NA,NA,NA,0,0,0,NA
53,1,0,4,2,0,27658,115,0,1,3,3,1,441,518,0
55,1,1,4,1,0,21272,45,1,2,1,1,1,143,168,0
51,1,1,2,1,0,21980,62,0,1,3,3,0,262,318,0
41,1,0,4,2,0,28710,51,0,4,1,2,1,179,313,0
56,1,1,4,1,0,20592,801,0,5,2,1,1,244,279,0
47,0,1,3,1,0,20233,107,0,2,1,1,1,408,365,0
49,1,1,4,1,0,24103,50,0,3,2,3,1,186,219,0
45,0,1,3,1,0,24405,112,0,1,2,3,1,442,466,0
52,1,0,3,2,0,28381,36,0,2,1,NA,1,26,0,0
45,1,1,3,1,0,25040,NA,NA,NA,NA,NA,1,0,0,NA
46,1,0,3,2,0,27545,81,0,1,2,3,1,305,376,0
55,1,1,1,1,0,21993,52,1,2,3,3,0,231,253,0
40,1,0,3,2,0,26480,90,0,1,2,2,1,473,596,0
56,0,1,1,1,0,26003,61,1,1,2,3,0,606,552,0
59,1,0,4,2,0,28642,31,1,5,1,NA,1,15,0,0
60,0,1,3,1,0,21361,27,1,3,1,NA,1,14,0,0
51,1,1,3,1,0,23273,53,0,1,2,3,1,218,365,0
41,1,1,1,1,0,20704,56,0,1,3,3,0,290,334,0
39,1,1,1,1,0,22674,78,0,3,1,1,0,379,354,0
51,0,1,2,1,0,23041,NA,NA,NA,NA,NA,0,0,0,NA
48,1,1,4,1,0,22346,22,1,4,1,1,1,91,187,0
46,1,1,1,1,0,23992,44,0,1,1,1,0,211,298,0
51,1,1,3,1,0,24824,55,0,2,1,2,1,207,245,0
53,1,1,4,1,0,23737,43,1,1,1,1,1,140,181,0
39,0,0,3,2,0,27228,77,0,2,1,1,1,294,287,0
49,1,1,1,1,0,21007,88,0,1,3,3,0,420,411,0
49,1,0,4,2,0,28312,75,0,4,2,NA,1,49,0,0
67,1,0,4,2,0,26657,77,0,5,1,NA,1,24,0,0
52,1,1,1,1,0,24471,52,1,1,3,3,0,244,307,0
51,1,1,1,1,0,20273,89,0,1,1,2,0,700,639,0
44,1,1,3,1,0,21028,105,0,1,1,3,1,425,431,0
43,0,1,3,1,0,25333,65,0,3,1,2,1,252,335,0
54,0,0,4,2,0,27839,109,0,3,2,2,1,567,584,0
68,1,0,4,2,0,28398,54,1,3,1,NA,1,15,0,0
53,1,1,4,1,0,22189,41,0,2,2,NA,1,30,0,0
55,0,0,3,2,0,26602,35,0,2,3,NA,1,23,0,0
46,1,1,3,1,0,22094,23,1,2,1,2,1,98,112,0
52,1,0,3,2,0,28405,NA,NA,NA,NA,NA,1,0,0,NA
54,0,0,3,3,0,29615,46,1,3,1,1,1,136,213,0
61,0,0,4,2,0,26321,81,1,2,1,1,1,167,343,0
47,1,1,1,1,0,21529,110,0,1,1,2,0,502,474,0
54,1,1,3,1,0,23221,97,0,1,3,3,1,348,397,0
NA,0,1,1,1,0,22467,78,0,1,1,NA,0,57,0,0
50,0,1,1,1,0,20810,89,0,2,3,3,0,395,362,0
44,1,1,1,1,0,24053,84,0,1,3,3,0,411,436,0
48,0,0,3,3,0,29327,110,0,3,1,2,1,485,548,0
41,1,0,3,3,0,29047,96,0,3,2,3,1,380,369,0
30,1,0,4,2,0,27875,61,0,4,1,2,1,221,369,0
46,1,0,3,2,0,27729,37,0,1,1,NA,1,73,0,0
44,0,0,4,2,0,26782,47,0,4,1,1,1,156,211,0
38,1,1,1,1,0,21818,44,0,2,1,1,0,214,277,0
42,1,1,1,1,0,23834,48,0,1,3,3,0,799,736,0
49,1,0,1,2,0,26860,NA,NA,NA,NA,NA,0,0,0,NA
54,1,1,4,1,0,20850,57,1,3,2,3,1,197,232,0
54,1,1,3,1,0,21415,42,1,1,2,2,1,168,275,0
53,0,1,1,1,0,24232,58,1,1,3,3,0,249,252,0
46,1,1,3,1,0,20012,105,0,3,1,1,1,430,416,0
41,0,0,4,2,0,28696,NA,NA,NA,NA,NA,1,0,0,NA
33,0,1,3,1,0,23325,87,0,1,2,1,1,367,481,0
56,1,1,3,1,0,21122,42,1,2,2,2,1,159,214,0
49,1,0,1,2,0,26281,106,0,1,3,3,0,464,430,0
42,0,0,3,2,0,26449,80,0,1,1,2,1,295,285,0
55,0,1,3,1,0,23357,NA,NA,NA,NA,NA,1,0,0,NA
47,1,0,3,2,0,28753,53,0,1,1,2,1,203,239,0
60,1,1,4,1,0,23286,55,1,1,1,2,1,151,336,0
55,0,0,2,2,0,28192,45,1,1,2,2,0,156,205,0
49,1,0,4,2,0,28548,84,0,2,1,3,1,265,316,0
53,0,0,1,3,0,29660,31,0,1,1,NA,0,24,0,0
53,1,0,4,2,0,26922,101,0,4,3,3,1,302,510,0
40,1,1,4,1,0,20784,100,0,4,1,1,1,379,435,0
61,1,1,2,1,0,20123,48,1,3,3,NA,0,34,0,0
48,1,1,2,1,0,20313,88,0,2,3,3,0,376,379,0
49,0,1,3,1,0,24811,94,0,3,1,2,1,354,392,0
55,1,1,4,1,0,20553,68,0,5,1,1,1,616,558,0
42,1,0,3,2,0,26836,543,0,2,1,1,1,201,311,0
46,1,1,1,1,0,21243,20,1,1,1,1,0,101,234,0
50,1,1,3,1,0,24916,48,1,2,2,2,1,191,196,0
49,1,1,4,1,0,20424,423,0,4,1,1,1,143,193,0
43,1,1,3,1,0,26061,100,0,1,3,3,1,414,546,0
49,1,1,1,1,0,21146,49,0,1,1,1,0,234,343,0
38,1,1,3,1,0,24644,44,0,1,3,3,1,201,234,0
56,1,1,1,1,0,24801,692,0,1,3,3,0,285,311,0
61,1,1,1,1,0,24634,NA,NA,NA,NA,NA,0,0,0,NA
53,0,0,4,2,0,28297,77,0,4,1,NA,1,41,0,0
69,1,0,4,2,0,28292,45,1,4,2,2,1,68,177,0
42,1,1,1,1,0,24001,104,0,1,3,3,0,524,504,0
51,1,0,4,2,0,28124,39,1,1,1,1,1,124,163,0
45,1,0,3,3,0,29159,45,0,3,2,2,1,186,226,0
40,1,0,3,3,0,29675,43,0,3,1,2,1,167,211,0
58,1,1,1,1,0,23796,132,0,1,2,3,0,636,586,0
42,1,0,4,2,0,28561,34,0,4,2,NA,1,25,0,0
51,1,1,3,1,0,26148,NA,NA,NA,NA,NA,1,0,0,NA
54,1,0,4,2,0,28983,109,0,4,2,2,1,312,427,0
46,1,1,3,1,0,24848,83,0,1,1,1,1,330,319,0
NA,NA,0,2,2,0,26954,80,0,1,2,3,0,456,429,0
57,0,1,4,1,0,24401,136,0,3,3,3,1,380,384,0
49,1,0,4,2,0,27277,81,0,4,1,1,1,258,360,0
49,1,0,3,3,0,29454,109,0,3,1,1,1,380,348,0
39,1,1,1,1,0,21244,56,0,1,3,3,0,305,291,0
62,1,0,2,2,0,27297,NA,NA,NA,NA,NA,0,0,0,NA
53,1,1,4,1,0,21138,30,1,4,1,NA,1,20,0,0
62,1,1,1,1,0,24874,NA,NA,NA,NA,NA,0,0,0,NA
53,1,1,1,1,0,20891,55,1,1,1,1,0,241,357,0
55,0,1,4,1,0,20374,42,1,1,1,3,1,122,150,0
51,1,1,2,1,0,23053,62,0,2,3,3,0,275,256,0
57,1,0,1,3,0,29411,402,0,1,1,2,0,143,293,0
46,1,1,3,1,0,24370,70,0,2,3,3,1,291,282,0
48,0,1,3,1,0,23512,36,1,2,1,1,1,136,206,0
49,1,0,1,2,0,26202,41,1,3,1,1,0,181,265,0
50,1,1,4,1,0,24468,91,0,2,1,1,1,489,523,0
45,1,0,4,2,0,27208,30,1,3,1,2,1,104,228,0
41,1,1,3,1,0,25095,88,0,2,2,3,1,366,347,0
56,1,1,3,1,0,21499,NA,NA,NA,NA,NA,1,0,0,NA
49,1,1,1,1,0,20445,103,0,1,1,1,0,467,407,0
49,1,1,2,1,0,21402,62,0,1,1,1,0,254,246,0
49,0,0,4,2,0,26980,41,1,5,1,2,1,117,287,0
45,1,1,4,1,0,24140,42,0,3,3,3,1,166,216,0
44,1,0,3,3,0,29510,67,0,1,1,2,1,250,237,0
47,1,0,4,2,0,28098,46,0,4,3,3,1,161,192,0
46,0,0,4,2,0,27243,43,0,4,1,1,1,129,212,0
42,1,1,4,1,0,25752,62,0,4,1,1,1,238,298,0
46,1,1,1,1,0,21754,139,0,1,1,1,0,780,741,0
61,1,0,3,2,0,28766,38,1,1,1,1,1,104,248,0
47,0,1,2,1,0,20457,42,0,4,1,1,0,774,719,0
49,1,1,1,1,0,23187,128,0,3,1,3,0,518,507,0
53,1,1,2,1,0,25745,61,0,2,2,2,0,251,265,0
67,1,0,4,2,0,26241,NA,NA,NA,NA,NA,1,0,0,NA
43,1,0,1,2,0,28030,86,0,1,3,3,0,389,392,0
NA,1,1,3,1,0,25021,47,1,2,2,2,1,194,248,0
44,1,1,3,1,0,25385,69,0,1,2,2,1,493,497,0
51,1,0,3,2,0,26931,406,0,1,3,3,1,144,199,0
56,1,1,1,1,0,20201,86,0,1,1,1,0,348,419,0
58,0,1,4,1,0,21995,56,1,1,2,3,1,160,270,0
45,0,0,4,2,0,27560,94,0,3,1,2,1,297,325,0
47,1,0,4,2,0,27834,84,0,5,1,2,1,275,307,0
54,1,0,4,2,0,28578,44,1,5,1,1,1,126,205,0
39,1,0,4,2,0,27022,24,0,5,1,1,1,89,180,0
NA,NA,0,4,2,0,28949,NA,NA,NA,NA,NA,1,0,0,NA
37,1,0,1,3,0,29554,94,0,1,3,3,0,673,622,0
42,0,1,3,1,0,21682,44,0,2,3,3,1,185,222,0
61,1,1,2,1,0,20724,76,0,1,1,NA,0,49,0,0
37,1,0,3,2,0,27482,82,0,1,1,2,1,308,319,0
47,1,0,4,2,0,26966,23,1,4,1,1,1,85,131,0
57,1,1,2,1,0,25601,66,0,1,1,NA,0,179,0,0
52,1,0,2,2,0,28133,52,0,1,1,NA,0,38,0,0
51,1,0,1,3,0,29761,49,1,1,2,2,0,216,213,0
47,1,0,1,2,0,28448,29,1,4,3,2,0,154,199,0
44,1,1,4,1,0,25617,55,0,3,2,3,1,213,334,0
48,1,1,4,1,0,24195,60,0,3,1,NA,1,42,0,0
54,1,0,4,2,0,27821,67,0,1,3,3,1,195,224,0
53,1,0,4,2,0,26624,22,1,4,1,1,1,70,246,0
50,1,0,3,2,0,26847,133,0,3,3,3,1,547,517,0
48,1,0,3,2,0,28043,49,0,1,2,2,1,572,612,0
43,1,1,3,1,0,24004,58,0,1,1,1,1,244,312,0
56,1,0,3,2,0,27966,NA,NA,NA,NA,NA,1,0,0,NA
44,0,1,1,1,0,20016,75,0,3,1,1,0,353,329,0
45,1,0,3,3,0,29026,100,0,3,1,2,1,376,443,0
54,0,1,1,1,0,26096,30,1,1,1,NA,0,25,0,0
41,1,1,4,1,0,20579,102,0,3,1,2,1,397,358,0
44,1,1,4,1,0,21197,102,0,4,1,1,1,371,477,0
46,1,1,3,1,0,24780,46,0,1,3,3,1,210,308,0
50,1,0,1,2,0,28840,56,0,1,2,3,0,252,278,0
47,1,1,1,1,0,22462,51,0,1,3,3,0,1052,887,0
48,0,1,4,1,0,25318,NA,NA,NA,NA,NA,1,0,0,NA
45,0,0,4,2,0,26975,47,0,4,1,1,1,154,210,0
41,0,1,4,1,0,25807,45,0,5,1,1,1,167,274,0
49,1,1,1,1,0,24876,NA,NA,NA,NA,NA,0,0,0,NA
50,0,0,4,2,0,26607,72,0,3,1,2,1,208,240,0
50,1,1,2,1,0,22436,NA,NA,NA,NA,NA,0,0,0,NA
50,1,1,3,1,0,22943,174,0,3,1,1,1,443,517,0
53,1,1,2,1,0,24941,49,1,1,1,2,0,188,215,0
51,1,1,1,1,0,23216,103,0,1,2,NA,0,89,0,0
36,1,0,4,2,0,26893,57,0,3,1,2,1,201,209,0
56,0,0,2,2,0,28443,NA,NA,NA,NA,NA,0,0,0,NA
45,1,1,1,1,0,22795,96,0,1,3,3,0,470,415,0
63,1,0,2,2,0,27689,45,1,1,1,1,0,127,228,0
46,0,1,4,1,0,23939,43,0,4,1,1,1,154,178,0
42,1,1,3,1,0,21512,37,0,1,3,2,1,175,172,0
53,1,0,4,2,0,26633,45,1,5,3,3,1,142,155,0
55,1,1,2,1,0,24123,61,1,2,1,3,0,747,795,0
46,1,0,3,3,0,29060,107,0,1,3,3,1,405,418,0
27,0,1,1,1,0,24965,44,0,2,3,3,0,213,233,0
43,1,0,3,3,0,29253,39,0,3,2,2,1,472,485,0
42,1,0,1,2,0,28101,94,0,1,1,2,0,541,506,0
57,1,0,3,2,0,27339,55,1,1,1,2,1,164,217,0
56,1,1,3,1,0,20464,450,0,4,2,2,1,159,241,0
42,0,1,3,1,0,23327,57,0,1,1,2,1,784,769,0
54,1,1,1,1,0,25383,68,0,1,1,NA,0,57,0,0
57,1,0,4,2,0,27572,81,0,5,3,3,1,224,299,0
52,1,1,1,1,0,20481,83,0,1,1,2,0,861,838,0
35,1,1,4,1,0,24070,52,0,4,2,1,1,213,237,0
48,1,1,3,1,0,21020,92,0,1,3,3,1,363,320,0
52,1,1,1,1,0,21184,67,0,1,1,NA,0,59,0,0
57,1,1,4,1,0,21218,30,1,4,1,NA,1,19,0,0
51,1,0,3,2,0,28698,51,1,2,2,3,1,181,188,0
58,1,1,4,1,0,25140,23,1,2,1,1,1,65,192,0
56,0,0,1,3,0,29079,74,0,1,2,2,0,523,600,0
40,1,0,3,2,0,27688,95,0,1,3,3,1,366,409,0
40,0,1,3,1,0,21282,54,0,1,3,3,1,226,251,0
41,1,0,4,2,0,26403,57,0,5,1,1,1,192,183,0
40,1,1,4,1,0,21654,64,0,5,1,1,1,473,472,0
NA,1,1,4,1,0,26089,45,1,4,1,NA,1,35,0,0
55,1,1,3,1,0,21568,39,1,4,1,1,1,138,158,0
54,1,1,3,1,0,21907,75,0,2,2,2,1,273,304,0
53,1,0,3,2,0,27949,407,0,1,1,1,1,129,284,0
35,0,0,3,3,0,29108,51,0,3,3,2,1,195,300,0
49,1,0,4,2,0,28112,103,0,2,2,3,1,328,319,0
47,0,1,2,1,0,24310,NA,NA,NA,NA,NA,0,0,0,NA
NA,0,0,4,2,0,26395,63,0,5,1,1,1,229,206,0
51,0,0,4,2,0,26817,51,1,5,1,1,1,153,225,0
37,1,1,3,1,0,22587,130,0,4,3,3,1,879,843,0
55,1,1,4,1,0,23628,63,1,1,2,3,1,209,223,0
52,1,0,2,2,0,27614,85,0,1,3,3,0,532,568,0
48,1,0,4,2,0,26414,77,0,5,2,2,1,252,466,0
43,1,1,3,1,0,24438,52,0,2,1,1,1,221,224,0
48,1,1,4,1,0,20946,43,0,3,1,1,1,169,390,0
45,1,0,3,2,0,27852,95,0,1,3,3,1,351,348,0
55,1,0,1,3,0,29471,41,1,1,2,2,0,170,251,0
50,1,1,1,1,0,20853,93,0,2,3,3,0,427,436,0
46,1,1,2,1,0,22799,76,0,1,3,NA,0,66,0,0
46,1,0,4,2,0,27248,49,0,4,1,1,1,159,188,0
51,1,0,3,2,0,27244,12,1,4,2,NA,1,12,0,0
47,1,1,4,1,0,22130,79,0,4,1,2,1,540,479,0
46,1,1,2,1,0,24653,105,0,1,2,2,0,765,655,0
48,1,1,2,1,0,25289,NA,NA,NA,NA,NA,0,0,0,NA
58,1,0,4,2,0,28803,40,1,3,1,1,1,100,182,0
53,0,0,2,3,0,29399,56,1,1,2,2,0,204,266,0
54,1,1,1,1,0,24803,31,1,2,1,2,0,143,213,0
52,1,1,3,1,0,25514,91,0,2,2,3,1,340,349,0
49,1,1,2,1,0,22748,88,0,1,3,3,0,837,737,0
44,1,1,2,1,0,22600,48,0,2,3,3,0,225,387,0
53,1,1,4,1,0,20932,31,1,3,1,2,1,109,149,0
40,1,1,2,1,0,21096,56,0,2,2,2,0,917,790,0
47,1,0,3,2,0,26201,57,0,1,2,2,1,217,271,0
46,1,1,4,1,0,23215,236,0,2,2,3,1,418,409,0
44,1,1,1,1,0,25463,53,0,4,1,1,0,265,282,0
45,1,1,1,1,0,22115,42,0,1,3,3,0,832,807,0
46,1,1,2,1,0,24903,99,0,1,1,1,0,423,488,0
56,1,1,4,1,0,21707,62,1,5,1,2,1,196,224,0
53,1,1,3,1,0,23523,42,1,4,1,1,1,153,152,0
52,0,1,2,1,0,20102,104,0,1,3,3,0,728,655,0
43,1,1,1,1,0,25353,60,0,1,2,2,0,300,343,0
51,1,1,2,1,0,20365,88,0,1,3,3,0,367,369,0
53,0,0,1,2,0,26778,85,0,2,2,2,0,337,367,0
50,0,1,3,1,0,23804,46,1,1,3,3,1,177,260,0
53,1,0,3,2,0,27140,97,0,1,3,3,1,1044,993,0
51,0,0,4,2,0,26351,78,0,5,1,NA,1,45,0,0
58,1,0,3,3,0,29386,44,1,3,2,2,1,142,175,0
42,1,1,1,1,0,20289,40,0,1,2,2,0,206,263,0
40,1,1,4,1,0,25891,63,0,4,2,3,1,250,282,0
50,1,1,1,1,0,23293,77,0,1,3,3,0,815,699,0
41,0,1,1,1,0,21495,147,0,1,1,2,0,1179,981,0
55,1,1,2,1,0,22426,NA,NA,NA,NA,NA,0,0,0,NA
54,0,0,3,3,0,29529,40,1,3,2,2,1,133,147,0
52,1,0,2,2,0,27531,71,0,1,2,3,0,274,293,0
50,1,0,3,3,0,29705,86,0,1,3,3,1,707,722,0
57,1,0,2,2,0,27575,NA,NA,NA,NA,NA,0,0,0,NA
52,1,1,4,1,0,20363,90,0,2,1,2,1,294,272,0
50,1,0,3,3,0,29384,59,0,3,1,1,1,204,250,0
48,1,0,3,3,0,29184,31,0,3,1,NA,1,22,0,0
58,1,0,3,2,0,27012,NA,NA,NA,NA,NA,1,0,0,NA
43,1,0,3,2,0,28960,43,0,2,1,1,1,160,281,0
43,1,0,1,3,0,29797,70,0,1,2,NA,0,136,0,0
43,1,1,1,1,0,25984,25,1,1,3,3,0,140,218,0
47,1,1,4,1,0,25818,29,1,3,3,3,1,113,262,0
53,1,1,2,1,0,23653,63,0,1,3,3,0,260,362,0
54,1,0,4,2,0,26616,108,0,4,2,3,1,313,359,0
49,1,1,3,1,0,21689,43,1,2,1,2,1,167,180,0
47,1,1,2,1,0,25204,49,0,2,1,NA,0,43,0,0
50,1,0,4,2,0,28304,105,0,5,2,3,1,334,417,0
35,0,0,3,2,0,27374,102,0,2,2,2,1,395,464,0
55,0,1,3,1,0,21214,35,0,3,1,NA,1,24,0,0
50,1,1,1,1,0,23623,36,0,1,1,NA,0,34,0,0
50,1,1,1,1,0,20448,107,0,1,2,2,0,494,465,0
57,0,1,4,1,0,20961,20,1,3,2,2,1,70,146,0
50,1,1,4,1,0,21213,43,1,5,3,3,1,160,301,0
45,0,0,3,2,0,28125,39,0,2,1,2,1,140,163,0
NA,NA,1,1,1,0,23735,41,1,1,3,3,0,166,232,0
49,1,0,4,2,0,27275,74,0,4,2,3,1,243,222,0
60,0,0,3,3,0,29685,408,0,3,1,2,1,96,99,0
33,1,1,3,1,0,22643,105,0,1,3,3,1,644,644,0
51,1,1,4,1,0,22852,61,0,4,2,2,1,385,532,0
39,1,1,1,1,0,21417,87,0,2,2,2,0,431,422,0
39,0,1,4,1,0,21977,41,0,5,3,3,1,156,295,0
45,1,1,2,1,0,23881,99,0,1,2,3,0,445,595,0
47,1,0,3,3,0,29333,42,0,3,1,1,1,150,189,0
35,1,0,3,2,0,26567,88,0,1,3,3,1,342,396,0
52,1,0,2,2,0,28180,40,1,2,1,1,0,154,253,0
40,0,0,3,2,0,27505,41,0,1,2,2,1,164,253,0
44,1,1,1,1,0,21606,91,0,1,1,3,0,437,386,0
51,0,1,4,1,0,23431,29,1,3,1,1,1,92,146,0
52,0,1,1,1,0,23736,44,1,1,3,2,0,512,507,0
55,1,1,3,1,0,24555,42,1,1,2,2,1,154,241,0
49,1,1,1,1,0,25905,39,1,2,3,3,0,193,249,0
44,1,1,4,1,0,22738,38,0,3,2,3,1,164,190,0
45,1,0,4,2,0,27634,74,0,4,1,1,1,245,309,0
43,1,0,2,3,0,29717,22,1,1,1,1,0,96,269,0
40,0,1,2,1,0,20192,83,0,2,2,3,0,373,337,0
41,0,1,3,1,0,25084,44,0,1,2,2,1,190,276,0
51,1,0,4,2,0,28176,103,0,5,1,1,1,309,383,0
48,1,0,3,3,0,29653,50,0,3,3,NA,1,38,0,0
52,1,0,3,2,0,27072,NA,NA,NA,NA,NA,1,0,0,NA
41,1,1,4,1,0,23128,49,0,1,2,2,1,199,250,0
44,0,1,4,1,0,20943,82,0,4,1,1,1,464,490,0
45,1,1,3,1,0,20458,77,0,4,1,1,1,315,304,0
47,1,1,1,1,0,24584,45,0,1,3,3,0,609,627,0
47,1,0,3,2,0,27372,51,0,1,3,3,1,193,205,0
42,1,1,1,1,0,22126,56,0,1,2,3,0,285,288,0
51,1,1,3,1,0,20666,83,0,2,2,3,1,319,387,0
52,0,0,4,2,0,28952,44,1,3,1,3,1,125,173,0
50,1,1,3,1,0,23582,NA,NA,NA,NA,NA,1,0,0,NA
66,1,0,3,2,0,27446,96,1,3,2,2,1,206,263,0
52,1,1,4,1,0,23678,107,0,5,3,3,1,358,355,0
46,1,0,3,2,0,27642,40,0,2,1,3,1,148,151,0
48,1,1,3,1,0,20239,51,0,1,1,1,1,204,217,0
42,1,0,3,3,0,29665,106,0,3,3,3,1,414,397,0
49,1,1,4,1,0,22322,48,1,4,1,1,1,181,225,0
44,1,1,3,1,0,25822,65,0,3,1,2,1,260,252,0
51,1,0,4,2,0,26973,57,0,1,1,1,1,172,284,0
48,1,1,4,1,0,20238,35,1,3,2,2,1,130,197,0
49,1,1,2,1,0,21751,57,0,1,3,3,0,917,841,0
49,0,1,2,1,0,23367,NA,NA,NA,NA,NA,0,0,0,NA
59,1,0,3,2,0,27154,61,0,1,1,NA,1,33,0,0
57,1,1,1,1,0,23412,NA,NA,NA,NA,NA,0,0,0,NA
42,1,0,4,2,0,28569,50,0,1,3,3,1,568,593,0
43,1,1,2,1,0,26066,41,0,3,1,2,0,196,211,0
46,1,1,1,1,0,22359,88,0,1,2,3,0,427,435,0
45,1,1,1,1,0,20691,55,0,1,3,3,0,275,307,0
38,1,1,4,1,0,25355,71,0,3,1,1,1,284,307,0
54,1,0,3,2,0,27935,49,1,1,1,2,1,155,190,0
56,1,1,1,1,0,21284,88,0,1,3,3,0,366,397,0
54,0,0,4,2,0,27573,73,0,2,1,NA,1,39,0,0
NA,NA,0,3,3,0,29555,46,0,1,1,1,1,182,224,0
50,1,1,3,1,0,23984,54,0,2,3,3,1,223,255,0
47,1,1,1,1,0,23524,18,1,1,2,3,0,96,123,0
34,1,0,3,2,0,27522,91,0,1,2,3,1,358,389,0
49,0,1,2,1,0,23154,NA,NA,NA,NA,NA,0,0,0,NA
53,1,1,3,1,0,21258,101,0,3,1,1,1,373,361,0
51,1,0,4,3,0,29564,32,0,1,1,NA,1,19,0,0
57,0,0,4,2,0,26982,68,0,3,1,NA,1,33,0,0
55,1,0,3,2,0,27377,101,0,1,2,3,1,571,593,0
43,1,0,2,2,0,27045,81,0,2,1,3,0,867,783,0
52,1,0,3,3,0,29063,72,0,1,1,2,1,237,265,0
42,1,1,1,1,0,22822,16,1,1,1,2,0,1142,955,0
41,1,0,4,2,0,27442,125,0,5,1,2,1,463,549,0
48,1,0,3,2,0,28543,NA,NA,NA,NA,NA,1,0,0,NA
56,1,1,1,1,0,24384,69,0,1,1,NA,0,56,0,0
44,0,1,3,1,0,25724,41,0,2,2,2,1,169,188,0
64,1,1,2,1,0,22080,59,1,1,3,3,0,582,584,0
44,1,1,4,1,0,21437,77,0,4,3,3,1,758,854,0
47,1,1,2,1,0,24146,82,0,1,2,2,0,357,401,0
47,1,0,3,2,0,27291,80,0,1,2,2,1,291,336,0
56,1,1,3,1,0,25288,54,1,3,1,1,1,187,198,0
47,1,1,2,1,0,22120,125,0,2,1,1,0,539,496,0
51,1,0,4,2,0,27477,79,0,1,1,NA,1,60,0,0
54,0,1,4,1,0,24862,69,0,2,3,3,1,218,256,0
41,1,1,4,1,0,20237,52,0,4,1,1,1,199,230,0
46,0,0,4,2,0,27150,23,1,4,1,1,1,68,221,0
58,1,1,4,1,0,23987,51,1,4,1,2,1,150,234,0
55,1,1,1,1,0,24953,NA,NA,NA,NA,NA,0,0,0,NA
48,1,0,3,3,0,29760,109,0,3,3,3,1,395,450,0
42,1,1,1,1,0,26022,92,0,1,2,3,0,586,527,0
34,1,1,2,1,0,25829,49,0,1,2,1,0,239,365,0
50,1,1,1,1,0,25888,47,1,1,3,3,0,528,513,0
46,1,1,4,1,0,24239,109,0,4,1,1,1,388,423,0
60,1,1,1,1,0,24627,45,1,2,1,1,0,170,270,0
50,0,1,3,1,0,21217,86,0,3,3,3,1,327,468,0
46,1,0,2,2,0,28532,52,0,3,3,3,0,230,293,0
47,1,1,4,1,0,21006,42,0,2,1,2,1,148,247,0
50,1,0,3,3,0,29169,100,0,3,1,2,1,340,362,0
46,1,0,4,2,0,26985,91,0,2,1,2,1,652,608,0
60,1,0,2,3,0,29624,69,1,1,3,3,0,222,321,0
51,0,0,1,2,0,26510,57,0,1,3,3,0,242,220,0
49,0,1,1,1,0,25884,42,1,1,1,1,0,184,297,0
47,1,0,1,2,0,26532,49,0,1,2,1,0,220,222,0
51,0,1,4,1,0,25925,154,0,3,2,3,1,522,495,0
44,1,0,3,3,0,29588,43,0,3,2,2,1,176,293,0
56,0,1,4,1,0,23635,120,0,2,1,1,1,403,516,0
64,1,0,3,3,0,29543,41,1,3,1,1,1,101,184,0
61,1,0,4,2,0,28982,NA,NA,NA,NA,NA,1,0,0,NA
49,1,1,4,1,0,24429,103,0,4,1,1,1,358,367,0
50,1,1,2,1,0,21112,88,0,2,1,2,0,363,390,0
46,1,1,1,1,0,26049,60,0,1,1,NA,0,56,0,0
42,0,1,2,1,0,24671,47,0,1,1,2,0,205,333,0
40,1,0,1,2,0,28615,91,0,1,3,3,0,418,381,0
48,1,0,3,2,0,27717,92,0,3,1,2,1,325,335,0
52,1,1,2,1,0,24021,85,0,1,3,3,0,561,518,0
42,0,0,4,2,0,27169,40,0,2,1,1,1,132,202,0
46,1,1,2,1,0,21534,42,0,1,3,3,0,201,206,0
45,1,0,3,3,0,29713,132,0,3,2,2,1,418,418,0
45,1,0,4,2,0,28970,106,0,5,1,2,1,350,420,0
49,0,1,3,1,0,21661,90,0,3,1,2,1,332,320,0
54,1,1,1,1,0,24352,67,0,1,1,1,0,285,294,0
48,1,1,3,1,0,24321,61,0,2,3,3,1,280,301,0
63,1,0,4,2,0,26906,19,1,3,1,1,1,44,155,0
46,1,1,2,1,0,22310,81,0,1,2,3,0,362,343,0
40,1,1,1,1,0,25924,109,0,1,1,1,0,1024,885,0
48,1,1,4,1,0,24029,77,0,4,1,1,1,274,307,0
46,0,0,1,2,0,27997,54,0,1,1,2,0,228,324,0
52,1,1,4,1,0,21249,80,0,2,3,3,1,274,299,0
42,1,1,2,1,0,22019,42,0,1,1,2,0,194,264,0
54,0,1,2,1,0,26132,NA,NA,NA,NA,NA,0,0,0,NA
52,1,1,3,1,0,20190,128,0,1,2,3,1,475,503,0
53,1,0,1,2,0,26748,NA,NA,NA,NA,NA,0,0,0,NA
55,1,0,3,2,0,27984,47,1,1,1,1,1,367,405,0
47,1,1,2,1,0,21313,114,0,1,1,2,0,781,668,0
40,0,1,1,1,0,20720,102,0,2,1,1,0,480,422,0
49,1,0,3,3,0,29280,50,0,3,2,2,1,185,311,0
49,1,1,4,1,0,21268,100,0,4,1,2,1,353,419,0
47,1,0,4,2,0,27669,101,0,3,1,1,1,325,377,0
41,1,1,4,1,0,22313,44,0,4,1,1,1,168,230,0
51,1,1,3,1,0,24229,66,0,2,2,2,1,270,278,0
51,0,1,2,1,0,24333,290,0,1,1,3,0,518,473,0
50,0,0,1,3,0,29020,NA,NA,NA,NA,NA,0,0,0,NA
NA,1,0,4,3,0,29257,93,0,3,2,2,1,825,823,0
44,1,1,1,1,0,24603,80,0,1,3,3,0,392,426,0
54,0,0,1,2,0,26730,104,0,4,2,3,0,409,374,0
57,1,0,3,3,0,29557,20,1,1,3,3,1,81,301,0
38,1,1,1,1,0,23513,65,0,1,2,3,0,322,400,0
44,1,1,1,1,0,23827,58,0,1,1,2,0,282,371,0
39,1,1,1,1,0,21070,49,0,1,1,1,0,246,299,0
41,1,0,2,2,0,28934,47,0,1,3,3,0,852,772,0
44,1,0,2,2,0,27727,42,0,2,1,1,0,192,236,0
60,0,1,3,1,0,25857,169,0,4,1,NA,1,97,0,0
44,1,1,4,1,0,22311,44,0,3,1,2,1,164,321,0
58,1,0,1,2,0,28852,46,1,3,1,1,0,173,252,0
61,0,1,1,1,0,23888,82,1,1,1,2,0,724,806,0
37,0,1,1,1,0,24541,97,0,1,3,3,0,486,442,0
51,1,1,4,1,0,24712,63,0,3,1,1,1,212,313,0
47,0,1,1,1,0,23668,46,0,3,3,2,0,214,221,0
48,0,1,4,1,0,23749,65,0,2,2,2,1,234,273,0
48,1,1,4,1,0,20606,110,0,4,2,3,1,395,496,0
35,1,1,1,1,0,23060,NA,NA,NA,NA,NA,0,0,0,NA
62,1,1,2,1,0,21990,54,1,1,3,3,0,201,286,0
50,0,1,1,1,0,25860,NA,NA,NA,NA,NA,0,0,0,NA
52,1,1,1,1,0,25556,48,1,1,2,2,0,220,351,0
54,1,1,1,1,0,25428,80,0,1,1,1,0,341,380,0
42,1,1,3,1,0,21161,44,0,1,1,1,1,180,230,0
46,1,1,1,1,0,23267,41,0,2,1,1,0,201,212,0
51,1,1,3,1,0,23656,74,0,1,1,2,1,272,332,0
54,1,1,1,1,0,24855,112,0,1,3,3,0,479,440,0
49,1,1,3,1,0,22400,101,0,3,1,1,1,798,739,0
44,1,0,1,2,0,27822,44,0,2,3,3,0,205,313,0
51,1,1,1,1,0,21485,NA,NA,NA,NA,NA,0,0,0,NA
45,1,1,4,1,0,24163,22,1,2,2,2,1,94,162,0
50,1,0,4,2,0,28666,31,1,5,3,3,1,108,221,0
49,1,0,4,2,0,28871,54,0,4,1,1,1,175,275,0
49,0,1,3,1,0,22450,46,1,2,1,1,1,166,276,0
47,1,1,1,1,0,22417,56,0,1,2,3,0,927,966,0
44,1,0,3,3,0,29475,93,0,3,1,1,1,743,710,0
41,1,0,4,2,0,28807,44,0,4,1,2,1,166,260,0
51,1,0,1,2,0,27937,23,1,1,2,2,0,109,105,0
55,1,0,3,2,0,28105,131,0,1,2,2,1,490,449,0
45,1,1,1,1,0,21992,104,0,1,1,3,0,491,531,0
44,1,0,2,2,0,28084,128,0,2,1,2,0,484,435,0
41,1,1,1,1,0,24940,95,0,1,3,3,0,462,493,0
NA,1,1,1,1,0,22341,32,0,1,1,NA,0,24,0,0
38,1,1,3,1,0,22879,85,0,3,2,3,1,360,321,0
54,1,1,2,1,0,21760,33,0,2,1,NA,0,28,0,0
53,0,0,4,2,0,28781,103,0,5,1,1,1,285,301,0
51,1,1,2,1,0,25535,50,1,1,3,3,0,216,208,0
48,0,1,1,1,0,20680,86,0,1,1,2,0,381,363,0
52,1,1,2,1,0,20665,61,0,1,3,3,0,261,244,0
50,1,1,1,1,0,21829,85,0,1,1,2,0,384,376,0
48,1,0,1,2,0,28263,43,1,1,3,3,0,203,276,0
41,1,1,3,1,0,22214,85,0,3,2,3,1,363,372,0
58,0,1,1,1,0,23792,65,1,4,1,1,0,242,314,0
52,0,0,4,2,0,27119,105,0,4,3,3,1,304,298,0
45,1,0,3,2,0,27102,112,0,1,3,3,1,413,502,0
54,0,1,3,1,0,25945,NA,NA,NA,NA,NA,1,0,0,NA
54,1,0,2,2,0,26354,47,1,1,3,3,0,174,269,0
54,0,1,3,1,0,25331,81,0,2,2,2,1,286,366,0
37,1,1,2,1,0,26038,73,0,1,1,3,0,336,380,0
50,1,0,2,3,0,29136,124,0,1,1,2,0,767,705,0
57,1,0,1,2,0,26965,138,0,1,1,1,0,470,471,0
48,1,1,1,1,0,21623,221,0,1,2,3,0,539,473,0
57,1,0,4,2,0,26259,26,1,4,1,1,1,69,138,0
46,1,0,2,2,0,26519,93,0,1,1,1,0,364,393,0
49,1,1,1,1,0,23391,128,0,3,1,1,0,924,775,0
54,1,1,3,1,0,26110,205,0,2,3,3,1,718,703,0
51,1,0,4,2,0,28977,NA,NA,NA,NA,NA,1,0,0,NA
49,1,1,1,1,0,26078,115,0,1,2,2,0,528,506,0
55,0,1,4,1,0,25379,92,0,4,1,1,1,279,263,0
57,1,1,2,1,0,24199,100,0,1,1,1,0,472,416,0
40,1,1,3,1,0,20775,76,0,2,1,2,1,313,357,0
45,0,0,3,2,0,26827,77,0,1,1,NA,1,106,0,0
49,1,1,1,1,0,24968,136,0,1,2,2,0,1086,980,0
40,0,1,3,1,0,25987,66,0,1,3,3,1,277,293,0
45,0,1,2,1,0,22819,160,0,1,3,3,0,863,756,0
55,1,0,4,2,0,28082,20,1,1,2,NA,1,13,0,0
55,1,1,1,1,0,25347,56,0,1,1,NA,0,47,0,0
57,1,1,1,1,0,25338,68,0,1,1,NA,0,54,0,0
49,1,1,1,1,0,23561,114,0,3,1,1,0,550,519,0
33,1,0,4,2,0,28248,52,0,4,1,1,1,186,209,0
57,1,1,3,1,0,21421,71,1,2,1,1,1,229,328,0
50,0,0,4,2,0,27497,NA,NA,NA,NA,NA,1,0,0,NA
50,1,1,1,1,0,23835,85,0,1,2,2,0,391,483,0
49,1,0,4,2,0,26210,22,1,3,2,3,1,84,131,0
56,0,0,1,3,0,29027,25,1,1,1,1,0,92,190,0
33,1,1,1,1,0,25260,26,0,1,2,2,0,144,252,0
43,1,0,1,3,0,29738,414,0,1,2,2,0,191,274,0
52,1,0,1,2,0,27887,59,0,2,1,1,0,244,312,0
51,0,1,1,1,0,21940,88,0,1,1,2,0,377,387,0
48,1,1,2,1,0,24063,NA,NA,NA,NA,NA,0,0,0,NA
39,1,0,3,2,0,26992,106,0,1,3,3,1,786,839,0
54,0,1,1,1,0,21831,75,0,1,1,NA,0,61,0,0
49,0,1,2,1,0,20462,91,0,1,1,2,0,366,361,0
50,1,0,1,2,0,28497,45,1,3,2,2,0,199,236,0
51,0,0,3,2,0,28565,20,1,4,1,1,1,66,187,0
44,1,0,3,3,0,29121,400,0,3,2,3,1,155,223,0
55,0,1,4,1,0,26116,NA,NA,NA,NA,NA,1,0,0,NA
57,1,0,1,2,0,28547,33,1,2,1,NA,0,25,0,0
42,1,1,1,1,0,23320,81,0,1,1,1,0,393,371,0
42,1,1,2,1,0,22895,83,0,1,2,3,0,388,375,0
38,1,0,4,2,0,27732,75,0,3,1,1,1,264,262,0
50,1,1,4,1,0,25991,46,1,3,1,1,1,162,216,0
45,1,1,4,1,0,25457,46,0,5,1,1,1,170,247,0
46,1,0,3,2,0,28081,24,1,3,2,3,1,103,205,0
42,1,1,3,1,0,22951,91,0,2,2,3,1,586,562,0
45,1,1,2,1,0,26047,148,0,1,2,3,0,929,850,0
51,1,1,3,1,0,20929,43,1,4,1,3,1,170,225,0
57,1,0,4,2,0,28251,76,0,5,2,NA,1,41,0,0
52,1,0,3,2,0,26716,77,0,3,3,3,1,264,257,0
57,1,0,3,3,0,29592,59,1,1,1,1,1,176,235,0
42,1,1,2,1,0,24138,78,0,1,3,3,0,891,786,0
35,1,0,1,3,0,29302,39,0,1,2,2,0,203,287,0
51,1,0,4,2,0,27357,48,1,4,1,2,1,147,240,0
48,1,1,4,1,0,21337,55,0,4,2,2,1,476,521,0
56,0,1,2,1,0,21048,84,0,1,1,1,0,301,321,0
39,1,1,2,1,0,21590,164,0,1,3,3,0,973,857,0
50,0,1,2,1,0,24150,1071,0,1,2,1,0,430,489,0
44,1,0,4,2,0,28658,23,1,5,3,3,1,104,158,0
38,1,0,3,2,0,27856,70,0,2,1,1,1,272,341,0
43,1,1,2,1,0,20110,49,0,1,1,1,0,220,280,0
52,1,1,2,1,0,23620,98,0,1,3,3,0,405,470,0
41,1,1,3,1,0,25742,86,0,1,2,2,1,375,377,0
38,1,1,1,1,0,23363,100,0,2,1,1,0,482,504,0
33,0,0,4,2,0,28245,73,0,5,1,1,1,397,361,0
40,0,1,2,1,0,20951,82,0,1,3,3,0,377,391,0
46,0,1,4,1,0,24427,55,0,3,3,3,1,206,263,0
52,1,0,3,2,0,27982,42,1,1,1,2,1,148,215,0
54,1,1,4,1,0,20376,NA,NA,NA,NA,NA,1,0,0,NA
45,1,0,1,3,0,29575,42,0,1,3,3,0,194,242,0
40,1,1,2,1,0,22374,104,0,1,1,2,0,467,562,0
45,1,1,4,1,0,20659,53,0,3,2,3,1,881,816,0
50,1,1,1,1,0,23404,29,1,3,2,3,0,145,215,0
50,1,1,4,1,0,21575,85,0,3,1,1,1,293,279,0
42,1,1,3,1,0,20300,36,0,1,3,3,1,160,186,0
42,1,1,2,1,0,22703,45,0,1,3,3,0,211,287,0
53,1,1,1,1,0,20894,54,1,1,2,3,0,256,307,0
56,0,1,4,1,0,20311,80,0,3,3,3,1,241,291,0
42,0,1,3,1,0,20595,52,0,3,1,1,1,205,202,0
54,0,1,1,1,0,24090,81,0,1,2,3,0,341,347,0
59,0,1,2,1,0,26075,45,1,1,1,NA,0,30,0,0
37,1,1,4,1,0,21078,46,0,2,3,3,1,195,327,0
36,1,0,3,2,0,27312,76,0,1,1,1,1,776,702,0
44,0,0,2,2,0,27319,90,0,1,3,3,0,370,579,0
NA,NA,1,3,1,0,24920,26,1,1,1,1,1,98,224,0
44,1,0,3,2,0,28560,160,0,1,3,3,1,489,452,0
49,1,0,1,2,0,28053,46,0,3,2,2,0,209,302,0
46,0,0,1,2,0,28354,83,0,1,3,3,0,368,415,0
28,1,1,1,1,0,23718,50,0,2,3,2,0,256,267,0
47,1,1,3,1,0,25811,60,0,2,1,1,1,241,235,0
55,1,1,1,1,0,21052,51,1,1,3,3,0,230,258,0
46,1,1,1,1,0,26015,27,1,1,2,3,0,889,828,0
54,1,0,1,3,0,29210,38,1,1,1,2,0,1174,1162,0
47,1,0,3,3,0,29098,25,1,1,2,3,1,103,185,0
51,1,1,1,1,0,24868,NA,NA,NA,NA,NA,0,0,0,NA
43,0,0,3,2,0,26781,84,0,1,2,2,1,309,305,0
47,1,0,1,2,0,28341,94,0,3,1,1,0,395,392,0
47,0,1,3,1,0,21744,123,0,3,1,1,1,487,471,0
42,1,1,1,1,0,21637,490,0,1,2,2,0,241,247,0
47,1,1,2,1,0,23077,119,0,1,1,1,0,580,500,0
39,1,0,4,2,0,26550,138,0,5,2,2,1,725,706,0
41,1,1,4,1,0,20203,102,0,3,1,1,1,381,362,0
43,0,0,4,2,0,28563,NA,NA,NA,NA,NA,1,0,0,NA
51,1,1,1,1,0,21265,27,0,1,1,NA,0,25,0,0
65,0,1,2,1,0,23584,46,1,1,2,1,0,136,200,0
38,1,0,4,2,0,26795,42,0,5,1,2,1,150,350,0
49,0,0,2,2,0,27348,72,0,1,3,3,0,288,329,0
47,1,1,3,1,0,23227,42,0,2,3,3,1,182,225,0
46,0,1,2,1,0,20393,51,0,1,1,1,0,214,255,0
45,1,1,4,1,0,24393,49,0,5,2,3,1,192,244,0
56,0,0,3,2,0,28218,123,0,1,2,3,1,535,550,0
57,1,1,4,1,0,25883,79,0,2,3,3,1,654,610,0
67,1,0,3,3,0,29699,NA,NA,NA,NA,NA,1,0,0,NA
56,0,0,1,3,0,29613,49,1,1,1,2,0,183,258,0
43,1,0,4,2,0,26826,48,0,5,1,1,1,164,181,0
48,0,1,2,1,0,21032,41,1,2,3,3,0,173,230,0
58,1,0,2,2,0,27278,65,0,2,1,NA,0,137,0,0
42,1,0,4,2,0,27251,31,0,3,2,3,1,124,246,0
58,1,1,2,1,0,22002,57,1,2,1,2,0,210,302,0
42,1,1,2,1,0,25007,83,0,1,3,3,0,383,349,0
37,0,1,2,1,0,20085,85,0,2,1,1,0,381,450,0
48,1,1,4,1,0,23488,55,0,4,1,1,1,202,203,0
45,1,0,2,2,0,27979,41,0,2,2,3,0,183,208,0
41,0,1,1,1,0,26017,99,0,1,3,3,0,793,663,0
38,1,1,1,1,0,21227,69,0,1,2,3,0,367,426,0
53,1,0,3,2,0,26692,29,1,1,1,1,1,94,219,0
51,1,0,3,2,0,28570,24,1,3,1,1,1,90,180,0
NA,1,0,4,2,0,28577,42,0,4,2,1,1,174,267,0
43,0,1,3,1,0,23697,49,0,3,1,1,1,195,218,0
48,1,1,2,1,0,23755,88,0,1,2,3,0,389,394,0
33,1,1,4,1,0,20038,68,0,2,3,3,1,266,339,0
38,1,1,4,1,0,25548,48,0,1,1,1,1,186,276,0
47,1,1,2,1,0,24441,409,0,2,2,3,0,181,253,0
39,1,0,4,2,0,27076,42,0,4,1,2,1,154,165,0
41,1,1,4,1,0,24620,47,0,3,1,2,1,180,217,0
56,1,1,1,1,0,26074,43,1,2,1,1,0,177,214,0
52,1,1,4,1,0,25062,57,0,1,1,2,1,192,249,0
51,1,0,2,3,0,29252,30,1,1,1,1,0,125,173,0
48,1,1,3,1,0,23705,49,0,2,1,1,1,191,279,0
50,1,1,4,1,0,22113,231,0,5,1,3,1,719,709,0
43,0,1,2,1,0,20142,92,0,1,2,2,0,407,391,0
36,1,1,2,1,0,24588,80,0,2,1,1,0,607,598,0
49,1,1,3,1,0,20960,86,0,1,2,2,1,337,298,0
44,0,0,4,2,0,26767,47,0,4,1,2,1,157,211,0
49,0,1,2,1,0,22881,120,0,1,3,3,0,710,682,0
46,1,1,2,1,0,22636,29,1,1,2,2,0,140,188,0
53,1,0,4,2,0,27242,41,1,5,1,1,1,119,210,0
56,1,1,2,1,0,21333,NA,NA,NA,NA,NA,0,0,0,NA
37,1,0,3,3,0,29215,63,0,1,2,2,1,248,316,0
37,0,0,3,3,0,29559,108,0,3,1,1,1,405,527,0
48,1,1,4,1,0,22687,73,0,4,1,1,1,255,330,0
41,1,0,3,2,0,28049,51,0,2,1,2,1,198,200,0
52,0,0,4,2,0,28533,NA,NA,NA,NA,NA,1,0,0,NA
57,1,1,3,1,0,22165,102,0,3,2,1,1,420,534,0
50,1,1,1,1,0,22474,158,0,1,1,1,0,1549,1309,0
46,1,1,3,1,0,22621,92,0,3,3,3,1,722,779,0
49,1,0,4,2,0,27854,49,0,4,1,1,1,170,208,0
41,1,1,2,1,0,20632,46,0,1,2,2,0,228,217,0
50,1,1,2,1,0,23798,24,1,1,2,2,0,118,205,0
44,1,0,4,2,0,28432,43,0,4,2,2,1,166,188,0
44,1,1,1,1,0,25023,104,0,1,1,3,0,490,461,0
49,1,1,3,1,0,23145,60,0,2,1,1,1,231,340,0
46,1,0,1,2,0,27205,42,0,1,2,3,0,203,289,0
51,1,1,3,1,0,22045,96,0,3,1,1,1,360,367,0
38,1,0,3,3,0,29351,243,0,3,1,3,1,773,820,0
49,1,1,1,1,0,26156,94,0,3,1,2,0,426,396,0
63,1,1,2,1,0,24443,32,1,1,1,NA,0,88,0,0
55,1,0,4,2,0,26790,73,0,3,2,2,1,693,702,0
44,1,1,2,1,0,20286,77,0,1,1,2,0,344,421,0
39,1,1,1,1,0,21644,86,0,1,3,3,0,421,488,0
47,0,0,1,3,0,29775,NA,NA,NA,NA,NA,0,0,0,NA
39,1,1,1,1,0,23220,104,0,3,2,3,0,526,467,0
39,0,0,3,3,0,29755,67,0,3,2,2,1,269,285,0
55,1,1,1,1,0,20115,52,1,1,1,2,0,214,264,0
43,1,1,2,1,0,25541,41,0,1,3,3,0,191,248,0
60,1,0,4,2,0,27332,52,1,3,1,3,1,122,243,0
32,1,1,4,1,0,24056,54,0,5,1,2,1,1133,962,0
37,1,0,3,3,0,29578,62,0,3,2,1,1,252,259,0
58,1,1,2,1,0,24556,53,1,1,2,3,0,200,245,0
51,1,0,4,2,0,27336,76,0,5,1,2,1,230,348,0
51,1,1,3,1,0,24828,41,1,4,1,1,1,154,291,0
46,0,1,1,1,0,23042,31,1,1,1,2,0,141,221,0
48,1,0,4,2,0,27111,155,0,5,1,2,1,390,398,0
64,1,1,4,1,0,23198,NA,NA,NA,NA,NA,1,0,0,NA
38,1,0,2,2,0,28770,112,0,3,2,2,0,512,484,0
46,1,1,1,1,0,24338,55,0,1,2,2,0,930,920,0
42,0,0,3,2,0,28324,44,0,1,3,3,1,669,667,0
51,1,1,4,1,0,25874,NA,NA,NA,NA,NA,1,0,0,NA
42,1,0,3,2,0,26785,22,1,1,1,1,1,90,130,0
51,0,1,1,1,0,25722,80,0,1,1,NA,0,70,0,0
44,1,1,1,1,0,22694,86,0,1,1,1,0,407,407,0
38,1,1,4,1,0,21487,102,0,3,1,1,1,389,453,0
44,0,1,3,1,0,22085,20,1,3,1,1,1,83,249,0
41,1,0,4,2,0,28861,61,0,4,1,1,1,212,236,0
41,1,1,3,1,0,20614,75,0,1,1,1,1,318,299,0
64,1,0,3,2,0,27974,NA,NA,NA,NA,NA,1,0,0,NA
46,1,0,2,2,0,28830,42,0,1,1,1,0,175,188,0
34,0,1,2,1,0,25756,66,0,1,2,2,0,918,771,0
55,1,0,3,2,0,27425,85,0,1,3,3,1,272,291,0
49,1,1,4,1,0,24690,101,0,2,3,3,1,365,458,0
54,0,0,4,2,0,28149,45,1,5,1,2,1,123,282,0
45,1,0,1,3,0,29590,47,0,1,3,2,0,224,260,0
44,1,0,1,2,0,26902,77,0,1,2,3,0,355,385,0
44,0,0,3,3,0,29270,95,0,3,1,2,1,341,358,0
49,1,0,3,2,0,26852,42,1,1,3,3,1,801,755,0
47,1,0,3,3,0,29703,51,0,3,1,1,1,189,251,0
54,0,0,3,2,0,28941,108,0,1,1,NA,1,121,0,0
42,1,1,3,1,0,20898,84,0,1,1,2,1,344,356,0
57,1,1,1,1,0,24518,35,1,1,2,2,0,157,206,0
43,1,0,3,2,0,27113,82,0,1,1,2,1,307,323,0
47,1,1,2,1,0,23100,86,0,1,2,1,0,382,450,0
49,0,1,3,1,0,22796,87,0,1,2,1,1,330,311,0
47,1,1,2,1,0,22351,97,0,1,2,2,0,428,443,0
34,0,0,3,2,0,27360,30,0,5,2,2,1,122,219,0
36,0,0,1,3,0,29296,146,0,1,3,3,0,966,828,0
44,1,1,1,1,0,22659,102,0,1,3,3,0,487,458,0
50,1,0,3,3,0,29392,55,0,3,2,3,1,202,353,0
41,1,1,3,1,0,21773,406,0,1,3,2,1,174,190,0
36,1,0,4,2,0,26891,89,0,4,2,2,1,327,295,0
42,0,1,2,1,0,26032,160,0,1,3,3,0,806,718,0
50,1,1,3,1,0,25000,32,1,2,1,1,1,143,332,0
49,1,1,1,1,0,22133,52,0,1,1,1,0,254,380,0
51,1,0,3,2,0,26355,152,0,1,2,1,1,471,484,0
49,0,0,4,2,0,26653,151,0,4,2,2,1,925,796,0
48,1,1,1,1,0,23150,34,1,1,2,2,0,941,867,0
40,1,1,3,1,0,23733,49,0,5,1,1,1,207,256,0
42,1,1,2,1,0,21043,76,0,2,2,3,0,354,410,0
42,1,1,1,1,0,22283,83,0,1,2,2,0,401,440,0
NA,0,1,2,1,0,25024,88,0,1,2,3,0,759,657,0
46,1,0,4,2,0,26206,104,0,3,3,3,1,351,315,0
44,1,1,4,1,0,24913,NA,NA,NA,NA,NA,1,0,0,NA
40,1,1,1,1,0,23709,NA,NA,NA,NA,NA,0,0,0,NA
45,1,1,3,1,0,23251,58,0,1,2,2,1,244,283,0
50,1,1,2,1,0,23588,51,0,1,1,1,0,214,231,0
38,0,0,2,3,0,29082,49,0,1,1,1,0,221,200,0
42,1,1,3,1,0,20216,72,0,2,3,3,1,317,295,0
37,1,1,1,1,0,23502,111,0,1,3,3,0,547,500,0
55,0,0,3,2,0,26843,26,1,4,1,2,1,76,77,0
50,1,1,3,1,0,25156,41,1,1,1,2,1,157,186,0
53,1,1,3,1,0,22309,89,0,1,1,2,1,318,293,0
46,1,0,3,3,0,29267,81,0,3,1,1,1,758,682,0
46,1,1,4,1,0,24683,102,0,3,1,2,1,360,379,0
48,1,1,1,1,0,20532,94,0,1,3,2,0,800,720,0
46,1,0,4,2,0,27701,41,0,4,3,3,1,156,219,0
43,1,0,4,2,0,27355,43,0,3,1,1,1,146,280,0
46,1,0,4,2,0,26665,40,0,5,2,2,1,156,273,0
57,1,1,1,1,0,25552,74,0,1,1,NA,0,58,0,0
47,1,0,3,3,0,29059,79,0,1,2,2,1,299,376,0
48,1,0,4,2,0,27423,49,0,1,3,3,1,406,373,0
50,1,1,1,1,0,22418,75,0,1,1,1,0,334,314,0
48,0,1,4,1,0,21019,63,0,4,2,3,1,759,733,0
49,1,0,2,3,0,29439,198,0,1,1,2,0,604,609,0
48,1,1,3,1,0,24517,166,0,3,1,1,1,786,776,0
32,1,1,3,1,0,21321,86,0,1,1,1,1,363,358,0
60,1,1,4,1,0,25855,23,1,4,1,NA,1,12,0,0
48,1,1,1,1,0,25753,636,0,1,1,1,0,285,362,0
43,1,1,1,1,0,23049,90,0,2,3,3,0,438,447,0
40,1,0,3,3,0,29772,53,0,3,1,3,1,211,248,0
50,1,1,4,1,0,22565,90,0,5,2,2,1,510,534,0
50,1,1,3,1,0,20257,46,1,2,3,3,1,189,238,0
41,1,1,3,1,0,21591,96,0,1,1,1,1,506,452,0
43,1,0,3,2,0,28733,105,0,1,2,2,1,399,500,0
50,1,1,1,1,0,20554,56,0,3,1,3,0,249,344,0
50,1,0,4,2,0,27406,54,0,5,3,3,1,183,242,0
51,1,0,2,2,0,27401,75,0,2,2,2,0,871,733,0
52,0,1,2,1,0,23294,51,1,2,1,2,0,202,296,0
NA,1,1,2,1,0,21066,431,0,1,2,2,0,171,227,0
42,1,0,4,2,0,28621,83,0,2,3,3,1,295,324,0
49,1,1,4,1,0,23329,43,1,4,2,2,1,161,213,0
40,1,1,4,1,0,25515,103,0,4,3,3,1,400,457,0
47,1,0,3,3,0,29170,415,0,3,1,1,1,145,346,0
43,1,1,4,1,0,26126,110,0,4,2,2,1,600,574,0
51,1,1,4,1,0,23734,111,0,4,1,1,1,367,392,0
53,1,1,2,1,0,25283,44,1,1,1,3,0,175,220,0
42,0,0,3,3,0,29742,43,0,3,3,3,1,164,249,0
27,1,1,2,1,0,20746,71,0,1,1,1,0,309,401,0
56,1,1,4,1,0,23931,NA,NA,NA,NA,NA,1,0,0,NA
45,1,1,3,1,0,23471,99,0,2,2,3,1,405,455,0
44,0,1,4,1,0,24540,68,0,1,3,3,1,256,317,0
52,1,1,3,1,0,24030,NA,NA,NA,NA,NA,1,0,0,NA
39,1,1,1,1,0,21259,61,0,1,3,3,0,308,444,0
47,1,1,4,1,0,21523,NA,NA,NA,NA,NA,1,0,0,NA
46,1,1,2,1,0,22786,42,0,1,1,2,0,187,247,0
55,0,1,2,1,0,20834,68,1,3,3,2,0,264,340,0
34,0,0,4,2,0,28629,52,0,3,2,3,1,191,272,0
NA,0,1,4,1,0,23308,47,1,1,2,3,1,195,261,0
62,1,1,4,1,0,20390,91,0,4,1,1,1,223,253,0
50,1,0,2,2,0,27300,100,0,1,1,1,0,1223,1146,0
47,0,1,1,1,0,21024,27,1,1,3,3,0,133,212,0
45,1,1,4,1,0,25542,55,0,1,1,3,1,203,334,0
40,0,1,2,1,0,23497,81,0,1,1,1,0,358,422,0
42,1,1,1,1,0,22190,50,0,1,3,3,0,252,281,0
58,1,1,3,1,0,24908,82,0,3,3,3,1,273,342,0
53,0,0,2,3,0,29693,NA,NA,NA,NA,NA,0,0,0,NA
53,1,0,4,2,0,28617,70,0,3,2,2,1,371,372,0
48,1,1,1,1,0,21604,143,0,1,2,2,0,989,879,0
38,0,0,3,3,0,29415,82,0,1,1,2,1,309,401,0
49,0,1,1,1,0,22652,88,0,1,3,2,0,404,424,0
39,1,1,3,1,0,20073,42,0,2,1,1,1,176,233,0
45,1,0,3,3,0,29620,85,0,1,2,2,1,320,355,0
49,0,0,4,2,0,28366,32,0,4,1,NA,1,19,0,0
48,1,1,2,1,0,22324,96,0,1,1,1,0,406,462,0
52,1,0,3,2,0,28657,59,0,1,1,NA,1,40,0,0
41,1,0,1,2,0,26663,87,0,1,3,3,0,399,363,0
63,1,1,2,1,0,25692,NA,NA,NA,NA,NA,0,0,0,NA
56,0,0,3,3,0,29286,40,1,3,1,1,1,116,140,0
42,1,0,2,3,0,29013,94,0,1,1,1,0,831,763,0
54,0,1,2,1,0,24609,46,1,1,3,3,0,175,274,0
44,0,0,3,3,0,29303,66,0,3,1,1,1,239,383,0
42,1,1,4,1,0,25274,46,0,3,2,3,1,188,302,0
44,1,0,4,2,0,27951,50,0,5,2,2,1,180,194,0
44,0,0,3,2,0,26996,40,0,3,2,2,1,163,276,0
39,1,1,3,1,0,21669,38,0,2,1,2,1,165,227,0
44,1,1,2,1,0,20488,114,0,1,3,3,0,936,814,0
42,0,1,4,1,0,21735,104,0,5,1,1,1,378,418,0
45,1,1,3,1,0,25162,90,0,2,2,3,1,677,652,0
45,1,1,3,1,0,24727,42,0,2,2,2,1,185,242,0
49,1,0,3,2,0,27663,84,0,1,1,NA,1,91,0,0
51,1,1,2,1,0,23952,48,0,1,1,NA,0,39,0,0
54,1,0,3,2,0,28883,NA,NA,NA,NA,NA,1,0,0,NA
40,1,0,4,2,0,27120,43,0,4,2,1,1,163,152,0
45,1,1,3,1,0,23554,101,0,2,2,3,1,407,378,0
43,1,0,3,3,0,29645,67,0,3,1,2,1,250,280,0
46,0,0,1,2,0,27993,29,1,3,1,1,0,126,196,0
48,1,1,1,1,0,22262,96,0,1,2,2,0,458,403,0
46,1,0,3,3,0,29680,106,0,3,1,1,1,389,374,0
40,1,1,3,1,0,25484,28,0,2,2,3,1,131,166,0
54,1,0,3,2,0,28747,71,0,2,2,2,1,232,335,0
53,1,0,3,3,0,29103,50,1,3,2,2,1,182,282,0
51,1,1,4,1,0,21963,54,0,2,1,2,1,194,239,0
45,1,1,3,1,0,23026,104,0,3,3,3,1,730,685,0
44,1,1,3,1,0,22675,62,0,2,1,1,1,251,370,0
54,1,1,3,1,0,25486,42,1,1,2,1,1,166,239,0
51,1,0,4,2,0,26612,46,1,4,2,3,1,154,186,0
51,1,1,4,1,0,24390,57,0,4,2,1,1,203,254,0
43,1,1,2,1,0,22000,41,0,4,2,2,0,195,243,0
42,1,1,1,1,0,23577,90,0,3,3,2,0,441,373,0
55,0,1,1,1,0,22865,95,0,4,1,1,0,387,425,0
50,0,1,3,1,0,25390,161,0,1,3,3,1,574,533,0
49,0,0,1,2,0,26752,31,1,2,2,3,0,143,283,0
43,1,1,4,1,0,20412,45,0,3,3,3,1,180,252,0
40,1,0,4,2,0,26282,78,0,1,1,1,1,273,272,0
50,1,1,1,1,0,23135,94,0,3,3,3,0,428,389,0
NA,0,1,1,1,0,24648,49,0,1,2,3,0,192,229,0
54,1,0,1,2,0,28722,33,1,1,2,2,0,725,671,0
40,1,1,4,1,0,21370,86,0,4,3,3,1,338,384,0
48,1,0,3,3,0,29450,24,0,3,1,NA,1,19,0,0
43,1,1,4,1,0,25870,105,0,3,1,1,1,393,465,0
49,1,0,1,2,0,28344,41,1,1,1,1,0,170,222,0
43,1,0,4,2,0,28228,106,0,2,1,1,1,364,468,0
40,1,0,3,3,0,29512,51,0,3,1,2,1,203,244,0
49,1,1,1,1,0,25163,111,0,1,3,3,0,507,517,0
53,1,1,4,1,0,25474,NA,NA,NA,NA,NA,1,0,0,NA
48,1,1,4,1,0,21863,54,0,4,1,3,1,189,246,0
48,1,0,3,3,0,29289,40,1,3,3,3,1,158,182,0
49,1,1,1,1,0,21608,63,0,4,1,3,0,282,343,0
50,1,1,2,1,0,20573,64,0,1,1,NA,0,52,0,0
41,1,1,1,1,0,23338,172,0,1,3,3,0,582,652,0
52,1,1,4,1,0,23805,44,1,3,1,1,1,155,182,0
45,1,1,2,1,0,21031,41,0,1,1,1,0,193,237,0
46,1,1,3,1,0,24129,108,0,1,2,3,1,430,436,0
43,1,1,1,1,0,20213,5,1,1,1,1,0,38,89,0
58,1,1,4,1,0,21179,14,1,3,3,3,1,56,108,0
59,1,1,1,1,0,21795,118,0,1,3,3,0,510,475,0
45,0,1,1,1,0,20717,37,0,1,1,NA,0,34,0,0
58,0,1,1,1,0,23908,90,0,1,2,3,0,353,332,0
53,0,0,2,3,0,29076,63,0,1,2,3,0,226,275,0
43,0,1,1,1,0,22787,71,0,1,3,3,0,1138,981,0
46,1,1,3,1,0,21809,48,0,3,1,1,1,190,239,0
54,1,0,3,2,0,27816,NA,NA,NA,NA,NA,1,0,0,NA
48,1,1,4,1,0,24662,NA,NA,NA,NA,NA,1,0,0,NA
48,1,1,2,1,0,20495,30,0,1,1,NA,0,25,0,0
57,1,0,4,2,0,28555,NA,NA,NA,NA,NA,1,0,0,NA
NA,1,1,2,1,0,21559,102,0,1,3,3,0,592,608,0
53,1,1,3,1,0,24652,49,1,1,3,3,1,192,262,0
49,0,0,3,2,0,26575,104,0,1,3,3,1,358,493,0
48,1,1,4,1,0,20655,63,0,4,2,1,1,410,487,0
53,1,0,3,2,0,27899,58,1,2,1,1,1,188,284,0
44,0,1,2,1,0,24349,86,0,1,1,1,0,372,366,0
41,1,1,2,1,0,21622,21,0,1,3,3,0,111,167,0
38,1,1,3,1,0,22665,128,0,1,2,3,1,535,488,0
44,0,1,4,1,0,22314,61,0,5,1,2,1,732,651,0
36,1,0,4,2,0,27793,47,0,4,1,1,1,168,260,0
47,1,1,1,1,0,22485,72,0,1,3,3,0,350,345,0
45,1,1,4,1,0,24460,52,0,1,3,2,1,207,240,0
56,0,0,3,3,0,29674,80,0,1,1,NA,1,94,0,0
49,1,1,2,1,0,25504,59,0,1,3,3,0,264,337,0
50,1,0,4,2,0,27095,29,1,3,3,3,1,105,181,0
48,1,0,3,3,0,29515,45,0,3,1,2,1,158,338,0
39,1,1,3,1,0,25976,62,0,2,2,NA,1,53,0,0
50,1,0,3,2,0,27099,92,0,1,2,3,1,673,623,0
46,1,1,1,1,0,24713,35,1,1,1,2,0,176,192,0
48,1,1,2,1,0,25915,82,0,4,1,1,0,686,647,0
52,1,0,3,2,0,26511,57,0,1,1,NA,1,85,0,0
40,0,1,1,1,0,22011,135,0,1,2,2,0,1005,957,0
63,1,1,3,1,0,25399,38,1,1,2,2,1,116,149,0
67,1,1,2,1,0,22715,22,1,1,1,NA,0,12,0,0
42,1,1,3,1,0,23430,62,0,3,1,NA,1,51,0,0
45,1,0,3,2,0,26311,81,0,1,3,3,1,309,321,0
44,1,1,2,1,0,22106,48,0,2,3,3,0,221,276,0
42,1,0,3,3,0,29058,104,0,1,1,3,1,744,718,0
46,1,1,2,1,0,24804,NA,NA,NA,NA,NA,0,0,0,NA
56,1,1,3,1,0,25367,65,0,1,1,NA,1,44,0,0
46,1,0,4,2,0,26559,123,0,1,1,NA,1,55,0,0
38,1,0,1,3,0,29419,55,0,1,1,2,0,256,292,0
49,0,0,4,2,0,27166,25,1,3,1,2,1,77,156,0
45,0,0,4,2,0,26215,52,0,5,1,1,1,163,219,0
38,1,0,4,2,0,26175,99,0,2,2,3,1,354,375,0
49,1,1,4,1,0,23890,NA,NA,NA,NA,NA,1,0,0,NA
53,0,1,1,1,0,22598,48,0,2,1,NA,0,40,0,0
49,1,1,3,1,0,21410,53,0,2,2,2,1,217,193,0
45,1,1,1,1,0,25796,129,0,1,3,3,0,1151,1086,0
55,1,0,4,2,0,26377,NA,NA,NA,NA,NA,1,0,0,NA
43,1,0,4,2,0,28092,111,0,5,3,3,1,415,394,0
42,1,1,3,1,0,22049,96,0,2,3,3,1,402,444,0
42,1,0,4,2,0,26945,85,0,4,1,2,1,413,395,0
NA,1,0,2,2,0,27736,100,0,1,2,2,0,496,442,0
33,1,0,3,2,0,26361,90,0,1,1,1,1,349,378,0
37,1,0,3,2,0,26457,91,0,1,2,2,1,356,374,0
NA,0,0,4,2,0,27780,NA,NA,NA,NA,NA,1,0,0,NA
41,1,1,4,1,0,21003,47,0,2,1,1,1,180,212,0
35,0,1,4,1,0,25343,46,0,1,1,1,1,169,177,0
44,1,0,3,2,0,27540,44,0,1,3,3,1,189,232,0
44,1,1,1,1,0,24723,107,0,1,2,2,0,510,476,0
39,0,0,1,2,0,28958,57,0,3,1,2,0,259,312,0
49,1,0,4,2,0,26605,48,0,3,2,2,1,160,196,0
46,1,1,1,1,0,25242,47,0,1,2,2,0,231,253,0
64,1,0,4,2,0,27334,NA,NA,NA,NA,NA,1,0,0,NA
42,1,1,4,1,0,20968,NA,NA,NA,NA,NA,1,0,0,NA
48,1,1,3,1,0,23157,64,0,2,2,3,1,261,308,0
48,1,1,1,1,0,24008,110,0,3,1,2,0,499,478,0
42,1,1,4,1,0,21580,101,0,5,1,1,1,769,814,0
52,1,1,2,1,0,23965,41,0,1,2,NA,0,97,0,0
49,1,0,4,2,0,27202,32,1,5,1,1,1,106,195,0
45,1,1,1,1,0,25048,75,0,1,3,3,0,743,627,0
55,1,1,3,1,0,21782,107,0,3,3,3,1,695,605,0
49,0,1,1,1,0,23845,32,1,1,3,3,0,141,201,0
34,1,1,3,1,0,21267,41,0,3,1,1,1,185,288,0
45,1,0,4,2,0,27580,33,1,5,1,1,1,113,151,0
55,1,1,2,1,0,24561,NA,NA,NA,NA,NA,0,0,0,NA
41,1,1,1,1,0,25971,67,0,1,2,2,0,332,433,0
60,1,1,1,1,0,25787,32,1,1,1,1,0,1273,1078,0
46,1,0,3,3,0,29241,25,1,1,2,3,1,102,192,0
42,1,1,3,1,0,24475,44,0,2,2,2,1,197,248,0
44,1,1,1,1,0,24155,249,0,1,2,1,0,564,497,0
46,0,1,1,1,0,23196,91,0,1,1,2,0,417,385,0
37,1,1,4,1,0,23108,71,0,4,1,1,1,272,345,0
46,1,1,4,1,0,25966,77,0,1,1,1,1,285,352,0
54,1,0,4,3,0,29336,107,0,3,1,2,1,297,277,0
46,1,1,4,1,0,20169,103,0,3,2,2,1,429,455,0
49,1,1,1,1,0,20036,29,1,1,2,2,0,145,169,0
47,1,1,3,1,0,25310,47,0,2,1,1,1,186,203,0
48,1,0,1,2,0,28225,89,0,5,1,1,0,515,425,0
44,1,1,4,1,0,23229,86,0,4,1,1,1,317,352,0
58,1,0,1,2,0,27456,805,0,2,2,2,0,290,350,0
39,1,0,3,3,0,29175,77,0,3,2,1,1,827,703,0
49,1,0,4,2,0,28588,29,1,3,1,1,1,94,160,0
56,1,1,3,1,0,23003,NA,NA,NA,NA,NA,1,0,0,NA
53,1,1,4,1,0,20996,108,0,3,1,2,1,347,350,0
40,1,1,1,1,0,20699,97,0,3,3,3,0,488,515,0
50,1,1,1,1,0,22357,17,1,3,1,1,0,79,144,0
51,1,1,4,1,0,25341,112,0,3,1,2,1,372,404,0
51,1,1,2,1,0,21236,40,1,1,2,3,0,180,220,0
50,1,1,2,1,0,22735,84,0,1,3,3,0,358,372,0
57,1,1,1,1,0,25861,30,1,1,1,NA,0,24,0,0
46,1,1,1,1,0,20892,121,0,1,2,2,0,905,889,0
44,0,1,1,1,0,23943,77,0,1,2,3,0,882,773,0
58,1,0,4,2,0,27130,41,1,4,1,1,1,107,278,0
34,1,1,1,1,0,22187,103,0,1,1,1,0,702,631,0
54,1,1,3,1,0,25826,51,1,1,3,3,1,187,251,0
43,0,1,4,1,0,20675,42,0,3,1,1,1,150,230,0
NA,NA,0,4,3,0,29064,106,0,3,1,3,1,400,479,0
NA,NA,1,3,1,0,20524,38,0,4,1,NA,1,29,0,0
51,1,1,1,1,0,20638,28,1,2,1,1,0,132,159,0
54,1,1,2,1,0,22709,59,1,2,1,2,0,1454,1212,0
48,1,1,1,1,0,21971,90,0,1,1,2,0,416,446,0
40,1,0,4,2,0,28913,104,0,5,1,3,1,683,724,0
47,1,0,3,3,0,29147,101,0,1,3,3,1,366,347,0
52,1,1,2,1,0,24127,82,0,1,3,3,0,349,440,0
49,1,1,2,1,0,20941,40,1,1,1,1,0,167,224,0
39,0,0,4,2,0,27143,107,0,5,3,3,1,365,341,0
46,1,1,1,1,0,21242,30,1,1,1,1,0,163,212,0
50,1,1,3,1,0,24939,41,1,4,1,2,1,162,207,0
48,1,1,2,1,0,22849,81,0,1,3,3,0,352,366,0
47,1,0,1,3,0,29213,49,0,1,3,3,0,223,314,0
36,1,0,1,2,0,26324,42,0,1,3,3,0,199,237,0
50,0,1,3,1,0,24283,43,1,3,1,1,1,152,175,0
54,1,0,4,2,0,28306,53,1,1,3,3,1,394,418,0
54,1,1,1,1,0,21285,61,1,3,1,1,0,259,220,0
43,1,1,3,1,0,24006,126,0,3,2,2,1,841,733,0
39,0,0,4,2,0,28252,20,0,4,3,3,1,77,167,0
40,1,1,1,1,0,20848,89,0,1,3,2,0,436,378,0
55,1,0,1,3,0,29546,92,0,1,3,3,0,366,345,0
60,1,0,4,2,0,27873,47,1,4,2,3,1,118,275,0
49,0,1,3,1,0,24319,177,0,3,2,2,1,435,436,0
50,1,0,4,2,0,28417,61,0,5,1,1,1,191,261,0
52,0,1,1,1,0,23924,86,0,1,1,3,0,357,349,0
48,1,1,1,1,0,20483,92,0,1,2,2,0,430,483,0
35,0,0,4,2,0,26643,48,0,4,1,1,1,164,228,0
44,1,0,4,2,0,26709,76,0,4,1,3,1,256,239,0
58,1,0,1,2,0,27296,124,0,1,3,3,0,436,406,0
60,1,0,4,2,0,26306,108,0,4,1,2,1,247,297,0
49,1,0,4,2,0,27637,41,1,5,1,3,1,353,399,0
55,1,1,4,1,0,22453,NA,NA,NA,NA,NA,1,0,0,NA
58,1,1,2,1,0,22633,30,1,1,1,NA,0,23,0,0
43,0,0,4,2,0,26453,60,0,1,2,2,1,209,280,0
NA,NA,0,1,3,0,29670,110,0,1,1,1,0,415,446,0
45,1,1,4,1,0,25828,46,0,2,2,1,1,184,255,0
46,1,1,1,1,0,25758,92,0,1,2,3,0,448,400,0
52,0,0,3,3,0,29558,44,1,1,1,2,1,138,158,0
50,1,1,4,1,0,21553,NA,NA,NA,NA,NA,1,0,0,NA
46,0,0,3,3,0,29366,75,0,3,1,1,1,268,379,0
48,1,1,1,1,0,20609,81,0,1,2,2,0,385,359,0
34,1,0,4,2,0,28864,42,0,1,2,2,1,158,196,0
41,0,1,3,1,0,23387,106,0,3,1,1,1,426,479,0
55,1,0,3,2,0,26256,16,1,3,1,NA,1,11,0,0
37,1,0,3,2,0,26173,61,0,1,1,1,1,234,314,0
41,1,0,3,2,0,27948,52,0,1,2,2,1,214,244,0
51,1,1,4,1,0,23232,34,1,3,2,3,1,128,185,0
42,0,0,1,3,0,29403,56,0,1,2,2,0,761,809,0
46,1,0,3,2,0,27284,NA,NA,NA,NA,NA,1,0,0,NA
54,0,1,2,1,0,24243,410,0,1,3,3,0,155,198,0
47,1,0,4,2,0,26376,87,0,5,1,1,1,282,291,0
45,0,1,3,1,0,24259,26,1,2,3,3,1,112,251,0
50,1,1,4,1,0,23173,103,0,3,1,1,1,359,317,0
45,1,0,3,3,0,29390,107,0,3,1,1,1,393,385,0
54,1,1,3,1,0,21612,53,1,4,3,3,1,203,260,0
45,1,1,1,1,0,22658,98,0,1,2,2,0,469,455,0
NA,1,1,3,1,0,25754,65,0,2,1,3,1,253,260,0
53,0,1,3,1,0,25479,32,0,3,1,NA,1,23,0,0
50,1,0,4,2,0,28705,101,0,5,1,2,1,309,305,0
50,0,1,1,1,0,24270,48,1,1,2,2,0,213,299,0
60,1,0,3,2,0,27056,NA,NA,NA,NA,NA,1,0,0,NA
45,1,0,2,2,0,26237,45,0,3,3,3,0,192,225,0
48,0,1,1,1,0,24104,82,0,1,1,2,0,376,413,0
48,1,0,1,2,0,27064,84,0,1,2,1,0,772,724,0
51,1,1,4,1,0,25616,30,1,3,1,1,1,103,218,0
41,1,0,3,2,0,28739,71,0,1,1,2,1,573,534,0
44,1,1,2,1,0,20232,91,0,3,2,2,0,407,502,0
48,1,0,4,2,0,28907,85,0,1,1,1,1,271,280,0
38,1,1,3,1,0,25184,48,0,1,1,1,1,216,287,0
NA,1,0,4,2,0,26233,63,0,3,3,3,1,250,221,0
46,1,0,3,2,0,27281,225,0,1,3,3,1,413,466,0
48,1,0,1,3,0,29649,32,1,1,1,1,0,543,590,0
44,1,1,1,1,0,24436,6,1,1,2,3,0,62,146,0
45,1,0,3,2,0,26758,51,0,2,1,2,1,198,313,0
49,1,0,3,2,0,26672,58,0,1,3,3,1,596,606,0
51,1,0,3,2,0,27782,66,0,1,1,NA,1,71,0,0
46,1,1,3,1,0,21155,42,0,2,1,1,1,166,186,0
45,0,0,4,2,0,28552,43,0,3,3,3,1,148,238,0
36,1,0,3,3,0,29565,57,0,1,3,3,1,235,277,0
40,0,0,1,3,0,29006,40,0,1,3,3,0,184,191,0
38,1,1,1,1,0,23265,110,0,4,1,1,0,535,466,0
47,1,1,4,1,0,20639,48,0,3,1,3,1,592,556,0
49,1,1,3,1,0,21273,85,0,3,3,3,1,335,383,0
48,1,0,3,2,0,26545,39,0,5,1,NA,1,28,0,0
55,1,0,3,3,0,29206,56,1,3,3,3,1,184,290,0
50,1,1,2,1,0,24539,181,0,1,1,NA,0,82,0,0
45,0,0,4,2,0,27237,80,0,5,3,3,1,273,382,0
43,0,1,2,1,0,22508,81,0,1,1,1,0,346,328,0
54,0,1,1,1,0,24379,41,1,1,3,3,0,179,198,0
50,1,1,1,1,0,25121,NA,NA,NA,NA,NA,0,0,0,NA
42,1,0,4,2,0,28412,43,0,4,1,2,1,162,196,0
40,1,1,2,1,0,23511,66,0,2,2,2,0,308,300,0
50,0,1,3,1,0,26147,74,0,2,1,1,1,730,659,0
47,1,0,4,2,0,26302,71,0,1,2,3,1,396,399,0
52,1,1,1,1,0,21862,NA,NA,NA,NA,NA,0,0,0,NA
48,1,1,4,1,0,24145,NA,NA,NA,NA,NA,1,0,0,NA
56,1,0,2,2,0,28752,NA,NA,NA,NA,NA,0,0,0,NA
62,1,0,1,2,0,26895,72,0,1,1,NA,0,46,0,0
43,1,0,2,2,0,28773,50,0,2,1,1,0,566,598,0
45,0,1,1,1,0,20197,70,0,3,2,3,0,1092,985,0
44,1,1,3,1,0,21564,99,0,1,3,3,1,463,423,0
58,1,0,3,2,0,28236,48,1,2,2,2,1,150,204,0
55,1,1,4,1,0,20560,57,0,3,1,NA,1,53,0,0
60,1,1,2,1,0,24731,50,0,1,1,NA,0,33,0,0
49,1,1,1,1,0,21798,78,0,1,3,3,0,367,363,0
31,1,0,3,2,0,28989,97,0,2,1,3,1,364,347,0
44,1,1,2,1,0,25150,46,0,1,3,3,0,215,227,0
58,0,0,1,3,0,29371,83,0,1,3,3,0,292,300,0
55,1,1,3,1,0,25705,51,1,2,1,1,1,176,265,0
47,1,0,2,3,0,29036,20,1,1,3,3,0,951,966,0
48,1,0,4,2,0,26489,71,0,3,1,2,1,234,307,0
54,1,0,4,2,0,27681,44,1,4,1,1,1,127,185,0
45,0,1,3,1,0,24934,77,0,2,1,1,1,306,300,0
38,0,0,1,2,0,27845,74,0,1,1,2,0,326,309,0
46,1,1,3,1,0,25190,44,0,2,3,3,1,187,342,0
50,1,1,1,1,0,23872,59,0,1,3,3,0,906,859,0
52,1,1,2,1,0,22800,88,0,1,1,2,0,355,391,0
48,1,0,2,3,0,29777,90,0,1,1,3,0,357,347,0
46,1,1,1,1,0,25626,148,0,1,3,3,0,727,768,0
61,1,0,3,2,0,27378,NA,NA,NA,NA,NA,1,0,0,NA
47,1,1,1,1,0,20706,36,1,1,3,3,0,184,232,0
46,1,0,3,2,0,27167,68,0,1,1,NA,1,49,0,0
52,1,1,2,1,0,21917,76,0,1,2,2,0,888,858,0
41,0,0,4,2,0,27201,44,0,4,3,3,1,153,299,0
54,1,1,2,1,0,24885,NA,NA,NA,NA,NA,0,0,0,NA
48,1,1,1,1,0,20392,44,0,1,3,3,0,222,300,0
50,1,1,3,1,0,20202,105,0,1,1,2,1,430,452,0
51,1,0,1,2,0,28592,70,0,1,3,3,0,292,315,0
39,1,0,3,3,0,29007,40,0,3,1,1,1,165,251,0
43,1,1,2,1,0,25668,163,0,1,2,3,0,940,870,0
48,0,0,2,2,0,28734,64,0,4,1,1,0,242,408,0
49,1,1,1,1,0,25727,48,0,2,3,3,0,237,291,0
50,1,1,3,1,0,20741,178,0,1,3,3,1,437,410,0
38,1,0,3,2,0,28683,41,0,1,3,2,1,172,219,0
50,1,0,3,2,0,28413,403,0,1,1,2,1,135,166,0
NA,0,1,4,1,0,25564,77,0,5,2,NA,1,58,0,0
47,0,0,4,2,0,28182,103,0,5,1,1,1,319,385,0
45,0,0,4,3,0,29065,NA,NA,NA,NA,NA,1,0,0,NA
64,1,0,3,2,0,26581,60,0,2,1,NA,1,27,0,0
44,0,0,2,2,0,26527,54,0,1,1,1,0,212,217,0
57,1,1,2,1,0,25229,NA,NA,NA,NA,NA,0,0,0,NA
48,0,1,3,1,0,26145,21,0,2,3,NA,1,17,0,0
52,1,1,1,1,0,22818,57,1,1,1,1,0,597,592,0
39,1,0,3,2,0,27108,94,0,1,3,3,1,648,614,0
49,1,0,3,2,0,27438,81,0,1,2,2,1,288,349,0
39,1,1,1,1,0,23389,92,0,2,1,1,0,450,452,0
51,1,0,1,2,0,28493,NA,NA,NA,NA,NA,0,0,0,NA
38,0,1,3,1,0,21573,57,0,1,1,2,1,240,357,0
40,1,0,2,2,0,26882,46,0,1,3,3,0,518,480,0
36,1,1,2,1,0,23679,400,0,3,2,3,0,188,258,0
56,1,1,2,1,0,25977,NA,NA,NA,NA,NA,0,0,0,NA
56,0,1,2,1,0,25806,NA,NA,NA,NA,NA,0,0,0,NA
55,1,0,3,2,0,27142,66,1,1,1,1,1,206,275,0
34,1,1,1,1,0,23476,81,0,1,2,3,0,406,383,0
51,1,1,3,1,0,20754,38,1,4,1,1,1,141,226,0
55,1,1,3,1,0,20768,136,0,1,2,3,1,642,630,0
45,1,1,1,1,0,21706,398,0,1,3,2,0,194,226,0
50,0,1,2,1,0,24187,97,0,2,1,1,0,503,506,0
44,1,0,3,3,0,29686,26,1,3,2,2,1,116,135,0
45,1,1,2,1,0,25068,64,0,1,3,3,0,296,334,0
56,1,0,4,2,0,28406,NA,NA,NA,NA,NA,1,0,0,NA
47,1,1,1,1,0,25683,50,0,1,1,1,0,235,278,0
47,1,1,1,1,0,22763,44,0,1,2,2,0,994,869,0
NA,1,1,2,1,0,25721,34,0,1,2,NA,0,29,0,0
43,0,1,1,1,0,21806,81,0,1,3,3,0,386,412,0
42,1,1,2,1,0,21208,38,0,1,1,3,0,173,204,0
53,1,0,3,2,0,26619,640,0,1,3,3,1,212,380,0
51,1,1,4,1,0,25919,46,1,5,1,1,1,154,198,0
48,1,1,4,1,0,22513,45,0,3,1,2,1,166,207,0
45,1,1,3,1,0,24482,41,0,2,2,3,1,189,306,0
43,0,0,3,3,0,29005,NA,NA,NA,NA,NA,1,0,0,NA
51,0,1,1,1,0,22589,70,0,1,1,1,0,612,572,0
50,1,1,1,1,0,24089,60,0,1,3,3,0,291,427,0
60,1,1,3,1,0,25046,52,1,2,1,2,1,1065,1025,0
47,1,0,4,2,0,26986,41,0,5,1,1,1,137,210,0
50,1,0,3,2,0,28687,88,0,1,1,2,1,306,356,0
49,1,1,1,1,0,20937,33,1,2,3,3,0,615,530,0
53,1,1,3,1,0,21896,45,1,2,1,2,1,161,286,0
44,0,1,4,1,0,26090,48,0,5,1,1,1,1078,923,0
40,1,0,4,2,0,28923,101,0,5,2,2,1,358,351,0
41,1,1,2,1,0,21718,88,0,1,3,3,0,413,465,0
51,1,0,3,2,0,27519,41,1,3,1,1,1,143,167,0
45,1,1,1,1,0,20561,38,0,1,3,3,0,199,271,0
60,1,1,1,1,0,22733,36,1,2,1,NA,0,27,0,0
35,1,1,1,1,0,20662,246,0,1,1,1,0,999,951,0
52,0,1,1,1,0,25527,93,0,1,3,3,0,950,926,0
48,0,0,2,2,0,27722,46,0,1,3,3,0,179,302,0
54,1,0,1,2,0,26938,39,1,1,1,3,0,839,829,0
52,0,1,3,1,0,25963,37,1,2,1,1,1,132,194,0
49,1,1,4,1,0,23444,107,0,4,1,1,1,373,515,0
47,1,0,3,3,0,29625,102,0,3,1,1,1,366,363,0
58,1,1,4,1,0,22265,NA,NA,NA,NA,NA,1,0,0,NA
50,1,1,2,1,0,25195,NA,NA,NA,NA,NA,0,0,0,NA
50,1,0,4,2,0,28610,101,0,5,1,1,1,311,355,0
NA,1,1,4,1,0,23245,14,1,2,1,NA,1,11,0,0
56,1,0,2,2,0,26923,87,0,1,3,3,0,302,322,0
53,1,0,4,2,0,28039,NA,NA,NA,NA,NA,1,0,0,NA
48,1,0,1,2,0,28585,87,0,1,2,2,0,385,491,0
53,1,1,4,1,0,26144,63,0,2,1,1,1,201,308,0
51,0,0,4,2,0,27409,107,0,5,1,1,1,315,287,0
55,1,0,4,2,0,28128,82,0,3,1,NA,1,63,0,0
42,1,0,4,2,0,27843,46,0,4,2,3,1,172,189,0
43,1,0,1,2,0,28519,50,0,1,3,3,0,236,306,0
33,1,1,1,1,0,23747,43,0,1,1,1,0,215,272,0
50,0,0,3,3,0,29395,NA,NA,NA,NA,NA,1,0,0,NA
58,1,1,4,1,0,24983,20,1,1,1,NA,1,13,0,0
50,1,1,3,1,0,23993,92,0,3,3,3,1,355,385,0
49,1,0,4,2,0,28802,NA,NA,NA,NA,NA,1,0,0,NA
39,0,0,2,3,0,29202,75,0,1,3,3,0,311,286,0
45,0,1,3,1,0,26155,50,0,2,2,2,1,201,353,0
34,0,1,2,1,0,24387,108,0,1,2,3,0,479,425,0
49,1,1,1,1,0,22246,100,0,3,1,1,0,450,428,0
42,1,1,3,1,0,23750,41,0,3,3,3,1,183,188,0
50,1,1,4,1,0,22548,63,0,3,1,NA,1,44,0,0
38,1,1,2,1,0,24215,86,0,1,3,3,0,399,434,0
46,1,0,3,2,0,28121,151,0,1,1,2,1,805,714,0
51,0,1,2,1,0,23564,76,0,3,1,1,0,303,293,0
44,0,0,3,3,0,29139,48,0,1,2,NA,1,36,0,0
43,1,1,1,1,0,22580,55,0,2,3,3,0,279,316,0
40,0,1,2,1,0,23868,98,0,1,3,3,0,607,611,0
49,1,1,1,1,0,21565,NA,NA,NA,NA,NA,0,0,0,NA
NA,NA,0,3,2,0,26198,116,0,1,2,3,1,560,580,0
43,1,1,4,1,0,24409,60,0,3,1,2,1,241,344,0
47,1,1,1,1,0,24926,204,0,1,3,3,0,889,804,0
52,1,0,1,3,0,29237,84,0,1,3,3,0,344,321,0
46,0,0,3,2,0,26597,58,0,1,1,1,1,210,276,0
42,1,0,3,2,0,27971,87,0,1,3,3,1,336,348,0
48,1,0,4,2,0,28551,NA,NA,NA,NA,NA,1,0,0,NA
50,1,1,4,1,0,21469,96,0,4,1,1,1,468,441,0
62,1,1,3,1,0,24032,35,1,2,1,NA,1,20,0,0
51,1,1,2,1,0,22522,88,0,2,1,1,0,507,521,0
57,1,0,1,2,0,27618,NA,NA,NA,NA,NA,0,0,0,NA
44,1,1,1,1,0,22516,80,0,1,3,3,0,395,347,0
44,1,1,2,1,0,25266,83,0,1,2,3,0,377,376,0
46,0,1,3,1,0,21166,69,0,3,1,1,1,263,283,0
50,0,1,3,1,0,22995,54,0,3,2,2,1,206,240,0
47,1,1,1,1,0,23863,159,0,1,3,3,0,1049,939,0
41,0,1,2,1,0,23663,72,0,1,1,2,0,1124,951,0
43,1,1,2,1,0,20709,41,0,1,3,3,0,1118,968,0
37,1,0,3,2,0,26760,93,0,3,3,3,1,366,350,0
49,1,0,4,2,0,27724,51,0,5,1,NA,1,54,0,0
52,1,1,1,1,0,22821,34,1,1,1,2,0,155,231,0
47,1,1,2,1,0,23088,42,0,2,1,1,0,197,310,0
43,0,1,3,1,0,21176,24,1,4,1,3,1,110,163,0
55,1,1,1,1,0,24982,60,1,1,3,3,0,517,475,0
48,1,1,3,1,0,25031,78,0,2,3,3,1,313,329,0
52,1,1,2,1,0,22905,36,0,3,1,NA,0,30,0,0
51,1,0,4,2,0,26546,69,0,5,3,3,1,215,324,0
53,0,1,2,1,0,24951,111,0,1,3,3,0,433,403,0
58,1,0,3,2,0,28850,148,0,1,1,NA,1,77,0,0
NA,1,0,3,2,0,28632,44,1,2,3,2,1,181,182,0
43,1,1,1,1,0,22456,64,0,1,1,2,0,316,342,0
NA,1,0,4,2,0,26582,23,1,5,1,NA,1,18,0,0
48,1,1,4,1,0,22707,36,0,3,1,NA,1,27,0,0
43,1,0,1,3,0,29200,43,0,1,1,1,0,498,647,0
NA,NA,0,3,2,0,28678,31,1,3,1,NA,1,26,0,0
42,0,1,1,1,0,23285,151,0,1,3,3,0,622,620,0
39,1,1,4,1,0,21047,83,0,2,3,3,1,329,327,0
46,1,0,4,2,0,26196,71,0,3,3,3,1,244,302,0
49,1,1,4,1,0,26118,81,0,3,1,NA,1,56,0,0
45,1,0,2,3,0,29066,83,0,1,1,NA,0,67,0,0
51,1,0,3,2,0,26323,68,0,1,2,3,1,438,451,0
43,1,0,2,2,0,27266,48,0,1,3,3,0,206,236,0
44,1,0,1,2,0,26650,44,0,3,2,2,0,214,289,0
56,1,1,3,1,0,21969,84,0,4,1,1,1,546,517,0
38,1,1,2,1,0,21475,44,0,3,2,2,0,221,314,0
51,1,0,3,2,0,28018,261,0,1,2,3,1,739,627,0
56,1,1,1,1,0,20645,58,0,1,2,NA,0,50,0,0
53,1,1,4,1,0,23115,50,1,4,2,3,1,176,191,0
51,1,0,1,2,0,27317,82,0,4,2,2,0,342,377,0
45,1,0,4,2,0,28520,44,0,5,1,3,1,153,203,0
46,1,1,1,1,0,21602,86,0,1,1,1,0,405,410,0
49,1,1,4,1,0,24650,41,1,1,2,2,1,165,194,0
41,1,0,4,3,0,29745,100,0,3,2,2,1,353,510,0
42,1,1,1,1,0,25681,89,0,1,2,2,0,445,446,0
NA,0,0,3,3,0,29163,107,0,3,1,1,1,406,430,0
55,1,1,1,1,0,24200,NA,NA,NA,NA,NA,0,0,0,NA
53,1,0,3,2,0,27238,50,1,1,3,3,1,181,211,0
37,1,1,3,1,0,24883,81,0,3,1,1,1,334,335,0
43,0,1,2,1,0,22656,NA,NA,NA,NA,NA,0,0,0,NA
56,1,1,2,1,0,25540,61,0,1,1,NA,0,46,0,0
40,0,0,4,2,0,26564,41,0,4,1,2,1,135,228,0
53,1,0,4,2,0,27692,50,1,4,1,1,1,142,250,0
49,1,0,1,2,0,26878,83,0,1,1,1,0,353,368,0
47,1,1,1,1,0,22655,106,0,1,3,3,0,499,455,0
42,1,1,2,1,0,22207,142,0,1,3,3,0,899,823,0
63,1,1,1,1,0,22146,46,1,1,2,2,0,173,207,0
42,1,1,1,1,0,22642,40,0,1,1,1,0,207,273,0
48,1,1,4,1,0,24773,118,0,4,2,2,1,412,410,0
41,1,1,1,1,0,21159,19,1,1,3,3,0,122,177,0
40,0,1,2,1,0,25357,114,0,1,2,2,0,1350,1210,0
51,1,0,2,2,0,27957,56,0,1,1,NA,0,43,0,0
51,0,0,2,3,0,29630,148,0,1,1,1,0,808,721,0
62,1,0,4,2,0,27112,49,1,4,2,2,1,112,215,0
47,0,0,2,2,0,28484,76,0,2,1,2,0,430,455,0
NA,0,0,3,3,0,29560,89,0,1,2,3,1,347,416,0
54,1,1,2,1,0,23975,NA,NA,NA,NA,NA,0,0,0,NA
46,1,1,2,1,0,24035,87,0,1,2,2,0,384,454,0
41,1,0,4,2,0,28748,101,0,2,1,2,1,343,326,0
51,1,1,4,1,0,22949,NA,NA,NA,NA,NA,1,0,0,NA
40,0,0,4,2,0,27325,62,0,4,1,1,1,201,265,0
52,1,1,1,1,0,25398,68,0,1,2,NA,0,61,0,0
59,1,1,3,1,0,25179,NA,NA,NA,NA,NA,1,0,0,NA
54,1,0,3,2,0,26955,78,0,1,2,2,1,255,290,0
49,1,0,4,2,0,28732,103,0,5,1,1,1,321,328,0
45,1,1,1,1,0,21059,88,0,1,2,2,0,432,432,0
44,1,1,1,1,0,25306,53,0,2,3,3,0,267,382,0
36,1,0,1,3,0,29600,87,0,1,1,2,0,393,406,0
46,1,1,1,1,0,22379,97,0,1,1,1,0,462,505,0
56,1,0,1,3,0,29520,87,0,1,3,3,0,342,441,0
49,1,1,3,1,0,20498,157,0,3,2,2,1,776,810,0
47,1,1,3,1,0,24134,81,0,2,1,NA,1,64,0,0
45,0,0,3,2,0,27925,50,0,2,1,1,1,175,282,0
34,1,0,3,3,0,29462,135,0,3,2,3,1,439,426,0
47,1,1,3,1,0,22060,77,0,3,1,1,1,300,319,0
53,1,1,4,1,0,21368,40,1,4,1,1,1,133,198,0
44,1,0,4,2,0,28650,72,0,3,1,1,1,242,253,0
51,1,1,1,1,0,24344,49,1,1,3,3,0,235,350,0
49,1,1,3,1,0,24795,462,0,1,2,2,1,184,249,0
39,1,0,2,2,0,28372,48,0,1,2,2,0,209,300,0
40,1,0,4,2,0,28272,42,0,3,1,2,1,155,192,0
48,1,1,1,1,0,21888,64,0,1,3,3,0,311,309,0
55,1,1,2,1,0,24632,171,0,1,1,1,0,680,597,0
47,1,0,4,2,0,27074,46,0,1,1,2,1,475,514,0
51,1,1,1,1,0,22366,83,0,2,1,1,0,372,352,0
45,1,1,2,1,0,24287,101,0,1,1,1,0,435,416,0
46,0,0,4,2,0,27693,25,1,3,1,1,1,73,91,0
42,1,0,4,2,0,28646,102,0,5,2,2,1,354,514,0
40,1,1,4,1,0,24378,50,0,2,1,1,1,191,221,0
52,1,0,2,2,0,27988,53,1,1,3,3,0,206,264,0
61,1,0,2,3,0,29017,69,0,1,1,NA,0,41,0,0
50,1,0,4,2,0,27128,41,1,5,1,3,1,132,134,0
33,0,0,4,2,0,26979,62,0,4,3,3,1,216,332,0
57,1,0,3,2,0,28067,NA,NA,NA,NA,NA,1,0,0,NA
51,0,1,2,1,0,21127,92,0,1,3,3,0,1503,1279,0
34,1,0,3,3,0,29677,57,0,3,1,1,1,219,262,0
43,1,1,2,1,0,25825,47,0,1,1,2,0,208,253,0
39,0,1,3,1,0,20940,74,0,2,1,1,1,309,415,0
45,1,0,4,2,0,26697,31,1,5,1,3,1,109,220,0
52,1,1,1,1,0,24213,48,1,1,3,3,0,222,414,0
52,1,1,4,1,0,23105,103,0,2,1,2,1,339,305,0
60,1,0,4,2,0,27481,48,1,5,1,3,1,114,270,0
51,0,1,4,1,0,23119,50,1,2,1,2,1,414,405,0
53,1,1,2,1,0,21817,44,1,2,2,3,0,194,221,0
43,1,1,2,1,0,25702,426,0,1,3,3,0,194,368,0
41,1,0,2,2,0,28616,668,0,1,2,3,0,281,330,0
47,0,1,1,1,0,23334,41,1,1,1,3,0,183,223,0
47,1,1,4,1,0,23355,103,0,3,1,1,1,368,371,0
66,1,1,2,1,0,24413,138,0,1,2,3,0,549,544,0
44,1,0,4,2,0,27606,51,0,3,2,2,1,178,304,0
46,1,0,3,3,0,29808,41,0,1,1,1,1,153,187,0
NA,NA,1,4,1,0,23702,40,0,3,1,NA,1,30,0,0
40,1,0,4,2,0,27039,40,0,4,1,1,1,148,224,0
50,1,1,2,1,0,20617,NA,NA,NA,NA,NA,0,0,0,NA
54,1,1,1,1,0,20556,46,1,1,2,3,0,211,273,0
40,1,1,1,1,0,25498,96,0,1,3,3,0,1014,926,0
43,1,1,2,1,0,21834,75,0,1,1,2,0,835,843,0
34,1,1,4,1,0,24410,43,0,5,1,3,1,170,213,0
50,1,0,3,2,0,27691,43,1,3,2,2,1,155,280,0
56,1,1,4,1,0,20565,57,1,3,1,2,1,182,249,0
53,1,0,4,2,0,28202,NA,NA,NA,NA,NA,1,0,0,NA
45,1,0,3,2,0,28343,52,0,1,1,1,1,509,522,0
50,1,0,3,3,0,29269,179,0,1,3,3,1,837,759,0
44,1,0,3,3,0,29102,20,1,3,1,1,1,83,223,0
46,1,1,3,1,0,21439,92,0,1,2,1,1,372,430,0
48,1,0,4,2,0,27381,109,0,3,3,3,1,489,490,0
46,0,0,1,2,0,26497,60,0,1,1,NA,0,49,0,0
36,0,1,2,1,0,24572,56,0,1,3,3,0,269,293,0
50,1,0,4,2,0,26466,NA,NA,NA,NA,NA,1,0,0,NA
45,1,0,3,3,0,29254,75,0,3,3,3,1,288,303,0
41,1,1,1,1,0,26128,128,0,1,2,2,0,856,792,0
44,1,0,1,3,0,29523,93,0,1,2,2,0,424,407,0
56,0,1,3,1,0,23964,176,0,1,3,3,1,1047,887,0
43,1,1,1,1,0,24548,136,0,1,3,3,0,1167,1016,0
57,1,0,1,2,0,28730,NA,NA,NA,NA,NA,0,0,0,NA
39,1,1,1,1,0,22806,75,0,2,1,2,0,379,458,0
52,1,1,2,1,0,21172,NA,NA,NA,NA,NA,0,0,0,NA
37,1,1,1,1,0,21552,95,0,1,3,3,0,916,807,0
42,1,1,4,1,0,20307,51,0,4,3,3,1,206,205,0
53,0,1,3,1,0,22244,83,0,2,1,2,1,280,367,0
52,1,0,1,2,0,28355,89,0,1,3,3,0,912,851,0
59,1,0,1,3,0,29173,61,0,1,1,NA,0,42,0,0
56,1,0,2,3,0,29028,NA,NA,NA,NA,NA,0,0,0,NA
53,1,0,3,3,0,29562,45,1,3,3,3,1,421,481,0
60,1,0,1,2,0,27586,NA,NA,NA,NA,NA,0,0,0,NA
43,1,1,3,1,0,24327,84,0,1,2,3,1,353,323,0
47,1,0,3,2,0,26858,94,0,1,2,2,1,352,340,0
50,1,1,4,1,0,20879,74,0,4,1,2,1,252,328,0
61,1,1,2,1,0,23552,53,0,1,1,NA,0,35,0,0
40,0,0,3,3,0,29283,49,0,3,2,3,1,197,235,0
52,1,0,4,2,0,27104,45,1,2,1,1,1,132,340,0
38,1,0,3,2,0,27968,75,0,3,2,2,1,297,399,0
39,0,1,4,1,0,25623,35,0,3,1,1,1,137,175,0
51,0,0,4,2,0,26374,15,1,3,1,NA,1,8,0,0
52,1,1,1,1,0,20858,73,0,1,1,1,0,317,300,0
NA,NA,0,3,3,0,29096,35,1,3,3,NA,1,28,0,0
42,1,1,4,1,0,25221,81,0,4,1,2,1,307,371,0
41,1,0,4,2,0,26272,69,0,4,2,2,1,253,317,0
61,1,1,3,1,0,24974,130,0,1,2,2,1,418,389,0
57,1,1,1,1,0,23020,91,0,1,2,3,0,372,408,0
48,0,1,3,1,0,25936,73,0,2,1,2,1,284,335,0
37,0,0,1,3,0,29764,203,0,1,1,1,0,727,763,0
41,1,1,2,1,0,24495,92,0,1,1,1,0,562,552,0
51,1,1,1,1,0,26168,101,0,1,2,3,0,464,447,0
42,1,0,2,3,0,29089,94,0,1,2,1,0,405,485,0
42,1,1,1,1,0,21255,21,1,1,1,1,0,104,217,0
45,1,1,1,1,0,21398,40,0,1,2,1,0,207,292,0
44,0,0,3,3,0,28996,413,0,3,1,1,1,140,271,0
49,1,1,1,1,0,23328,125,0,1,2,2,0,966,793,0
48,1,0,4,2,0,27407,45,0,5,2,2,1,160,251,0
57,0,1,1,1,0,23299,44,1,1,2,2,0,176,336,0
54,1,1,2,1,0,24820,93,0,1,2,2,0,372,368,0
36,1,1,2,1,0,22344,107,0,1,3,3,0,498,509,0
39,1,1,2,1,0,20878,143,0,2,1,1,0,528,493,0
54,1,0,1,3,0,29276,23,1,1,1,NA,0,19,0,0
53,0,0,4,2,0,26941,74,0,5,3,3,1,583,560,0
54,0,0,1,3,0,29458,84,0,1,1,2,0,444,480,0
45,1,1,3,1,0,24388,151,0,2,2,2,1,512,526,0
49,1,1,3,1,0,22118,NA,NA,NA,NA,NA,1,0,0,NA
55,1,0,2,2,0,27320,85,0,1,3,3,0,684,580,0
44,0,1,1,1,0,21279,91,0,1,3,2,0,672,582,0
49,1,0,4,2,0,28724,NA,NA,NA,NA,NA,1,0,0,NA
46,1,0,3,2,0,27512,85,0,3,1,3,1,311,402,0
44,0,0,3,2,0,28050,83,0,1,3,3,1,312,321,0
62,1,0,4,2,0,28189,13,1,1,1,2,1,33,136,0
45,0,0,1,2,0,26887,42,0,1,1,3,0,180,259,0
44,1,1,4,1,0,22016,63,0,4,2,3,1,248,245,0
NA,1,1,4,1,0,22524,46,0,4,1,1,1,187,232,0
44,1,1,3,1,0,24775,49,0,2,1,1,1,202,217,0
58,0,1,1,1,0,20144,30,1,1,3,3,0,125,220,0
52,1,1,1,1,0,23117,141,0,1,3,3,0,1087,1059,0
41,1,1,1,1,0,23411,101,0,1,2,3,0,495,472,0
53,1,1,2,1,0,24042,84,0,4,1,1,0,330,326,0
56,0,0,3,3,0,29457,NA,NA,NA,NA,NA,1,0,0,NA
52,1,1,4,1,0,25741,33,1,3,2,2,1,125,220,0
51,0,1,4,1,0,21406,36,1,2,1,2,1,112,150,0
35,1,0,1,3,0,29227,61,0,1,2,3,0,577,516,0
47,1,0,1,2,0,28912,42,0,1,2,2,0,192,246,0
56,1,1,3,1,0,25285,63,1,1,2,2,1,1268,1075,0
49,0,1,3,1,0,22794,62,0,2,3,2,1,573,509,0
52,1,1,3,1,0,21455,39,0,4,1,NA,1,29,0,0
42,1,0,3,2,0,26913,809,0,1,1,3,1,296,377,0
53,1,0,4,2,0,28581,63,0,5,3,2,1,194,263,0
44,1,1,1,1,0,23674,23,1,1,2,3,0,1106,942,0
42,1,1,4,1,0,24665,66,0,5,3,2,1,495,550,0
52,1,1,1,1,0,23907,65,0,2,2,2,0,298,354,0
52,0,1,3,1,0,20604,47,1,3,3,3,1,1005,914,0
52,1,1,3,1,0,22771,104,0,3,1,1,1,428,420,0
50,1,1,1,1,0,21502,161,0,1,1,NA,0,108,0,0
51,0,1,1,1,0,20068,458,0,2,2,2,0,198,224,0
53,1,1,3,1,0,24255,107,0,4,2,2,1,391,417,0
47,1,1,3,1,0,21847,73,0,1,3,3,1,569,508,0
60,0,1,1,1,0,20013,45,1,1,3,3,0,178,233,0
41,0,1,3,1,0,23112,91,0,1,3,3,1,373,373,0
47,0,1,1,1,0,24672,130,0,1,1,1,0,969,894,0
46,1,1,4,1,0,21550,85,0,3,2,2,1,313,330,0
47,0,0,4,2,0,26803,70,0,5,1,1,1,215,367,0
43,1,1,3,1,0,25325,111,0,4,1,1,1,444,435,0
43,0,1,3,1,0,23632,45,0,4,1,2,1,184,184,0
52,1,1,1,1,0,21506,100,0,1,1,1,0,447,439,0
50,1,1,3,1,0,24324,71,0,1,3,3,1,286,337,0
42,1,0,3,3,0,29379,83,0,3,1,1,1,313,309,0
47,1,1,3,1,0,23203,22,1,2,1,1,1,94,224,0
36,0,0,1,2,0,28076,76,0,1,2,3,0,632,663,0
56,1,0,2,2,0,28255,38,0,1,1,NA,0,26,0,0
53,1,1,2,1,0,20117,87,0,1,2,2,0,353,389,0
48,1,1,3,1,0,20805,115,0,1,1,2,1,487,472,0
51,1,1,4,1,0,23601,47,1,4,1,3,1,160,308,0
48,1,1,4,1,0,20804,32,1,3,1,3,1,116,249,0
46,1,0,4,2,0,28590,45,0,3,1,1,1,148,196,0
49,0,1,3,1,0,23947,53,0,1,2,3,1,210,317,0
49,0,1,3,1,0,24973,21,1,1,2,2,1,95,174,0
47,1,1,4,1,0,24332,NA,NA,NA,NA,NA,1,0,0,NA
34,1,0,3,2,0,26531,13,0,2,1,1,1,54,188,0
42,0,0,3,3,0,29646,82,0,1,2,3,1,315,346,0
40,1,1,4,1,0,20478,43,0,1,1,3,1,174,264,0
48,1,1,2,1,0,20993,71,0,1,2,3,0,318,370,0
48,1,1,4,1,0,23649,61,0,3,1,1,1,220,388,0
43,1,1,4,1,0,20116,43,0,3,1,2,1,173,216,0
51,1,1,4,1,0,22896,46,1,4,1,1,1,169,210,0
41,0,1,1,1,0,22710,47,0,1,1,1,0,234,276,0
57,1,0,1,2,0,27496,46,1,1,1,1,0,170,244,0
42,1,1,3,1,0,25880,103,0,3,1,1,1,416,400,0
48,1,0,4,2,0,27193,34,0,5,1,NA,1,22,0,0
NA,0,1,1,1,0,23937,75,0,1,2,2,0,291,296,0
48,1,1,1,1,0,22006,87,0,1,1,1,0,400,355,0
47,1,0,1,2,0,26267,26,1,5,1,1,0,116,285,0
50,0,0,4,2,0,28921,51,0,5,1,1,1,154,241,0
54,1,0,1,3,0,29072,NA,NA,NA,NA,NA,0,0,0,NA
50,1,1,1,1,0,21851,81,0,1,3,3,0,371,401,0
53,1,1,4,1,0,23263,46,1,4,1,2,1,163,274,0
62,1,1,2,1,0,23607,76,1,1,3,3,0,644,606,0
43,1,1,1,1,0,23825,32,0,1,3,2,0,174,227,0
51,1,0,3,2,0,26647,45,1,1,1,2,1,150,212,0
48,0,1,4,1,0,25838,50,0,3,1,1,1,163,191,0
56,1,1,2,1,0,23487,107,0,2,3,3,0,404,384,0
52,1,1,3,1,0,23388,NA,NA,NA,NA,NA,1,0,0,NA
51,1,1,4,1,0,24067,100,0,2,2,2,1,341,384,0
50,1,1,1,1,0,22722,115,0,1,2,2,0,616,610,0
48,0,1,2,1,0,22731,86,0,1,2,3,0,373,571,0
56,1,1,1,1,0,25133,NA,NA,NA,NA,NA,0,0,0,NA
47,1,1,1,1,0,21425,56,0,1,2,3,0,273,404,0
48,1,0,3,2,0,28280,87,0,1,2,2,1,315,412,0
47,1,1,2,1,0,24322,75,0,4,2,2,0,1502,1323,0
55,1,0,3,3,0,29309,52,0,3,1,NA,1,53,0,0
38,1,1,4,1,0,22499,40,0,3,1,1,1,163,265,0
48,1,1,1,1,0,23192,28,1,3,2,2,0,144,262,0
45,1,0,2,3,0,29094,91,0,1,3,3,0,374,358,0
42,0,0,4,2,0,26365,67,0,4,1,3,1,230,238,0
56,0,0,3,3,0,29731,40,1,3,1,3,1,114,175,0
47,1,0,3,3,0,29752,81,0,3,1,1,1,289,304,0
52,1,1,4,1,0,21183,46,1,2,1,2,1,161,281,0
40,1,1,4,1,0,20111,63,0,4,2,2,1,272,373,0
47,1,0,1,2,0,26557,95,0,3,3,3,0,522,463,0
48,1,1,4,1,0,24612,36,1,4,1,1,1,134,246,0
37,0,0,3,3,0,29421,49,0,1,3,2,1,202,272,0
50,1,0,4,2,0,26399,52,0,4,1,1,1,163,200,0
56,1,1,4,1,0,20583,66,1,3,1,1,1,197,272,0
47,1,1,3,1,0,21956,NA,NA,NA,NA,NA,1,0,0,NA
42,1,1,3,1,0,26099,78,0,1,2,2,1,326,354,0
38,1,0,4,2,0,28145,58,0,5,2,2,1,212,280,0
42,0,1,2,1,0,23625,61,0,1,3,3,0,273,355,0
38,1,1,4,1,0,21283,42,0,3,1,1,1,180,312,0
57,0,1,1,1,0,23665,87,0,1,2,2,0,342,389,0
53,0,0,4,2,0,27536,78,0,3,1,NA,1,42,0,0
49,0,1,1,1,0,24462,45,1,1,1,1,0,198,218,0
45,1,1,4,1,0,24431,49,0,3,3,3,1,191,206,0
43,1,1,2,1,0,22990,101,0,1,2,2,0,455,444,0
54,1,0,3,2,0,28891,99,0,1,1,1,1,310,404,0
48,1,0,2,2,0,26855,42,1,1,1,2,0,168,196,0
42,1,1,4,1,0,20029,86,0,5,1,1,1,335,382,0
NA,1,1,2,1,0,24094,36,1,1,2,3,0,665,577,0
51,0,0,3,3,0,29291,62,0,1,1,2,1,662,600,0
39,0,0,4,2,0,27356,44,0,5,2,2,1,158,236,0
50,0,1,1,1,0,20729,54,0,4,1,1,0,241,279,0
NA,0,0,4,2,0,26348,112,0,5,1,1,1,408,448,0
42,1,1,1,1,0,23012,41,0,2,3,3,0,217,283,0
34,1,0,2,3,0,29393,31,0,1,3,2,0,142,177,0
52,1,1,2,1,0,23840,73,0,3,1,2,0,292,305,0
48,1,1,3,1,0,22087,85,0,1,1,1,1,328,522,0
36,1,0,3,2,0,26493,85,0,1,2,3,1,335,342,0
44,1,1,2,1,0,21143,113,0,2,1,1,0,489,480,0
49,1,1,3,1,0,24900,NA,NA,NA,NA,NA,1,0,0,NA
NA,NA,1,1,1,0,26071,43,1,2,1,1,0,171,264,0
NA,1,1,4,1,0,22518,45,0,1,2,3,1,190,270,0
57,1,1,1,1,0,23410,43,1,1,3,3,0,857,897,0
52,1,1,3,1,0,22638,52,1,3,2,3,1,201,283,0
51,1,1,3,1,0,23954,76,0,3,3,3,1,747,872,0
41,1,0,3,2,0,27994,76,0,3,1,1,1,283,362,0
41,1,0,3,3,0,29166,108,0,3,1,2,1,410,433,0
48,1,1,1,1,0,23739,101,0,1,2,3,0,665,679,0
57,1,0,3,2,0,26183,31,1,3,1,NA,1,19,0,0
53,1,1,1,1,0,24016,83,0,1,2,3,0,363,317,0
53,0,0,4,2,0,26789,37,1,1,1,1,1,98,177,0
58,1,1,3,1,0,22240,68,0,1,1,NA,1,43,0,0
44,0,1,2,1,0,23629,91,0,4,1,2,0,391,418,0
64,1,1,2,1,0,25496,67,0,1,1,NA,0,39,0,0
46,1,1,3,1,0,25374,101,0,2,2,3,1,409,392,0
57,1,1,2,1,0,21624,37,1,1,3,3,0,150,223,0
55,0,1,2,1,0,21226,39,1,1,1,2,0,143,185,0
43,0,1,3,1,0,24444,69,0,2,1,1,1,278,318,0
52,0,0,4,2,0,28522,101,0,5,2,1,1,302,298,0
38,1,0,4,2,0,28895,43,0,3,1,1,1,149,175,0
48,1,1,2,1,0,22583,105,0,1,2,3,0,459,425,0
44,1,1,3,1,0,20619,75,0,2,3,3,1,536,601,0
41,1,0,3,3,0,29678,21,0,3,2,3,1,108,228,0
49,1,0,4,2,0,28652,50,0,3,1,2,1,393,425,0
40,0,1,2,1,0,21130,96,0,1,1,2,0,426,449,0
40,0,1,4,1,0,22785,41,0,5,2,2,1,161,175,0
56,1,1,3,1,0,22689,46,0,1,2,NA,1,33,0,0
43,1,1,1,1,0,20877,32,0,1,3,3,0,183,245,0
44,0,1,4,1,0,21377,54,0,5,1,1,1,188,207,0
NA,1,1,4,1,0,20813,92,0,4,3,3,1,360,349,0
51,1,1,3,1,0,22732,77,0,1,1,1,1,453,511,0
41,1,0,4,2,0,26332,10,1,5,1,1,1,48,167,0
NA,0,0,2,2,0,26509,129,0,1,1,1,0,433,465,0
47,1,1,4,1,0,21438,173,0,2,1,2,1,413,399,0
53,1,0,4,2,0,27986,45,1,4,1,1,1,130,244,0
56,1,1,1,1,0,23204,NA,NA,NA,NA,NA,0,0,0,NA
45,1,1,2,1,0,24240,88,0,1,2,2,0,838,705,0
54,1,0,1,2,0,27479,42,1,1,2,3,0,182,247,0
52,1,1,4,1,0,22832,104,0,3,1,2,1,356,406,0
49,1,0,4,2,0,26990,33,1,4,2,2,1,113,155,0
60,0,1,3,1,0,21274,60,0,2,1,NA,1,34,0,0
43,0,1,1,1,0,24694,69,0,1,1,2,0,330,321,0
48,1,1,1,1,0,24057,86,0,1,3,3,0,407,436,0
42,1,1,2,1,0,21058,44,0,2,1,2,0,198,202,0
49,1,1,1,1,0,24149,89,0,1,2,3,0,409,421,0
NA,0,1,3,1,0,22469,105,0,3,3,3,1,401,359,0
44,1,1,4,1,0,25233,41,0,3,1,1,1,157,267,0
55,1,0,4,2,0,28762,24,1,1,1,NA,1,13,0,0
47,0,1,1,1,0,20329,79,0,1,3,3,0,1225,1089,0
39,1,1,2,1,0,24362,60,0,2,3,3,0,287,297,0
48,1,1,2,1,0,24685,102,0,3,1,2,0,427,390,0
54,1,1,3,1,0,25873,64,0,1,2,3,1,1159,980,0
46,0,1,2,1,0,24664,11,1,2,3,3,0,531,500,0
49,1,0,1,2,0,28679,67,0,1,3,3,0,291,319,0
NA,1,1,4,1,0,24064,41,0,1,2,3,1,181,281,0
47,1,1,4,1,0,23631,50,0,3,3,3,1,202,308,0
57,1,1,2,1,0,23083,NA,NA,NA,NA,NA,0,0,0,NA
55,1,1,4,1,0,26050,42,1,3,2,2,1,144,260,0
54,1,1,2,1,0,23224,88,0,1,1,2,0,338,314,0
56,0,1,2,1,0,24120,59,1,1,1,2,0,211,320,0
38,1,0,3,2,0,28916,82,0,1,3,3,1,322,330,0
35,0,1,4,1,0,22191,53,0,5,1,1,1,192,204,0
47,1,0,3,3,0,29133,17,0,3,1,NA,1,13,0,0
46,1,0,2,2,0,27058,107,0,2,1,2,0,421,449,0
45,1,1,3,1,0,25253,85,0,4,3,3,1,358,378,0
53,0,1,3,1,0,20577,40,1,3,1,1,1,141,265,0
46,1,1,1,1,0,20118,41,0,1,3,3,0,205,213,0
49,1,0,4,2,0,26591,38,1,5,3,3,1,134,159,0
51,1,0,3,2,0,27549,NA,NA,NA,NA,NA,1,0,0,NA
47,0,1,1,1,0,24339,113,0,1,1,1,0,597,587,0
46,1,1,1,1,0,20226,36,0,1,2,2,0,190,371,0
NA,0,1,3,1,0,22326,44,0,1,1,1,1,157,226,0
45,1,1,1,1,0,24661,131,0,3,1,2,0,1107,997,0
40,1,1,3,1,0,20400,94,0,1,3,3,1,720,650,0
49,1,0,3,3,0,29460,NA,NA,NA,NA,NA,1,0,0,NA
37,1,0,4,2,0,28449,146,0,5,1,1,1,401,404,0
47,1,1,1,1,0,23268,110,0,1,3,3,0,518,497,0
46,1,1,4,1,0,25124,102,0,5,1,1,1,368,356,0
42,1,0,3,2,0,26179,31,0,2,1,1,1,118,196,0
36,1,1,4,1,0,21054,86,0,3,1,2,1,325,422,0
46,0,0,3,2,0,28135,42,0,3,1,1,1,141,238,0
50,0,0,3,2,0,27090,42,1,2,1,2,1,134,275,0
56,1,0,3,2,0,26646,65,1,2,1,1,1,199,338,0
60,1,0,1,3,0,29138,49,1,1,2,2,0,200,266,0
47,1,1,3,1,0,22866,30,1,2,2,3,1,147,216,0
56,1,0,4,2,0,27316,34,1,1,3,NA,1,79,0,0
48,1,0,4,2,0,26193,53,0,3,2,2,1,185,266,0
49,1,1,4,1,0,23282,77,0,2,1,NA,1,53,0,0
44,1,1,2,1,0,25992,97,0,1,2,3,0,432,469,0
39,1,0,3,3,0,29593,43,0,1,1,2,1,174,237,0
53,0,1,4,1,0,22155,44,1,5,1,1,1,133,263,0
42,1,0,4,2,0,26770,24,0,5,1,1,1,90,202,0
40,1,1,1,1,0,24647,156,0,1,2,2,0,597,630,0
50,1,1,1,1,0,22387,115,0,2,2,3,0,657,592,0
37,1,1,4,1,0,20382,73,0,3,1,3,1,476,463,0
46,0,1,2,1,0,24068,81,0,1,3,3,0,659,612,0
55,1,1,2,1,0,20678,154,0,1,3,3,0,552,525,0
45,1,1,1,1,0,20677,105,0,1,3,3,0,505,536,0
49,1,1,1,1,0,22181,61,0,1,3,3,0,295,345,0
59,0,0,3,2,0,28298,19,1,1,1,2,1,49,157,0
39,1,1,3,1,0,26013,60,0,2,3,3,1,264,290,0
